r,l,t,c,precision,recall,f1,sustain_precision,sustain_recall,sustain_f1
0.220762,158,22.202082,59.0,0.629746835443038,0.06962025316455696,0.05485232067510548,0.8734177215189873,0.6139240506329114,0.4873417721518987
-9.778426,158,25.201186,67.0,0.5880801687763713,0.07858649789029536,0.05316455696202531,0.8607594936708861,0.6455696202531646,0.5063291139240507
1.666342,158,28.237678,54.0,0.6635021097046413,0.07489451476793248,0.04641350210970464,0.8734177215189873,0.6392405063291139,0.5126582278481012
-13.197744,158,31.231751,60.0,0.6255274261603375,0.07172995780590717,0.04092827004219409,0.8987341772151899,0.6265822784810127,0.5253164556962026
7.958729,158,34.225847,55.0,0.6650843881856541,0.08860759493670886,0.06571729957805907,0.9113924050632911,0.6708860759493671,0.5822784810126582
-10.558146,158,37.25286,57.0,0.6560126582278482,0.0959915611814346,0.047287522603978296,0.879746835443038,0.5632911392405063,0.4430379746835443
-6.888853,158,40.192672,50.0,0.7003164556962026,0.10443037974683544,0.07302591922845088,0.8607594936708861,0.6708860759493671,0.5316455696202531
-3.715653,158,43.21902,52.0,0.6708860759493671,0.06645569620253164,0.042194092827004225,0.8670886075949367,0.6582278481012658,0.5253164556962026
-1.902792,158,46.245084,62.0,0.6218354430379747,0.0981012658227848,0.07374924653405665,0.9050632911392406,0.6075949367088608,0.5126582278481012
4.424167,158,49.21626,48.0,0.714662447257384,0.08438818565400844,0.05940325497287523,0.879746835443038,0.6518987341772152,0.5316455696202531
-20.880122,158,52.197287,57.0,0.6408227848101266,0.06856540084388185,0.06298975286317059,0.9050632911392406,0.6012658227848101,0.5063291139240507
1.098132,158,55.156479,53.0,0.6719409282700421,0.08016877637130801,0.06793248945147679,0.9177215189873418,0.6075949367088608,0.5253164556962026
-46.556977,158,58.17903,51.0,0.6772151898734177,0.06540084388185653,0.03481012658227848,0.879746835443038,0.5063291139240507,0.3860759493670886
-54.047471,158,61.168983,48.0,0.7046413502109704,0.09071729957805906,0.036919831223628685,0.8924050632911392,0.46835443037974683,0.36075949367088606
-62.527761,158,64.173053,51.0,0.6869198312236287,0.07489451476793248,0.06910789632308618,0.9050632911392406,0.41139240506329117,0.31645569620253167
-80.557004,158,67.114643,55.0,0.6550632911392406,0.06856540084388185,0.0510548523206751,0.8987341772151899,0.3924050632911392,0.2911392405063291
-88.594384,158,70.109821,38.0,0.7658227848101266,0.07067510548523206,0.06582278481012659,0.8670886075949367,0.3987341772151899,0.26582278481012656
-89.291999,158,73.063067,30.0,0.8122362869198313,0.06540084388185653,0.046413502109704644,0.8670886075949367,0.41139240506329117,0.27848101265822783
-105.805082,158,76.107496,28.0,0.8240506329113924,0.06645569620253164,0.058770343580470154,0.8670886075949367,0.3987341772151899,0.26582278481012656
-91.680147,158,79.109349,19.0,0.8818565400843881,0.06962025316455696,0.05379746835443038,0.9113924050632911,0.3924050632911392,0.3037974683544304
-118.099876,158,82.146513,27.0,0.831223628691983,0.06856540084388185,0.0689873417721519,0.9050632911392406,0.3987341772151899,0.3037974683544304
-141.568844,158,85.185541,32.0,0.8003164556962026,0.06698312236286919,0.06645569620253164,0.8481012658227848,0.3924050632911392,0.24050632911392406
-132.798822,158,88.1833,44.0,0.7236286919831224,0.06645569620253164,0.053164556962025315,0.8607594936708861,0.3860759493670886,0.2468354430379747
-151.986594,158,91.171443,32.0,0.8048523206751054,0.07700421940928269,0.07700421940928269,0.8670886075949367,0.36075949367088606,0.22784810126582278
-149.614564,158,94.154813,35.0,0.7848101265822784,0.07067510548523206,0.05358649789029536,0.9050632911392406,0.35443037974683544,0.25949367088607594
-166.26474,158,97.18821,20.0,0.8734177215189873,0.06329113924050633,0.0379746835443038,0.8607594936708861,0.35443037974683544,0.21518987341772153
-180.481023,158,100.413336,33.0,0.8027426160337553,0.0759493670886076,0.06455696202531645,0.8544303797468354,0.34177215189873417,0.1962025316455696
-142.138827,158,103.407258,34.0,0.7869198312236287,0.06856540084388185,0.04430379746835443,0.9050632911392406,0.36075949367088606,0.26582278481012656
-183.440341,158,106.423728,49.0,0.7025316455696202,0.08438818565400844,0.07151898734177216,0.8164556962025317,0.47468354430379744,0.2911392405063291
-192.647389,158,109.445846,61.0,0.63707805907173,0.0970464135021097,0.061497890295358654,0.8227848101265823,0.3924050632911392,0.21518987341772153
-228.992313,158,112.467264,30.0,0.8122362869198313,0.06540084388185653,0.040084388185654005,0.8481012658227848,0.37341772151898733,0.22151898734177214
-118.550854,158,115.533477,67.0,0.580379746835443,0.07700421940928269,0.040958408679927664,0.8354430379746836,0.33544303797468356,0.17088607594936708
-178.729916,158,118.5583,39.0,0.7568565400843882,0.07067510548523206,0.04547920433996384,0.8481012658227848,0.31645569620253167,0.16455696202531644
-198.453931,158,121.56507,27.0,0.8316455696202532,0.06751054852320675,0.04746835443037975,0.879746835443038,0.27848101265822783,0.15822784810126583
-182.716599,158,124.592339,17.0,0.8924050632911392,0.06329113924050633,0.06329113924050633,0.8481012658227848,0.26582278481012656,0.11392405063291139
-122.689955,158,127.542722,15.0,0.9050632911392406,0.06329113924050633,0.06329113924050633,0.8481012658227848,0.43037974683544306,0.27848101265822783
-192.297395,158,130.522345,13.0,0.9198312236286919,0.06540084388185653,0.05274261603375527,0.8860759493670886,0.3037974683544304,0.189873417721519
-238.979619,158,133.452279,40.0,0.7526371308016878,0.07489451476793248,0.06341169379144063,0.8924050632911392,0.27848101265822783,0.17088607594936708
-173.129377,158,136.417844,23.0,0.8556962025316455,0.06962025316455696,0.06540084388185655,0.879746835443038,0.3037974683544304,0.18354430379746836
-282.788878,158,139.462587,62.0,0.6165611814345991,0.08016877637130801,0.017751657625075346,0.8544303797468354,0.25949367088607594,0.11392405063291139
-313.805837,158,142.483341,68.0,0.5822784810126582,0.08016877637130801,0.04547920433996384,0.8607594936708861,0.2911392405063291,0.1518987341772152
-242.987545,158,145.521776,42.0,0.7420886075949367,0.09071729957805906,0.058966244725738394,0.8417721518987342,0.3037974683544304,0.14556962025316456
-254.632427,158,148.547066,62.0,0.6276371308016877,0.0949367088607595,0.054460518384569015,0.8734177215189873,0.2974683544303797,0.17088607594936708
-163.381783,158,151.522557,35.0,0.7837552742616033,0.07172995780590717,0.02531645569620253,0.8860759493670886,0.2721518987341772,0.15822784810126583
-143.359001,158,154.560072,1.0,0.9936708860759493,0.06329113924050633,0.06329113924050633,0.8354430379746836,0.36075949367088606,0.1962025316455696
-224.301866,158,157.60238,32.0,0.8069620253164557,0.0759493670886076,0.07637130801687764,0.8670886075949367,0.31645569620253167,0.18354430379746836
-140.709184,158,160.686297,13.0,0.9208860759493671,0.06645569620253164,0.060126582278481014,0.879746835443038,0.3291139240506329,0.2088607594936709
-218.153089,158,163.732878,6.0,0.9620253164556962,0.06329113924050633,0.06329113924050633,0.8544303797468354,0.2848101265822785,0.13924050632911392
-303.343302,158,166.808492,88.0,0.4639391199517782,0.10917721518987342,0.06553646775165763,0.8670886075949367,0.3037974683544304,0.17088607594936708
-315.752339,158,169.869603,59.0,0.6362869198312237,0.09071729957805906,0.056449668474984935,0.8544303797468354,0.26582278481012656,0.12025316455696203
-282.630201,158,172.905326,58.0,0.6440626883664858,0.08649789029535865,0.02635121559172192,0.8924050632911392,0.26582278481012656,0.15822784810126583
-85.515893,158,175.969844,6.0,0.9620253164556962,0.06329113924050633,0.06329113924050633,0.879746835443038,0.34810126582278483,0.22784810126582278
-134.141855,158,178.995002,0.0,1.0,0.06329113924050633,0.06329113924050633,0.930379746835443,0.310126582278481,0.24050632911392406
-176.697482,158,182.151658,95.0,0.4126582278481013,0.0791139240506329,0.016591320072332733,0.9050632911392406,0.2974683544303797,0.20253164556962025
-329.808565,158,185.300883,59.0,0.6360759493670886,0.08227848101265822,0.05358649789029535,0.8481012658227848,0.2721518987341772,0.12025316455696203
-354.839361,158,188.401097,8.0,0.9493670886075949,0.06329113924050633,0.056962025316455694,0.8291139240506329,0.27848101265822783,0.10759493670886076
-344.368391,158,191.482785,6.0,0.9620253164556962,0.06329113924050633,0.056962025316455694,0.8227848101265823,0.27848101265822783,0.10126582278481013
-334.698672,158,194.571069,2.0,0.990506329113924,0.06645569620253164,0.06645569620253164,0.8227848101265823,0.27848101265822783,0.10126582278481013
-347.387044,158,197.64137,0.0,1.0,0.06329113924050633,0.06329113924050633,0.8227848101265823,0.310126582278481,0.13291139240506328
-349.100597,158,200.719608,0.0,1.0,0.06329113924050633,0.06329113924050633,0.8037974683544303,0.2911392405063291,0.0949367088607595
-372.001141,158,203.846718,0.0,1.0,0.06329113924050633,0.06329113924050633,0.8037974683544303,0.25316455696202533,0.056962025316455694
-394.182087,158,206.939685,0.0,1.0,0.06329113924050633,0.06329113924050633,0.810126582278481,0.26582278481012656,0.0759493670886076
-412.565376,158,209.969465,0.0,1.0,0.06329113924050633,0.06329113924050633,0.7911392405063291,0.2721518987341772,0.06329113924050633
-389.670478,158,213.003695,0.0,1.0,0.06329113924050633,0.06329113924050633,0.7848101265822784,0.26582278481012656,0.05063291139240506
-405.93056,158,216.128573,0.0,1.0,0.06329113924050633,0.06329113924050633,0.7848101265822784,0.25949367088607594,0.04430379746835443
-413.680218,158,219.244316,2.0,0.9873417721518988,0.06329113924050633,0.06329113924050633,0.7911392405063291,0.25316455696202533,0.04430379746835443
-411.21922,158,222.275638,1.0,0.9936708860759493,0.06329113924050633,0.06329113924050633,0.7848101265822784,0.25316455696202533,0.0379746835443038
-388.687375,158,225.326303,4.0,0.9746835443037974,0.06329113924050633,0.06329113924050633,0.7784810126582279,0.26582278481012656,0.04430379746835443
-394.657347,158,228.390044,0.0,1.0,0.06329113924050633,0.06329113924050633,0.7848101265822784,0.2468354430379747,0.03164556962025317
-406.973009,158,231.473812,0.0,1.0,0.06329113924050633,0.06329113924050633,0.7848101265822784,0.25949367088607594,0.04430379746835443
-403.32653,158,234.633564,0.0,1.0,0.06329113924050633,0.06329113924050633,0.7658227848101266,0.2721518987341772,0.0379746835443038
-417.266222,158,237.753995,0.0,1.0,0.06329113924050633,0.06329113924050633,0.7721518987341772,0.25949367088607594,0.03164556962025317
-410.186621,158,240.860919,12.0,0.9293248945147679,0.0759493670886076,0.07067510548523206,0.7658227848101266,0.24050632911392406,0.006329113924050633
-424.554505,158,243.972865,7.0,0.9556962025316456,0.06329113924050633,0.06329113924050633,0.7658227848101266,0.2468354430379747,0.012658227848101266
-419.962642,158,247.045731,14.0,0.9214135021097045,0.08544303797468354,0.07700421940928269,0.7721518987341772,0.25316455696202533,0.02531645569620253
-423.394957,158,250.183928,22.0,0.8628691983122362,0.06962025316455696,0.06645569620253164,0.7721518987341772,0.24050632911392406,0.012658227848101266
-444.280558,158,253.257201,13.0,0.9208860759493671,0.06962025316455696,0.06751054852320675,0.7658227848101266,0.25949367088607594,0.02531645569620253
-427.991845,158,256.373904,10.0,0.9367088607594937,0.06329113924050633,0.06329113924050633,0.7658227848101266,0.2468354430379747,0.012658227848101266
-394.837705,158,259.412246,22.0,0.8660337552742615,0.0759493670886076,0.07067510548523206,0.7658227848101266,0.26582278481012656,0.03164556962025317
-423.024618,158,262.58151,15.0,0.9103375527426161,0.07172995780590717,0.0689873417721519,0.759493670886076,0.2721518987341772,0.03164556962025317
-438.826122,158,265.715469,30.0,0.819620253164557,0.0780590717299578,0.07109704641350212,0.7848101265822784,0.25949367088607594,0.04430379746835443
-434.196307,158,268.774618,31.0,0.8132911392405063,0.07383966244725738,0.0630801687763713,0.7721518987341772,0.26582278481012656,0.0379746835443038
-424.942451,158,271.845704,24.0,0.8523206751054854,0.0759493670886076,0.06329113924050633,0.7658227848101266,0.27848101265822783,0.04430379746835443
-449.000077,158,274.939764,15.0,0.9050632911392406,0.06329113924050633,0.06329113924050633,0.7658227848101266,0.2468354430379747,0.012658227848101266
-431.180312,158,278.044062,15.0,0.9066455696202531,0.06645569620253164,0.06540084388185653,0.759493670886076,0.24050632911392406,0.0
-454.434001,158,281.134455,17.0,0.896097046413502,0.07278481012658228,0.06835443037974684,0.759493670886076,0.2468354430379747,0.006329113924050633
-453.818285,158,284.19026,24.0,0.8481012658227848,0.06329113924050633,0.05063291139240506,0.7658227848101266,0.2468354430379747,0.012658227848101266
-455.600451,158,287.267734,21.0,0.8686708860759493,0.08016877637130801,0.059493670886075954,0.7658227848101266,0.25316455696202533,0.0189873417721519
-455.172601,158,290.327637,33.0,0.8016877637130801,0.08016877637130801,0.04683544303797468,0.7658227848101266,0.24050632911392406,0.006329113924050633
-451.834082,158,293.375548,25.0,0.8454641350210971,0.07278481012658228,0.04050632911392405,0.7658227848101266,0.25316455696202533,0.0189873417721519
-459.482915,158,296.68547,19.0,0.8829113924050633,0.07278481012658228,0.04746835443037975,0.7721518987341772,0.24050632911392406,0.012658227848101266
-422.899601,158,299.799038,26.0,0.8440928270042195,0.08227848101265822,0.0489451476793249,0.7721518987341772,0.2468354430379747,0.0189873417721519
-460.351654,158,302.884146,37.0,0.7832278481012658,0.08544303797468354,0.05063291139240506,0.7784810126582279,0.2468354430379747,0.02531645569620253
-449.645895,158,305.967605,28.0,0.8363471971066907,0.08227848101265822,0.05590717299578058,0.7721518987341772,0.2468354430379747,0.0189873417721519
-449.517467,158,309.094472,32.0,0.8048523206751054,0.08227848101265822,0.0419831223628692,0.759493670886076,0.2468354430379747,0.006329113924050633
-464.336967,158,312.225458,31.0,0.8106540084388184,0.07911392405063292,0.04746835443037975,0.7848101265822784,0.24050632911392406,0.02531645569620253
-435.110265,158,315.303487,32.0,0.8071729957805907,0.08544303797468354,0.04927667269439421,0.7848101265822784,0.24050632911392406,0.02531645569620253
-456.230298,158,318.411869,30.0,0.8164556962025317,0.0759493670886076,0.05274261603375527,0.7911392405063291,0.24050632911392406,0.03164556962025317
-438.229414,158,321.489862,57.0,0.6482067510548523,0.08016877637130801,0.04125979505726341,0.7911392405063291,0.24050632911392406,0.03164556962025317
-435.011251,158,324.555256,47.0,0.7194092827004219,0.10021097046413502,0.06298975286317059,0.810126582278481,0.24050632911392406,0.05063291139240506
-428.949561,158,327.687465,38.0,0.7623417721518988,0.06856540084388185,0.041666666666666664,0.7658227848101266,0.24050632911392406,0.006329113924050633
-412.271416,158,330.834981,48.0,0.7178270042194093,0.10126582278481011,0.06393911995177817,0.7911392405063291,0.24050632911392406,0.03164556962025317
-449.564528,158,333.980683,24.0,0.8625527426160338,0.08544303797468354,0.0731012658227848,0.7911392405063291,0.24050632911392406,0.03164556962025317
-468.207896,158,337.106225,25.0,0.8465189873417721,0.07172995780590717,0.06202531645569621,0.7658227848101266,0.24050632911392406,0.006329113924050633
-482.111307,158,340.215451,37.0,0.7689873417721519,0.06856540084388185,0.05063291139240506,0.7721518987341772,0.24050632911392406,0.012658227848101266
-478.580776,158,343.263825,55.0,0.659704641350211,0.08544303797468354,0.04294755877034358,0.7848101265822784,0.24050632911392406,0.02531645569620253
-472.011705,158,346.289026,28.0,0.8248945147679325,0.07278481012658228,0.032700421940928266,0.7848101265822784,0.24050632911392406,0.02531645569620253
-468.082169,158,349.298367,24.0,0.8523206751054854,0.06962025316455696,0.06835443037974684,0.7721518987341772,0.24050632911392406,0.012658227848101266
-464.961848,158,352.276292,45.0,0.7204641350210971,0.07278481012658228,0.04472573839662447,0.7721518987341772,0.24050632911392406,0.012658227848101266
-463.677434,158,355.320794,29.0,0.819620253164557,0.06962025316455696,0.0390295358649789,0.7721518987341772,0.2468354430379747,0.0189873417721519
-484.510399,158,358.402822,13.0,0.9272151898734177,0.07067510548523206,0.07151898734177216,0.759493670886076,0.24050632911392406,0.0
-494.629721,158,361.500426,38.0,0.759493670886076,0.06645569620253164,0.04219409282700422,0.759493670886076,0.24050632911392406,0.0
-492.647178,158,364.559492,31.0,0.8048523206751055,0.0759493670886076,0.06909282700421941,0.759493670886076,0.24050632911392406,0.0
-470.817668,158,367.632026,38.0,0.7679324894514767,0.08016877637130801,0.05316455696202531,0.759493670886076,0.24050632911392406,0.0
-476.745885,158,370.651745,53.0,0.6835518384569017,0.10443037974683544,0.05776572232268434,0.7721518987341772,0.25316455696202533,0.02531645569620253
-508.199815,158,373.697877,68.0,0.5857067510548523,0.08333333333333333,0.04252561784207353,0.7658227848101266,0.24050632911392406,0.006329113924050633
-506.378632,158,376.775288,58.0,0.6426160337552742,0.08438818565400844,0.022061482820976492,0.759493670886076,0.24050632911392406,0.0
-492.03412,158,379.779824,41.0,0.7515822784810126,0.08544303797468354,0.026491862567811938,0.759493670886076,0.24050632911392406,0.0
-505.944559,158,382.84002,50.0,0.6925105485232067,0.08544303797468354,0.036075949367088606,0.7721518987341772,0.24050632911392406,0.012658227848101266
-495.659636,158,385.919197,46.0,0.7162447257383967,0.07805907172995781,0.04113924050632911,0.7721518987341772,0.24050632911392406,0.012658227848101266
-486.40643,158,388.969869,47.0,0.7072784810126582,0.08227848101265822,0.035864978902953586,0.759493670886076,0.24050632911392406,0.0
-492.108631,158,392.000103,47.0,0.7122011251758087,0.07911392405063292,0.049462984273110855,0.7721518987341772,0.2468354430379747,0.0189873417721519
-513.176095,158,395.022493,36.0,0.7806962025316455,0.08544303797468354,0.05952380952380953,0.7658227848101266,0.2468354430379747,0.012658227848101266
-530.759789,158,398.057327,35.0,0.7800632911392406,0.0759493670886076,0.044303797468354424,0.7721518987341772,0.26582278481012656,0.0379746835443038
-508.657423,158,401.161227,37.0,0.7689873417721519,0.06645569620253164,0.022151898734177215,0.759493670886076,0.25949367088607594,0.0189873417721519
-491.141356,158,404.207186,46.0,0.7162447257383966,0.07911392405063292,0.05274261603375527,0.759493670886076,0.25316455696202533,0.012658227848101266
-537.204082,158,407.267196,34.0,0.7960970464135021,0.08649789029535865,0.07965641952983725,0.7658227848101266,0.25316455696202533,0.0189873417721519
-491.599385,158,410.32049,67.0,0.5855033152501508,0.08227848101265822,0.06858047016274864,0.7658227848101266,0.25949367088607594,0.02531645569620253
-519.020812,158,413.346655,52.0,0.6821729957805907,0.08333333333333334,0.06735985533453888,0.7721518987341772,0.2468354430379747,0.0189873417721519
-530.106456,158,416.374186,48.0,0.7088607594936709,0.0759493670886076,0.06943942133815552,0.7784810126582279,0.24050632911392406,0.0189873417721519
-518.052151,158,419.425549,50.0,0.7071729957805907,0.10021097046413502,0.062176009644364066,0.759493670886076,0.24050632911392406,0.0
-463.736639,158,422.387909,88.0,0.48467450271247736,0.13924050632911392,0.07353325296363271,0.7721518987341772,0.2468354430379747,0.0189873417721519
-496.859538,158,425.438187,60.0,0.6489451476793249,0.10548523206751054,0.059704641350210974,0.759493670886076,0.26582278481012656,0.02531645569620253
-483.470983,158,428.527099,50.0,0.6877637130801688,0.07383966244725738,0.016877637130801686,0.7784810126582279,0.24050632911392406,0.0189873417721519
-414.826068,158,431.662832,94.0,0.41371308016877634,0.08755274261603375,0.017199572579319415,0.7658227848101266,0.25949367088607594,0.02531645569620253
-471.79555,158,434.770452,60.0,0.6470464135021097,0.10970464135021096,0.10060277275467149,0.8037974683544303,0.24050632911392406,0.04430379746835443
-250.82277,158,437.973454,135.0,0.19778481012658225,0.1550632911392405,0.07522603978300181,0.8354430379746836,0.379746835443038,0.21518987341772153
-359.156127,158,441.132415,116.0,0.32537673297166975,0.17563291139240506,0.13959714687562788,0.8670886075949367,0.24050632911392406,0.10759493670886076
-384.896714,158,444.338622,95.0,0.4236286919831223,0.10864978902953586,0.05639441430580672,0.8481012658227848,0.24050632911392406,0.08860759493670886
-467.052927,158,447.421515,2.0,0.9873417721518988,0.06329113924050633,0.06329113924050633,0.7974683544303798,0.24050632911392406,0.0379746835443038
-449.871536,158,450.499541,0.0,1.0,0.06329113924050633,0.06329113924050633,0.7911392405063291,0.24050632911392406,0.03164556962025317
-439.820894,158,453.56204,2.0,0.9873417721518988,0.06329113924050633,0.06329113924050633,0.7784810126582279,0.310126582278481,0.08860759493670886
-389.798375,158,456.619367,35.0,0.7911995177817963,0.09177215189873418,0.047784810126582276,0.7974683544303798,0.310126582278481,0.10759493670886076
-342.17861,158,459.764749,67.0,0.6044303797468354,0.10232067510548522,0.06687763713080169,0.7784810126582279,0.5253164556962026,0.3037974683544304
-291.899312,158,462.956323,120.0,0.29767932489451476,0.16877637130801687,0.11328611613421742,0.7911392405063291,0.4430379746835443,0.23417721518987342
-329.152018,158,466.024949,119.0,0.2774412296564195,0.12552742616033755,0.06734478601567208,0.8227848101265823,0.3924050632911392,0.21518987341772153
-329.594452,158,469.230897,116.0,0.3326878641752059,0.22046413502109702,0.12721062341315506,0.8227848101265823,0.27848101265822783,0.10126582278481013
-262.066461,158,472.620569,133.0,0.20910438014868396,0.16666666666666666,0.07997835497835497,0.759493670886076,0.8417721518987342,0.6012658227848101
-407.208945,158,475.740209,22.0,0.8665611814345991,0.07542194092827004,0.06698312236286919,0.810126582278481,0.36075949367088606,0.17088607594936708
-388.495466,158,478.827117,13.0,0.9256329113924051,0.0759493670886076,0.05063291139240506,0.7974683544303798,0.5632911392405063,0.36075949367088606
-396.315117,158,481.908634,9.0,0.9493670886075949,0.06962025316455696,0.06962025316455696,0.7784810126582279,0.47468354430379744,0.25316455696202533
-299.106372,158,484.965791,64.0,0.6046413502109704,0.09071729957805906,0.07290536467751657,0.9113924050632911,0.33544303797468356,0.2468354430379747
2.312788,158,488.052805,107.0,0.3227848101265823,0.06329113924050633,0.0,0.8860759493670886,0.2468354430379747,0.13291139240506328
80.105094,158,491.129108,5.0,0.9683544303797469,0.06329113924050633,0.06329113924050633,0.9050632911392406,0.740506329113924,0.6455696202531646
-155.428481,158,494.153317,0.0,1.0,0.06329113924050633,0.06329113924050633,0.9430379746835443,0.3037974683544304,0.2468354430379747
-294.937841,158,497.196068,0.0,1.0,0.06329113924050633,0.06329113924050633,0.8354430379746836,0.5569620253164557,0.3924050632911392
-308.271462,158,500.247609,3.0,0.9810126582278481,0.06329113924050633,0.06329113924050633,0.7784810126582279,0.8544303797468354,0.6329113924050633
-330.145135,158,503.278634,14.0,0.9160337552742617,0.07278481012658228,0.06943942133815552,0.759493670886076,0.8670886075949367,0.6265822784810127
-311.133681,158,506.332868,0.0,1.0,0.06329113924050633,0.06329113924050633,0.759493670886076,0.8544303797468354,0.6139240506329114
-320.664233,158,509.364169,0.0,1.0,0.06329113924050633,0.06329113924050633,0.759493670886076,0.8227848101265823,0.5822784810126582
-347.992649,158,512.374705,0.0,1.0,0.06329113924050633,0.06329113924050633,0.7658227848101266,0.759493670886076,0.5253164556962026
-347.131033,158,515.412861,0.0,1.0,0.06329113924050633,0.06329113924050633,0.7658227848101266,0.7848101265822784,0.5506329113924051
-363.3352,158,518.500528,0.0,1.0,0.06329113924050633,0.06329113924050633,0.7721518987341772,0.759493670886076,0.5316455696202531
-372.173332,158,521.573646,0.0,1.0,0.06329113924050633,0.06329113924050633,0.7658227848101266,0.6708860759493671,0.43670886075949367
-366.582153,158,524.647421,0.0,1.0,0.06329113924050633,0.06329113924050633,0.7658227848101266,0.6012658227848101,0.3670886075949367
-403.929736,158,527.651813,0.0,1.0,0.06329113924050633,0.06329113924050633,0.7658227848101266,0.5253164556962026,0.2911392405063291
-357.274937,158,530.687842,9.0,0.9462025316455697,0.06645569620253164,0.06645569620253164,0.7721518987341772,0.6518987341772152,0.4240506329113924
-364.641349,158,533.760893,15.0,0.9071729957805906,0.06540084388185653,0.06540084388185653,0.7721518987341772,0.4810126582278481,0.25316455696202533
-418.699634,158,536.868129,38.0,0.7660337552742615,0.08175105485232068,0.06793248945147679,0.7784810126582279,0.379746835443038,0.15822784810126583
-316.74869,158,539.982982,122.0,0.29715189873417724,0.1761603375527426,0.11397428169580068,0.8291139240506329,0.3670886075949367,0.1962025316455696
-383.957976,158,543.060856,81.0,0.5101341169379144,0.11919831223628694,0.06483323287120756,0.8291139240506329,0.24050632911392406,0.06962025316455696
-379.816806,158,546.121469,43.0,0.7393459915611814,0.09071729957805907,0.06639541892706449,0.8417721518987342,0.25949367088607594,0.10126582278481013
-388.522302,158,549.152068,13.0,0.9277426160337553,0.08016877637130801,0.08176612417118745,0.8417721518987342,0.379746835443038,0.22151898734177214
-428.877156,158,552.153841,2.0,0.9873417721518988,0.06645569620253164,0.06751054852320675,0.8291139240506329,0.25316455696202533,0.08227848101265822
-418.416442,158,555.127581,1.0,0.9936708860759493,0.06329113924050633,0.06329113924050633,0.8037974683544303,0.34810126582278483,0.1518987341772152
-322.725799,158,558.162612,0.0,1.0,0.06329113924050633,0.06329113924050633,0.8734177215189873,0.8037974683544303,0.6772151898734177
-376.327169,158,561.197332,49.0,0.718203737191079,0.11497890295358648,0.10121056861563191,0.8227848101265823,0.36075949367088606,0.18354430379746836
-366.55253,158,564.310356,15.0,0.9200421940928271,0.08966244725738397,0.08639240506329114,0.8607594936708861,0.379746835443038,0.24050632911392406
-342.121065,158,567.398812,23.0,0.8681434599156117,0.09177215189873418,0.08776371308016878,0.879746835443038,0.4240506329113924,0.3037974683544304
-309.903179,158,570.490666,14.0,0.9207353827606992,0.07383966244725738,0.0659634317862166,0.7848101265822784,0.8987341772151899,0.6835443037974683
-325.768766,158,573.516324,2.0,0.9894514767932489,0.06540084388185653,0.06540084388185653,0.7721518987341772,0.8607594936708861,0.6329113924050633
-297.915577,158,576.618041,6.0,0.9641350210970463,0.06540084388185653,0.06540084388185653,0.7721518987341772,0.9746835443037974,0.7468354430379747
-291.460626,158,579.741478,4.0,0.9746835443037974,0.06329113924050633,0.06329113924050633,0.759493670886076,0.9873417721518988,0.7468354430379747
-287.169345,158,582.812284,6.0,0.9651898734177216,0.06540084388185653,0.06582278481012659,0.759493670886076,0.9746835443037974,0.7341772151898734
-292.416008,158,585.910023,4.0,0.9746835443037974,0.06329113924050633,0.06329113924050633,0.759493670886076,0.9493670886075949,0.7088607594936709
-300.607211,158,588.929859,3.0,0.9810126582278481,0.06329113924050633,0.06329113924050633,0.759493670886076,0.8987341772151899,0.6582278481012658
-296.403244,158,591.966522,5.0,0.9683544303797469,0.06329113924050633,0.06329113924050633,0.759493670886076,0.9367088607594937,0.6962025316455697
-312.977768,158,594.982134,4.0,0.9746835443037974,0.06329113924050633,0.06329113924050633,0.759493670886076,0.9050632911392406,0.6645569620253164
-330.496845,158,597.949753,5.0,0.9683544303797469,0.06329113924050633,0.06329113924050633,0.759493670886076,0.7531645569620253,0.5126582278481012
-337.284542,158,600.919107,5.0,0.9683544303797469,0.06329113924050633,0.06329113924050633,0.759493670886076,0.7848101265822784,0.5443037974683544
-350.777233,158,603.92928,6.0,0.965717299578059,0.06751054852320675,0.067209162145871,0.7721518987341772,0.7721518987341772,0.5443037974683544
-363.347983,158,606.956289,3.0,0.9810126582278481,0.06329113924050633,0.06329113924050633,0.7721518987341772,0.6708860759493671,0.4430379746835443
-353.852958,158,610.047108,1.0,0.9936708860759493,0.06329113924050633,0.06329113924050633,0.7658227848101266,0.759493670886076,0.5253164556962026
-327.523535,158,613.192123,47.0,0.7329264617239301,0.11445147679324896,0.10406414963376989,0.8607594936708861,0.6518987341772152,0.5126582278481012
-38.50537,158,616.289049,43.0,0.7341772151898734,0.06751054852320675,0.03670886075949367,0.7721518987341772,0.7215189873417721,0.4936708860759494
-119.827013,158,619.365183,0.0,1.0,0.06329113924050633,0.06329113924050633,0.759493670886076,0.9556962025316456,0.7151898734177216
-247.618375,158,622.406986,0.0,1.0,0.06329113924050633,0.06329113924050633,0.7721518987341772,0.8734177215189873,0.6455696202531646
-251.003381,158,625.523278,1.0,0.9936708860759493,0.06329113924050633,0.06329113924050633,0.759493670886076,0.9810126582278481,0.740506329113924
-281.145752,158,628.661881,5.0,0.9683544303797469,0.06329113924050633,0.06329113924050633,0.759493670886076,0.9683544303797469,0.7278481012658228
-327.339346,158,631.748549,16.0,0.8987341772151899,0.06329113924050633,0.056962025316455694,0.7721518987341772,0.9430379746835443,0.7151898734177216
-304.585184,158,634.824769,1.0,0.9936708860759493,0.06329113924050633,0.06329113924050633,0.759493670886076,0.9746835443037974,0.7341772151898734
-318.744697,158,637.896373,0.0,1.0,0.06329113924050633,0.06329113924050633,0.759493670886076,0.9620253164556962,0.7215189873417721
-323.77685,158,640.988371,0.0,1.0,0.06329113924050633,0.06329113924050633,0.759493670886076,0.9367088607594937,0.6962025316455697
-345.542944,158,644.073351,0.0,1.0,0.06329113924050633,0.06329113924050633,0.759493670886076,0.8670886075949367,0.6265822784810127
55.637963,158,647.148164,75.0,0.5253164556962026,0.06329113924050633,0.06329113924050633,0.7974683544303798,0.9810126582278481,0.7784810126582279
105.815874,158,650.287626,158.0,0.08687462326702831,0.1508438818565401,0.08475487241310026,0.9810126582278481,0.24050632911392406,0.22151898734177214
2.122349,158,653.413596,64.0,0.5962025316455697,0.06645569620253164,0.05244122965641952,0.9493670886075949,0.24050632911392406,0.189873417721519
-253.04518,158,656.48628,91.0,0.44852320675105484,0.09177215189873418,0.046534056660638944,0.7974683544303798,0.5506329113924051,0.34810126582278483
-152.7273,158,659.617926,29.0,0.8224683544303797,0.0780590717299578,0.05244122965641952,0.8734177215189873,0.5886075949367089,0.4620253164556962
-367.639241,158,662.721609,2.0,0.9873417721518988,0.06329113924050633,0.06329113924050633,0.8417721518987342,0.569620253164557,0.41139240506329117
-349.354688,158,665.864928,68.0,0.5848101265822784,0.08966244725738397,0.05898131404460519,0.8037974683544303,0.7278481012658228,0.5316455696202531
-313.218089,158,668.96792,49.0,0.694831223628692,0.07911392405063292,0.06858047016274864,0.7911392405063291,0.8354430379746836,0.6265822784810127
-324.015612,158,672.335337,10.0,0.9367088607594937,0.06329113924050633,0.06329113924050633,0.810126582278481,0.8860759493670886,0.6962025316455697
-363.084615,158,675.450491,0.0,1.0,0.06329113924050633,0.06329113924050633,0.9240506329113924,0.41139240506329117,0.33544303797468356
-383.048008,158,678.463678,0.0,1.0,0.06329113924050633,0.06329113924050633,0.8227848101265823,0.4620253164556962,0.2848101265822785
-344.199764,158,681.517503,0.0,1.0,0.06329113924050633,0.06329113924050633,0.810126582278481,0.7911392405063291,0.6012658227848101
-307.383358,158,684.553038,3.0,0.9810126582278481,0.06329113924050633,0.06329113924050633,0.759493670886076,0.9810126582278481,0.740506329113924
-324.966592,158,687.655262,8.0,0.9493670886075949,0.06329113924050633,0.05063291139240506,0.7658227848101266,0.8481012658227848,0.6139240506329114
-332.803411,158,690.762225,4.0,0.9746835443037974,0.06329113924050633,0.06329113924050633,0.7658227848101266,0.7531645569620253,0.5189873417721519
-306.830927,158,693.942299,14.0,0.9145569620253164,0.06962025316455696,0.054746835443037975,0.759493670886076,0.8924050632911392,0.6518987341772152
-352.372346,158,697.04091,8.0,0.9493670886075949,0.06329113924050633,0.06329113924050633,0.7721518987341772,0.7278481012658228,0.5
-335.169149,158,700.140101,5.0,0.9683544303797469,0.06329113924050633,0.06329113924050633,0.759493670886076,0.8924050632911392,0.6518987341772152
-393.107131,158,703.245969,9.0,0.9469409282700423,0.07278481012658228,0.06879144062688367,0.7848101265822784,0.4177215189873418,0.20253164556962025
21.133275,158,706.37265,38.0,0.759493670886076,0.06329113924050633,0.06329113924050633,0.7848101265822784,0.8987341772151899,0.6835443037974683
22.726845,158,709.525757,27.0,0.8291139240506329,0.06329113924050633,0.06329113924050633,0.9936708860759493,0.4240506329113924,0.4177215189873418
-110.205884,158,712.61387,27.0,0.8322784810126582,0.06540084388185653,0.06582278481012659,0.810126582278481,0.6392405063291139,0.44936708860759494
-298.475351,158,715.778347,26.0,0.8488396624472574,0.10126582278481013,0.07501506931886678,0.759493670886076,0.9936708860759493,0.7531645569620253
-312.528568,158,718.849704,16.0,0.9071729957805906,0.0780590717299578,0.07067510548523205,0.759493670886076,0.9936708860759493,0.7531645569620253
-337.493709,158,722.00012,7.0,0.9617088607594936,0.08122362869198312,0.07649186256781193,0.759493670886076,0.8924050632911392,0.6518987341772152
-347.006704,158,725.034283,0.0,1.0,0.06329113924050633,0.06329113924050633,0.759493670886076,0.7784810126582279,0.5379746835443038
-316.027588,158,728.144195,0.0,1.0,0.06329113924050633,0.06329113924050633,0.759493670886076,0.9367088607594937,0.6962025316455697
-319.279236,158,731.181743,1.0,0.9936708860759493,0.06329113924050633,0.06329113924050633,0.759493670886076,0.9683544303797469,0.7278481012658228
-293.816136,158,734.248631,26.0,0.8417721518987342,0.07489451476793248,0.07383966244725738,0.759493670886076,0.9620253164556962,0.7215189873417721
-331.053324,158,737.280842,38.0,0.7700421940928269,0.08755274261603375,0.070042194092827,0.8670886075949367,0.7531645569620253,0.620253164556962
-130.333596,158,740.384776,23.0,0.8649789029535865,0.07700421940928269,0.06729957805907173,0.8037974683544303,0.7911392405063291,0.5949367088607594
-21.473549,158,743.47877,1.0,0.9936708860759493,0.06329113924050633,0.06329113924050633,0.759493670886076,0.9873417721518988,0.7468354430379747
-99.903207,158,746.516118,1.0,0.9936708860759493,0.06329113924050633,0.06329113924050633,0.7848101265822784,0.9493670886075949,0.7341772151898734
-201.590174,158,749.536561,2.0,0.9873417721518988,0.06329113924050633,0.06329113924050633,0.8544303797468354,0.7278481012658228,0.5822784810126582
-223.368351,158,752.68485,19.0,0.8818565400843883,0.06962025316455696,0.0510548523206751,0.8544303797468354,0.34177215189873417,0.1962025316455696
-390.826791,158,755.793397,0.0,1.0,0.06329113924050633,0.06329113924050633,0.8291139240506329,0.33544303797468356,0.16455696202531644
-246.008175,158,758.911163,50.0,0.7056962025316456,0.08913502109704641,0.08143459915611813,0.759493670886076,0.8670886075949367,0.6265822784810127
-397.50918,158,762.041332,21.0,0.8683544303797468,0.06645569620253164,0.039783001808318265,0.8544303797468354,0.3860759493670886,0.24050632911392406
-393.338178,158,765.114868,5.0,0.9683544303797469,0.06329113924050633,0.06329113924050633,0.7848101265822784,0.5126582278481012,0.2974683544303797
-393.502389,158,768.129374,6.0,0.9651898734177216,0.06540084388185653,0.06582278481012659,0.759493670886076,0.5759493670886076,0.33544303797468356
-397.23886,158,771.182261,6.0,0.9654008438818565,0.0701476793248945,0.07007233273056057,0.7784810126582279,0.5063291139240507,0.2848101265822785
-335.475381,158,774.271334,16.0,0.8987341772151899,0.06329113924050633,0.06329113924050633,0.8164556962025317,0.6012658227848101,0.4177215189873418
-221.161112,158,777.362077,53.0,0.6765370705244123,0.08966244725738397,0.06924352019288728,0.7658227848101266,0.930379746835443,0.6962025316455697
-305.031026,158,780.467016,30.0,0.8171940928270043,0.07489451476793248,0.06564195298372513,0.879746835443038,0.7911392405063291,0.6708860759493671
-389.091189,158,783.593401,44.0,0.7294303797468354,0.07700421940928269,0.034860357645167775,1.0,0.2468354430379747,0.2468354430379747
-371.641933,158,786.690222,49.0,0.7014767932489451,0.0780590717299578,0.053164556962025315,1.0,0.24050632911392406,0.24050632911392406
-251.816429,158,789.804556,127.0,0.22468354430379747,0.11708860759493671,0.08450874020494273,1.0,0.24050632911392406,0.24050632911392406
-354.370843,158,792.891504,126.0,0.23364978902953584,0.10548523206751054,0.04620253164556962,0.8860759493670886,0.31645569620253167,0.20253164556962025
-383.048589,158,796.018366,104.0,0.3606540084388185,0.10021097046413502,0.04980409885473176,0.810126582278481,0.47468354430379744,0.2848101265822785
-351.695698,158,799.053757,24.0,0.8481012658227848,0.06856540084388185,0.0580168776371308,0.7784810126582279,0.8607594936708861,0.6392405063291139
-392.684942,158,802.044828,0.0,1.0,0.06329113924050633,0.06329113924050633,0.8227848101265823,0.6265822784810127,0.44936708860759494
-422.763612,158,805.079586,0.0,1.0,0.06329113924050633,0.06329113924050633,0.8164556962025317,0.27848101265822783,0.0949367088607595
-289.658949,158,808.198255,54.0,0.6824798619102417,0.10232067510548522,0.09758890898131405,0.8227848101265823,0.8924050632911392,0.7151898734177216
-390.696347,158,811.273083,65.0,0.5951476793248945,0.08227848101265822,0.04746835443037975,0.8544303797468354,0.6455696202531646,0.5
-417.713743,158,814.39088,89.0,0.45833333333333337,0.09071729957805906,0.06413502109704641,0.9683544303797469,0.24050632911392406,0.2088607594936709
-415.817495,158,817.547913,84.0,0.4920886075949366,0.10970464135021096,0.04008438818565401,0.9493670886075949,0.2468354430379747,0.1962025316455696
-392.755554,158,820.632782,12.0,0.9293248945147679,0.07172995780590717,0.06962025316455696,0.9810126582278481,0.25949367088607594,0.24050632911392406
-407.272405,158,823.67213,0.0,1.0,0.06329113924050633,0.06329113924050633,0.9493670886075949,0.25949367088607594,0.2088607594936709
-422.490178,158,826.7393,0.0,1.0,0.06329113924050633,0.06329113924050633,0.8607594936708861,0.25316455696202533,0.11392405063291139
-429.995056,158,829.808898,0.0,1.0,0.06329113924050633,0.06329113924050633,0.8607594936708861,0.2721518987341772,0.13291139240506328
-439.207628,158,832.900234,2.0,0.9873417721518988,0.06329113924050633,0.06329113924050633,0.8354430379746836,0.2974683544303797,0.13291139240506328
-241.661597,158,836.050806,95.0,0.4560980510347599,0.16561181434599154,0.1091018685955395,0.8607594936708861,0.3670886075949367,0.22784810126582278
-289.408269,158,839.148714,20.0,0.8765822784810127,0.06540084388185653,0.053164556962025315,0.7974683544303798,0.8481012658227848,0.6455696202531646
-400.051124,158,842.236094,5.0,0.9683544303797469,0.06329113924050633,0.06329113924050633,1.0,0.24050632911392406,0.24050632911392406
-408.46563,158,845.351266,0.0,1.0,0.06329113924050633,0.06329113924050633,1.0,0.24050632911392406,0.24050632911392406
-436.667141,158,848.576654,0.0,1.0,0.06329113924050633,0.06329113924050633,0.9620253164556962,0.24050632911392406,0.20253164556962025
-441.30361,158,851.742629,3.0,0.9810126582278481,0.06329113924050633,0.06329113924050633,0.9113924050632911,0.24050632911392406,0.1518987341772152
-444.018497,158,854.768559,1.0,0.9936708860759493,0.06329113924050633,0.06329113924050633,0.7911392405063291,0.3037974683544304,0.0949367088607595
-112.645922,158,857.902794,40.0,0.750210970464135,0.07172995780590717,0.07142857142857142,0.9810126582278481,0.2974683544303797,0.27848101265822783
-88.247501,158,861.128647,109.0,0.3122362869198312,0.07278481012658228,0.010970464135021098,0.9746835443037974,0.24050632911392406,0.21518987341772153
-64.326157,158,864.234437,6.0,0.9651898734177216,0.06645569620253164,0.06645569620253164,0.810126582278481,0.7911392405063291,0.6012658227848101
-251.47206,158,867.321044,0.0,1.0,0.06329113924050633,0.06329113924050633,0.8227848101265823,0.7848101265822784,0.6075949367088608
-309.007808,158,870.640311,1.0,0.9936708860759493,0.06329113924050633,0.06329113924050633,0.8417721518987342,0.4177215189873418,0.25949367088607594
-4.202739,158,873.841602,15.0,0.9050632911392406,0.06329113924050633,0.06329113924050633,0.810126582278481,0.8670886075949367,0.6772151898734177
-106.695412,158,877.062686,16.0,0.9018987341772152,0.06645569620253164,0.060126582278481014,0.7911392405063291,0.689873417721519,0.4810126582278481
-282.029317,158,880.226087,1.0,0.9936708860759493,0.06329113924050633,0.056962025316455694,0.8291139240506329,0.5189873417721519,0.34810126582278483
-315.772609,158,883.394615,0.0,1.0,0.06329113924050633,0.06329113924050633,0.7721518987341772,0.6265822784810127,0.3987341772151899
-399.639148,158,886.4438,0.0,1.0,0.06329113924050633,0.06329113924050633,0.9177215189873418,0.2468354430379747,0.16455696202531644
-134.996573,158,889.540706,2.0,0.9873417721518988,0.06329113924050633,0.05063291139240506,0.7658227848101266,0.930379746835443,0.6962025316455697
-306.631915,158,892.585348,0.0,1.0,0.06329113924050633,0.06329113924050633,0.9430379746835443,0.44936708860759494,0.3924050632911392
-411.749287,158,895.634947,0.0,1.0,0.06329113924050633,0.06329113924050633,1.0,0.2468354430379747,0.2468354430379747
-403.780623,158,898.684638,2.0,0.9894514767932489,0.06645569620253164,0.06582278481012659,0.930379746835443,0.24050632911392406,0.17088607594936708
-437.834709,158,901.806952,28.0,0.8291139240506329,0.06856540084388185,0.0689873417721519,0.8291139240506329,0.34810126582278483,0.17721518987341772
-417.661622,158,904.869847,12.0,0.9272151898734177,0.06856540084388185,0.06962025316455696,0.810126582278481,0.3860759493670886,0.1962025316455696
-406.823257,158,907.908327,24.0,0.8481012658227848,0.06329113924050633,0.056962025316455694,0.7658227848101266,0.6265822784810127,0.3924050632911392
-325.890215,158,910.986985,8.0,0.9493670886075949,0.06329113924050633,0.06329113924050633,0.879746835443038,0.6518987341772152,0.5316455696202531
-302.614033,158,914.135852,10.0,0.9367088607594937,0.06540084388185653,0.06645569620253164,0.759493670886076,0.9873417721518988,0.7468354430379747
-337.456055,158,917.188275,0.0,1.0,0.06329113924050633,0.06329113924050633,0.759493670886076,0.9873417721518988,0.7468354430379747
-370.665904,158,920.234905,0.0,1.0,0.06329113924050633,0.06329113924050633,0.7784810126582279,0.8291139240506329,0.6075949367088608
-378.84865,158,923.303346,30.0,0.819620253164557,0.0780590717299578,0.07396021699819169,0.9367088607594937,0.43670886075949367,0.37341772151898733
-403.429622,158,926.34177,27.0,0.8391350210970463,0.08016877637130801,0.06868595539481616,0.9873417721518988,0.24050632911392406,0.22784810126582278
-441.055669,158,929.450073,93.0,0.43090717299578063,0.0981012658227848,0.0590717299578059,0.930379746835443,0.24050632911392406,0.17088607594936708
-340.189941,158,932.491023,23.0,0.8544303797468354,0.06329113924050633,0.04430379746835443,0.8037974683544303,0.5063291139240507,0.310126582278481
-407.158282,158,935.468016,0.0,1.0,0.06329113924050633,0.06329113924050633,0.9873417721518988,0.2721518987341772,0.25949367088607594
-219.905815,158,938.511041,14.0,0.9171940928270041,0.07383966244725738,0.07037371910789632,0.7658227848101266,0.7088607594936709,0.47468354430379744
95.514837,158,941.588235,0.0,1.0,0.06329113924050633,0.06329113924050633,0.9050632911392406,0.7974683544303798,0.7025316455696202
18.605661,158,944.706856,14.0,0.9113924050632911,0.06329113924050633,0.04430379746835443,1.0,0.24050632911392406,0.24050632911392406
9.152753,158,947.732057,41.0,0.740506329113924,0.06329113924050633,0.0189873417721519,0.8860759493670886,0.3227848101265823,0.2088607594936709
93.424299,158,950.706944,0.0,1.0,0.06329113924050633,0.06329113924050633,0.7911392405063291,0.9050632911392406,0.6962025316455697
-19.976835,158,953.662574,0.0,1.0,0.06329113924050633,0.06329113924050633,0.8670886075949367,0.5379746835443038,0.4050632911392405
-391.25402,158,956.729394,67.0,0.599367088607595,0.10021097046413502,0.08556359252561783,0.8227848101265823,0.34810126582278483,0.17088607594936708
-340.475891,158,959.770912,69.0,0.594831223628692,0.10864978902953586,0.06205545509342977,0.7658227848101266,0.6075949367088608,0.37341772151898733
-370.477668,158,962.766407,70.0,0.5764767932489451,0.09862869198312237,0.06983122362869199,0.759493670886076,0.6075949367088608,0.3670886075949367
-417.055514,158,965.811965,97.0,0.42426160337552743,0.12447257383966243,0.0640446051838457,0.7974683544303798,0.2974683544303797,0.0949367088607595
-441.820433,158,968.791322,50.0,0.7035864978902954,0.11181434599156116,0.06100060277275467,0.810126582278481,0.26582278481012656,0.0759493670886076
-462.870276,158,971.794728,7.0,0.9556962025316456,0.06329113924050633,0.06329113924050633,0.7848101265822784,0.31645569620253167,0.10126582278481013
-412.100331,158,974.762105,3.0,0.9810126582278481,0.06329113924050633,0.06329113924050633,0.7721518987341772,0.6265822784810127,0.3987341772151899
-367.879063,158,977.894321,41.0,0.740506329113924,0.06329113924050633,0.05063291139240506,0.759493670886076,0.759493670886076,0.5189873417721519
-347.616122,158,981.038859,60.0,0.6334388185654009,0.07700421940928269,0.04484629294755878,0.759493670886076,0.9936708860759493,0.7531645569620253
-375.526535,158,984.147119,71.0,0.5613924050632911,0.0759493670886076,0.04251054852320675,0.759493670886076,0.8227848101265823,0.5822784810126582
-408.399762,158,987.296637,127.0,0.23871308016877638,0.12974683544303797,0.05783604581072936,0.7721518987341772,0.5443037974683544,0.31645569620253167
-399.37232,158,990.311371,53.0,0.679535864978903,0.08649789029535863,0.05221518987341772,0.7658227848101266,0.5886075949367089,0.35443037974683544
-428.645333,158,993.285815,31.0,0.8117088607594937,0.0759493670886076,0.052109704641350216,0.759493670886076,0.4620253164556962,0.22151898734177214
-415.41128,158,996.256154,25.0,0.8417721518987342,0.06329113924050633,0.056962025316455694,0.7911392405063291,0.35443037974683544,0.14556962025316456
-404.282021,158,999.338001,27.0,0.8303797468354429,0.06856540084388185,0.06909282700421941,0.9050632911392406,0.36075949367088606,0.26582278481012656
-406.792623,158,1002.383225,55.0,0.6582278481012658,0.06751054852320675,0.01772151898734177,0.7974683544303798,0.4810126582278481,0.27848101265822783
-390.253165,158,1005.374394,16.0,0.9018987341772152,0.06540084388185653,0.059493670886075954,0.810126582278481,0.759493670886076,0.569620253164557
-419.180776,158,1008.335251,1.0,0.9936708860759493,0.06329113924050633,0.056962025316455694,0.879746835443038,0.37341772151898733,0.25316455696202533
-434.203231,158,1011.32641,0.0,1.0,0.06329113924050633,0.06329113924050633,0.9113924050632911,0.25316455696202533,0.16455696202531644
-422.530346,158,1014.431106,4.0,0.9746835443037974,0.06329113924050633,0.06329113924050633,0.9556962025316456,0.24050632911392406,0.1962025316455696
-412.183341,158,1017.460849,1.0,0.9936708860759493,0.06329113924050633,0.06329113924050633,0.9556962025316456,0.24050632911392406,0.1962025316455696
-430.243263,158,1020.512661,41.0,0.755801687763713,0.0949367088607595,0.06476793248945148,0.8481012658227848,0.25316455696202533,0.10126582278481013
-459.495557,158,1023.536462,56.0,0.6652953586497891,0.10443037974683544,0.07320675105485232,0.8164556962025317,0.25316455696202533,0.06962025316455696
-372.817199,158,1026.66239,108.0,0.36479807112718504,0.16561181434599154,0.0742063492063492,0.810126582278481,0.4620253164556962,0.2721518987341772
-291.027037,158,1029.905548,116.0,0.3540988547317661,0.2563291139240506,0.14500200924251555,0.879746835443038,0.26582278481012656,0.14556962025316456
-379.3383,158,1033.083019,101.0,0.3919831223628692,0.13080168776371306,0.06938416716897729,0.8670886075949367,0.26582278481012656,0.13291139240506328
-371.283613,158,1036.260817,146.0,0.18765822784810127,0.23470464135021094,0.14029033554350007,0.9620253164556962,0.25316455696202533,0.21518987341772153
-420.511154,158,1039.40939,76.0,0.5369198312236286,0.08544303797468354,0.0352622061482821,0.9746835443037974,0.24050632911392406,0.21518987341772153
-428.680314,158,1042.50859,57.0,0.6542194092827005,0.0981012658227848,0.03493068113321278,0.9177215189873418,0.24050632911392406,0.15822784810126583
-449.858857,158,1045.553812,15.0,0.9050632911392406,0.06329113924050633,0.05063291139240506,0.8607594936708861,0.24050632911392406,0.10126582278481013
-465.197702,158,1048.634779,32.0,0.7974683544303798,0.06329113924050633,0.06329113924050633,0.8164556962025317,0.24050632911392406,0.056962025316455694
-437.19837,158,1051.666246,85.0,0.5015822784810127,0.13924050632911392,0.08059071729957805,0.8417721518987342,0.24050632911392406,0.08227848101265822
-438.991981,158,1054.958169,45.0,0.730168776371308,0.08860759493670886,0.0800632911392405,0.8227848101265823,0.24050632911392406,0.06329113924050633
-472.192872,158,1058.002733,36.0,0.7753164556962026,0.06645569620253164,0.060126582278481014,0.8227848101265823,0.24050632911392406,0.06329113924050633
-442.502233,158,1061.057665,51.0,0.6781193490054249,0.07067510548523206,0.059282700421940934,0.8354430379746836,0.24050632911392406,0.0759493670886076
-469.683496,158,1064.0633,44.0,0.7329716696805304,0.09071729957805906,0.04590114526823388,0.8354430379746836,0.2468354430379747,0.08227848101265822
-456.304165,158,1067.061509,32.0,0.8029686558167571,0.07278481012658228,0.06371308016877637,0.7974683544303798,0.2468354430379747,0.04430379746835443
-449.446311,158,1070.08191,48.0,0.7183544303797469,0.0949367088607595,0.07679324894514768,0.810126582278481,0.24050632911392406,0.05063291139240506
-449.150834,158,1073.175328,81.0,0.4936708860759494,0.07700421940928269,0.039451476793248945,0.8164556962025317,0.2468354430379747,0.06329113924050633
-418.498446,158,1076.178193,5.0,0.9683544303797469,0.06329113924050633,0.056962025316455694,0.8607594936708861,0.24050632911392406,0.10126582278481013
-429.571448,158,1079.237315,89.0,0.4644514767932489,0.11392405063291139,0.07755219464080224,0.930379746835443,0.24050632911392406,0.17088607594936708
-461.456372,158,1082.318734,27.0,0.8359704641350212,0.07172995780590717,0.0580168776371308,0.8354430379746836,0.24050632911392406,0.0759493670886076
-344.322467,158,1085.548935,93.0,0.46832429174201323,0.1729957805907173,0.10806710870002008,0.9493670886075949,0.24050632911392406,0.189873417721519
-297.042438,158,1088.775122,95.0,0.43229355033152506,0.12974683544303797,0.05520439476135678,0.8924050632911392,0.25949367088607594,0.1518987341772152
-391.51085,158,1091.905495,36.0,0.7930982519590114,0.08966244725738397,0.054058669881454705,0.8417721518987342,0.2721518987341772,0.11392405063291139
-398.435428,158,1094.949688,14.0,0.9113924050632911,0.06329113924050633,0.06329113924050633,0.8860759493670886,0.26582278481012656,0.1518987341772152
-422.087843,158,1097.933586,26.0,0.8465189873417721,0.0780590717299578,0.07215189873417721,0.9936708860759493,0.24050632911392406,0.23417721518987342
-434.199454,158,1100.970779,13.0,0.9177215189873418,0.06540084388185653,0.060126582278481014,0.9113924050632911,0.24050632911392406,0.1518987341772152
-426.465068,158,1104.052665,15.0,0.9103375527426161,0.06962025316455696,0.0689873417721519,0.8924050632911392,0.25316455696202533,0.14556962025316456
-255.951866,158,1107.182788,123.0,0.2674050632911392,0.13080168776371306,0.08556359252561783,0.930379746835443,0.2468354430379747,0.17721518987341772
-427.64218,158,1110.304552,2.0,0.9873417721518988,0.06329113924050633,0.06329113924050633,0.9050632911392406,0.24050632911392406,0.14556962025316456
-447.317398,158,1113.369766,22.0,0.8644514767932489,0.07172995780590717,0.0682640144665461,0.8037974683544303,0.25949367088607594,0.06329113924050633
-362.42161,158,1116.453141,15.0,0.9124472573839664,0.07067510548523206,0.07067510548523206,0.9493670886075949,0.5,0.44936708860759494
-373.976698,158,1119.558454,39.0,0.7675105485232069,0.08597046413502109,0.07588908981314045,0.9810126582278481,0.24050632911392406,0.22151898734177214
-312.461323,158,1122.709223,59.0,0.6470464135021097,0.10495780590717299,0.06595840867992767,0.9113924050632911,0.36075949367088606,0.2721518987341772
-293.245053,158,1125.808967,23.0,0.8654008438818567,0.08966244725738397,0.08059071729957805,0.9050632911392406,0.4936708860759494,0.3987341772151899
-347.488271,158,1128.922544,0.0,1.0,0.06329113924050633,0.06329113924050633,0.8670886075949367,0.3670886075949367,0.23417721518987342
-359.751326,158,1131.948438,10.0,0.9367088607594937,0.06329113924050633,0.06329113924050633,0.8924050632911392,0.5316455696202531,0.4240506329113924
-389.976041,158,1135.143395,25.0,0.8449367088607594,0.07278481012658228,0.07278481012658228,0.8987341772151899,0.3227848101265823,0.22151898734177214
-399.711491,158,1138.266077,35.0,0.7910337552742617,0.08438818565400844,0.07774261603375529,0.9936708860759493,0.25949367088607594,0.25316455696202533
-166.348809,158,1141.463726,151.0,0.08276069921639542,0.12130801687763712,0.046865581675708264,0.9367088607594937,0.24050632911392406,0.17721518987341772
-400.996334,158,1144.521335,9.0,0.9430379746835443,0.06329113924050633,0.06329113924050633,0.9430379746835443,0.24050632911392406,0.18354430379746836
-403.589529,158,1147.616522,10.0,0.938818565400844,0.06487341772151899,0.06509945750452079,0.9683544303797469,0.24050632911392406,0.2088607594936709
-436.048953,158,1150.648872,12.0,0.930379746835443,0.06751054852320675,0.06835443037974684,0.8734177215189873,0.25316455696202533,0.12658227848101267
-310.18857,158,1153.727154,48.0,0.7188818565400844,0.13765822784810128,0.13575949367088608,0.8924050632911392,0.310126582278481,0.20253164556962025
-422.446317,158,1156.71025,51.0,0.6856540084388185,0.0780590717299578,0.03523206751054852,1.0,0.24050632911392406,0.24050632911392406
-417.741946,158,1159.753688,5.0,0.9715189873417721,0.06645569620253164,0.06645569620253164,0.9873417721518988,0.24050632911392406,0.22784810126582278
-402.812468,158,1162.788346,0.0,1.0,0.06329113924050633,0.06329113924050633,1.0,0.24050632911392406,0.24050632911392406
-383.446723,158,1165.929857,37.0,0.7710970464135022,0.0780590717299578,0.07109704641350212,0.9936708860759493,0.2468354430379747,0.24050632911392406
-304.845316,158,1169.071571,113.0,0.3503315250150693,0.18776371308016876,0.10411392405063291,0.9050632911392406,0.26582278481012656,0.17088607594936708
-326.829435,158,1172.23176,125.0,0.2739451476793249,0.1940928270042194,0.09441430580671088,0.8987341772151899,0.2468354430379747,0.14556962025316456
-334.101665,158,1175.382308,140.0,0.1971594333936106,0.22362869198312232,0.10827899245620763,0.8860759493670886,0.24050632911392406,0.12658227848101267
-387.289132,158,1178.551553,122.0,0.26234177215189874,0.12341772151898735,0.04714185252159936,0.8860759493670886,0.2468354430379747,0.13291139240506328
-435.792028,158,1181.61589,90.0,0.46012658227848097,0.0981012658227848,0.04569017480409886,0.8734177215189873,0.26582278481012656,0.13924050632911392
-456.961179,158,1184.608888,50.0,0.6914556962025317,0.07489451476793248,0.03767329716696805,0.8227848101265823,0.25316455696202533,0.0759493670886076
-450.078271,158,1187.576028,9.0,0.9430379746835443,0.06329113924050633,0.06329113924050633,0.8164556962025317,0.25316455696202533,0.06962025316455696
-455.542026,158,1190.568228,14.0,0.9113924050632911,0.06329113924050633,0.03164556962025317,0.8037974683544303,0.2468354430379747,0.05063291139240506
-460.274879,158,1193.54551,29.0,0.8193037974683544,0.07067510548523206,0.038502109704641345,0.7974683544303798,0.24050632911392406,0.0379746835443038
-464.455528,158,1196.580226,19.0,0.8829113924050633,0.06856540084388185,0.032067510548523206,0.810126582278481,0.24050632911392406,0.05063291139240506
-443.938951,158,1199.595481,30.0,0.8201476793248946,0.0759493670886076,0.03628691983122363,0.7848101265822784,0.25949367088607594,0.04430379746835443
-404.499513,158,1202.652687,94.0,0.4676913803496082,0.19567510548523206,0.09599749757977606,0.759493670886076,0.25949367088607594,0.0189873417721519
-371.829049,158,1205.801588,131.0,0.252335744424352,0.21624472573839662,0.12613019891500904,0.7784810126582279,0.25949367088607594,0.0379746835443038
-355.556619,158,1208.951024,145.0,0.1741410488245931,0.23312236286919827,0.12805404862366887,0.7784810126582279,0.25316455696202533,0.03164556962025317
-324.198183,158,1212.065703,139.0,0.1867766726943942,0.16877637130801687,0.08534805560122016,0.7974683544303798,0.2468354430379747,0.04430379746835443
-416.466995,158,1215.157407,50.0,0.6921940928270043,0.08227848101265822,0.04535864978902952,0.9050632911392406,0.24050632911392406,0.14556962025316456
-412.247182,158,1218.1783,11.0,0.9335443037974683,0.06856540084388185,0.05063291139240506,0.9177215189873418,0.25949367088607594,0.17721518987341772
-409.617829,158,1221.277769,25.0,0.8517932489451477,0.08860759493670886,0.05210970464135021,0.9936708860759493,0.24050632911392406,0.23417721518987342
-415.015498,158,1224.411177,0.0,1.0,0.06329113924050633,0.06329113924050633,0.9367088607594937,0.24050632911392406,0.17721518987341772
-455.644725,158,1227.399256,10.0,0.9404008438818564,0.0759493670886076,0.07278481012658228,0.8607594936708861,0.24050632911392406,0.10126582278481013
-430.10902,158,1230.443536,62.0,0.6176160337552742,0.0759493670886076,0.030108499095840867,0.8417721518987342,0.24050632911392406,0.08227848101265822
-351.159318,158,1233.485129,102.0,0.36219107896323083,0.08438818565400844,0.014978902953586495,0.8227848101265823,0.25949367088607594,0.08227848101265822
-448.770388,158,1236.820734,90.0,0.4617088607594937,0.10759493670886076,0.05756982117741612,0.8164556962025317,0.2721518987341772,0.08860759493670886
-396.612081,158,1239.951309,122.0,0.27278481012658223,0.1371308016877637,0.06180932288527225,0.8481012658227848,0.2848101265822785,0.13291139240506328
-444.278933,158,1243.071204,99.0,0.39847799879445456,0.11286919831223628,0.030937311633514167,0.879746835443038,0.24050632911392406,0.12025316455696203
-424.295757,158,1246.14849,46.0,0.7162447257383966,0.07067510548523206,0.03881856540084388,0.8291139240506329,0.24050632911392406,0.06962025316455696
-426.73092,158,1249.296543,75.0,0.562251356238698,0.13924050632911392,0.08167570825798674,0.810126582278481,0.25316455696202533,0.06329113924050633
-411.331992,158,1252.474579,110.0,0.32821729957805906,0.1181434599156118,0.04300783604581073,0.7784810126582279,0.25316455696202533,0.03164556962025317
-445.018555,158,1255.553799,33.0,0.8022151898734177,0.08122362869198312,0.04409282700421941,0.8607594936708861,0.24050632911392406,0.10126582278481013
-432.538206,158,1258.691994,71.0,0.5824894514767932,0.13924050632911392,0.08357444243520193,0.9113924050632911,0.2468354430379747,0.15822784810126583
-375.583112,158,1261.723147,110.0,0.32816455696202534,0.13080168776371306,0.05985533453887884,0.9367088607594937,0.24050632911392406,0.17721518987341772
-451.913912,158,1264.753094,60.0,0.6339662447257384,0.09071729957805906,0.026793248945147674,0.8227848101265823,0.24050632911392406,0.06329113924050633
-454.332029,158,1267.812804,29.0,0.819831223628692,0.07172995780590717,0.058966244725738394,0.9430379746835443,0.24050632911392406,0.18354430379746836
-456.326011,158,1270.888931,39.0,0.754746835443038,0.06645569620253164,0.040084388185654005,0.8354430379746836,0.25316455696202533,0.08860759493670886
-455.201048,158,1273.988263,27.0,0.8333936106088005,0.07383966244725738,0.06223628691983121,0.8734177215189873,0.24050632911392406,0.11392405063291139
-322.99428,158,1277.125375,146.0,0.13694996986136226,0.19092827004219406,0.07609928749169255,1.0,0.24050632911392406,0.24050632911392406
-303.19244,158,1280.337636,126.0,0.2521172393007836,0.16139240506329114,0.06092205965623687,0.9050632911392406,0.2468354430379747,0.1518987341772152
-409.087458,158,1283.551129,98.0,0.4203586497890295,0.13027426160337552,0.0731163351416516,0.879746835443038,0.24050632911392406,0.12025316455696203
-418.792651,158,1286.726387,122.0,0.25369198312236285,0.09493670886075949,0.035232067510548526,0.9493670886075949,0.24050632911392406,0.189873417721519
-434.388074,158,1289.817016,66.0,0.5912447257383967,0.08333333333333333,0.05159734779987944,0.9050632911392406,0.24050632911392406,0.14556962025316456
-448.181284,158,1292.774257,9.0,0.9493670886075949,0.06751054852320675,0.06835443037974684,0.8037974683544303,0.25316455696202533,0.056962025316455694
-432.080221,158,1295.769682,11.0,0.930379746835443,0.06329113924050633,0.06329113924050633,0.879746835443038,0.24050632911392406,0.12025316455696203
-452.679467,158,1298.786206,1.0,0.9936708860759493,0.06329113924050633,0.06329113924050633,0.879746835443038,0.24050632911392406,0.12025316455696203
-442.772701,158,1301.803187,0.0,1.0,0.06329113924050633,0.06329113924050633,0.8987341772151899,0.24050632911392406,0.13924050632911392
-438.922638,158,1304.830518,3.0,0.9810126582278481,0.06329113924050633,0.06329113924050633,0.8987341772151899,0.24050632911392406,0.13924050632911392
-439.13313,158,1307.77232,7.0,0.9556962025316456,0.06329113924050633,0.06329113924050633,0.9050632911392406,0.24050632911392406,0.14556962025316456
-461.170928,158,1310.818467,1.0,0.9936708860759493,0.06329113924050633,0.06329113924050633,0.8670886075949367,0.24050632911392406,0.10759493670886076
-448.256904,158,1313.814749,3.0,0.9841772151898734,0.06645569620253164,0.06645569620253164,0.8291139240506329,0.24050632911392406,0.06962025316455696
-462.244154,158,1316.86143,1.0,0.9936708860759493,0.06329113924050633,0.06329113924050633,0.810126582278481,0.24050632911392406,0.05063291139240506
-465.712706,158,1319.950557,0.0,1.0,0.06329113924050633,0.06329113924050633,0.7974683544303798,0.24050632911392406,0.0379746835443038
-458.258391,158,1323.007515,0.0,1.0,0.06329113924050633,0.06329113924050633,0.7658227848101266,0.2468354430379747,0.012658227848101266
-473.198406,158,1326.08279,0.0,1.0,0.06329113924050633,0.06329113924050633,0.7784810126582279,0.24050632911392406,0.0189873417721519
-465.620369,158,1329.1061,4.0,0.9746835443037974,0.06329113924050633,0.06329113924050633,0.7721518987341772,0.24050632911392406,0.012658227848101266
-468.567534,158,1332.099902,32.0,0.7974683544303798,0.06329113924050633,0.04430379746835443,0.7911392405063291,0.24050632911392406,0.03164556962025317
-429.217876,158,1335.108681,85.0,0.4891350210970464,0.12341772151898735,0.10595740405866988,0.810126582278481,0.24050632911392406,0.05063291139240506
-476.793834,158,1338.134641,47.0,0.7104430379746836,0.08122362869198312,0.06518987341772152,0.7784810126582279,0.24050632911392406,0.0189873417721519
-288.236661,158,1341.269179,142.0,0.193836648583484,0.25685654008438813,0.13096745027124773,0.8924050632911392,0.24050632911392406,0.13291139240506328
-218.586923,158,1344.422387,142.0,0.14553948161543098,0.15506329113924047,0.06095037170986538,0.8354430379746836,0.24050632911392406,0.0759493670886076
-465.673006,158,1347.490608,16.0,0.9018987341772152,0.06645569620253164,0.04113924050632911,0.8227848101265823,0.2468354430379747,0.06962025316455696
-468.657866,158,1350.579638,33.0,0.7911392405063291,0.06540084388185653,0.04113924050632911,0.7911392405063291,0.2468354430379747,0.0379746835443038
-456.974322,158,1353.613062,0.0,1.0,0.06329113924050633,0.06329113924050633,0.7721518987341772,0.2721518987341772,0.04430379746835443
-431.313949,158,1356.610872,0.0,1.0,0.06329113924050633,0.06329113924050633,0.7658227848101266,0.4936708860759494,0.25949367088607594
-460.978512,158,1359.646944,0.0,1.0,0.06329113924050633,0.06329113924050633,0.7721518987341772,0.26582278481012656,0.0379746835443038
-470.713263,158,1362.63926,10.0,0.9367088607594937,0.06329113924050633,0.06329113924050633,0.7848101265822784,0.24050632911392406,0.02531645569620253
-449.385341,158,1365.665412,17.0,0.8976793248945146,0.0759493670886076,0.07531645569620253,0.7784810126582279,0.2468354430379747,0.02531645569620253
-455.19586,158,1368.754197,45.0,0.7167721518987342,0.07172995780590717,0.06509945750452079,0.8164556962025317,0.2468354430379747,0.06329113924050633
-430.620021,158,1371.943449,119.0,0.26424050632911394,0.08122362869198312,0.02953586497890295,0.810126582278481,0.24050632911392406,0.05063291139240506
-384.684298,158,1375.021457,82.0,0.5200421940928269,0.13027426160337552,0.06582278481012659,0.7974683544303798,0.24050632911392406,0.0379746835443038
-426.847632,158,1378.105521,89.0,0.445675105485232,0.07911392405063292,0.017069428461833524,0.8227848101265823,0.24050632911392406,0.06329113924050633
-455.129978,158,1381.201556,102.0,0.3802742616033755,0.10021097046413502,0.054249547920433995,0.8037974683544303,0.24050632911392406,0.04430379746835443
-440.495436,158,1384.269395,83.0,0.5208107293550331,0.14504219409282698,0.06836949969861363,0.810126582278481,0.24050632911392406,0.05063291139240506
-438.913312,158,1387.326458,90.0,0.4760096443640748,0.13396624472573837,0.06690777576853527,0.8227848101265823,0.24050632911392406,0.06329113924050633
-450.357554,158,1390.421939,105.0,0.38364978902953584,0.15137130801687762,0.10204942736588309,0.7974683544303798,0.24050632911392406,0.0379746835443038
-422.737816,158,1393.484092,80.0,0.5453586497890295,0.16244725738396623,0.10024110910186859,0.8037974683544303,0.24050632911392406,0.04430379746835443
-401.595237,158,1396.606884,107.0,0.3588607594936709,0.12236286919831223,0.049326903757283505,0.8037974683544303,0.2911392405063291,0.0949367088607595
-452.882186,158,1399.70738,89.0,0.4546413502109704,0.08544303797468354,0.044303797468354424,0.7911392405063291,0.27848101265822783,0.06962025316455696
-430.379817,158,1402.861716,128.0,0.22047920433996382,0.1181434599156118,0.04582579867389994,0.7721518987341772,0.25949367088607594,0.03164556962025317
-402.113249,158,1406.003493,124.0,0.24324894514767934,0.11392405063291139,0.03884870403857745,0.759493670886076,0.3227848101265823,0.08227848101265822
-393.962798,158,1409.361394,115.0,0.3446202531645569,0.18670886075949367,0.13294153104279685,0.7658227848101266,0.2974683544303797,0.06329113924050633
-363.864069,158,1412.535231,140.0,0.19936708860759492,0.22257383966244723,0.14412296564195298,0.810126582278481,0.24050632911392406,0.05063291139240506
-398.654325,158,1415.664901,132.0,0.24826702833031947,0.2172995780590717,0.13276572232268435,0.7848101265822784,0.24050632911392406,0.02531645569620253
-425.166626,158,1418.769204,131.0,0.23860759493670883,0.18776371308016876,0.10840867992766726,0.8164556962025317,0.24050632911392406,0.056962025316455694
-416.987009,158,1421.882306,116.0,0.34082278481012657,0.19092827004219406,0.1054751858549327,0.9177215189873418,0.24050632911392406,0.15822784810126583
-446.673204,158,1425.028713,8.0,0.9493670886075949,0.06329113924050633,0.05063291139240506,0.8734177215189873,0.24050632911392406,0.11392405063291139
-449.23635,158,1428.222423,13.0,0.9177215189873418,0.06329113924050633,0.056962025316455694,0.8607594936708861,0.24050632911392406,0.10126582278481013
-442.075984,158,1431.390631,125.0,0.2613773357444244,0.17827004219409281,0.07132810930279285,0.8037974683544303,0.24050632911392406,0.04430379746835443
-452.81188,158,1434.547018,108.0,0.3410488245931284,0.12763713080168776,0.04971368294153104,0.7848101265822784,0.24050632911392406,0.02531645569620253
-453.682102,158,1437.646892,92.0,0.4497940526421539,0.13396624472573837,0.050216906862476485,0.810126582278481,0.2468354430379747,0.056962025316455694
-441.654018,158,1440.696295,50.0,0.6914556962025317,0.0780590717299578,0.04472573839662447,0.7974683544303798,0.24050632911392406,0.0379746835443038
-448.774021,158,1443.814963,50.0,0.6872362869198313,0.06856540084388185,0.029656419529837254,0.8291139240506329,0.24050632911392406,0.06962025316455696
-470.137277,158,1446.828039,13.0,0.9177215189873418,0.06329113924050633,0.0379746835443038,0.8481012658227848,0.24050632911392406,0.08860759493670886
-477.948849,158,1449.871917,27.0,0.8391350210970465,0.08649789029535865,0.05886075949367089,0.7974683544303798,0.24050632911392406,0.0379746835443038
-469.820754,158,1452.893886,23.0,0.8560126582278481,0.06645569620253164,0.03375527426160337,0.7974683544303798,0.24050632911392406,0.0379746835443038
-473.319533,158,1455.889498,24.0,0.8481012658227848,0.06329113924050633,0.02531645569620253,0.8227848101265823,0.24050632911392406,0.06329113924050633
-473.337618,158,1458.902466,27.0,0.8322784810126582,0.06645569620253164,0.05379746835443038,0.8227848101265823,0.24050632911392406,0.06329113924050633
-450.174919,158,1461.899416,34.0,0.7879746835443038,0.06645569620253164,0.05379746835443038,0.8481012658227848,0.24050632911392406,0.08860759493670886
-459.089795,158,1464.901924,43.0,0.7378691983122363,0.07700421940928269,0.07712477396021701,0.8924050632911392,0.24050632911392406,0.13291139240506328
-456.564949,158,1467.995353,25.0,0.8449367088607594,0.06645569620253164,0.060126582278481014,0.8734177215189873,0.24050632911392406,0.11392405063291139
-463.196313,158,1471.057627,109.0,0.3401898734177215,0.11075949367088607,0.04725738396624472,0.8481012658227848,0.24050632911392406,0.08860759493670886
-456.08006,158,1474.119253,83.0,0.5094484629294755,0.12025316455696203,0.08214788024914607,0.810126582278481,0.24050632911392406,0.05063291139240506
-459.464771,158,1477.202869,25.0,0.8438818565400843,0.06645569620253164,0.053164556962025315,0.8037974683544303,0.24050632911392406,0.04430379746835443
-434.573428,158,1480.338411,69.0,0.5791742013261001,0.10759493670886076,0.06500904159132007,0.8291139240506329,0.33544303797468356,0.16455696202531644
-399.477044,158,1483.494191,117.0,0.2987191078963231,0.1529535864978903,0.06702330721318063,0.7974683544303798,0.24050632911392406,0.0379746835443038
-146.763275,158,1486.637956,136.0,0.21421790235081373,0.2784810126582278,0.11969057665260197,0.7848101265822784,0.2468354430379747,0.03164556962025317
-442.110353,158,1489.75904,20.0,0.8765822784810127,0.06962025316455696,0.07067510548523206,0.8354430379746836,0.24050632911392406,0.0759493670886076
-448.30264,158,1492.803348,13.0,0.9177215189873418,0.06329113924050633,0.056962025316455694,0.7911392405063291,0.24050632911392406,0.03164556962025317
-455.24342,158,1495.841423,20.0,0.8765822784810127,0.06856540084388185,0.056962025316455694,0.8354430379746836,0.24050632911392406,0.0759493670886076
-476.047993,158,1498.859452,0.0,1.0,0.06329113924050633,0.06329113924050633,0.7721518987341772,0.24050632911392406,0.012658227848101266
-450.467915,158,1501.870892,18.0,0.8873417721518987,0.06856540084388185,0.0682640144665461,0.8227848101265823,0.25949367088607594,0.08227848101265822
-389.512145,158,1504.940938,64.0,0.6350210970464135,0.13818565400843882,0.1366485834840265,0.7974683544303798,0.24050632911392406,0.0379746835443038
-432.314773,158,1508.04392,89.0,0.4642405063291139,0.11181434599156116,0.0795810729355033,0.8924050632911392,0.24050632911392406,0.13291139240506328
-449.930971,158,1511.126482,71.0,0.5580168776371308,0.08386075949367089,0.06772151898734177,0.8734177215189873,0.24050632911392406,0.11392405063291139
-430.433872,158,1514.248049,59.0,0.6350210970464135,0.07489451476793248,0.03776371308016878,0.8670886075949367,0.24050632911392406,0.10759493670886076
-465.316003,158,1517.316913,7.0,0.9556962025316456,0.06329113924050633,0.05063291139240506,0.7848101265822784,0.24050632911392406,0.02531645569620253
-430.611949,158,1520.395868,48.0,0.7030590717299579,0.0759493670886076,0.06898734177215189,0.8860759493670886,0.24050632911392406,0.12658227848101267
-441.686117,158,1523.489081,98.0,0.4128691983122363,0.1350210970464135,0.10204942736588306,0.8227848101265823,0.24050632911392406,0.06329113924050633
-394.779267,158,1526.664135,122.0,0.3065400843881857,0.17774261603375524,0.10596745027124772,0.7974683544303798,0.24050632911392406,0.0379746835443038
-432.690752,158,1529.779609,57.0,0.6581223628691983,0.09071729957805906,0.053244926662648184,0.7848101265822784,0.24050632911392406,0.02531645569620253
-450.123547,158,1532.860325,54.0,0.6819620253164557,0.10126582278481013,0.06955997588908981,0.7911392405063291,0.24050632911392406,0.03164556962025317
-427.766169,158,1535.911784,115.0,0.3296413502109704,0.1518987341772152,0.09015471167369901,0.8227848101265823,0.24050632911392406,0.06329113924050633
-452.118347,158,1538.953497,41.0,0.758649789029536,0.0949367088607595,0.05189873417721518,0.7658227848101266,0.24050632911392406,0.006329113924050633
-329.786198,158,1542.068194,95.0,0.45311934900542505,0.1582278481012658,0.10215491259795056,0.7784810126582279,0.24050632911392406,0.0189873417721519
-435.803786,158,1545.184603,97.0,0.4302290536467752,0.1418776371308017,0.09530339561985132,0.7848101265822784,0.26582278481012656,0.05063291139240506
-231.979472,158,1548.323313,130.0,0.274789029535865,0.19251054852320673,0.12269439421338156,0.8164556962025317,0.2848101265822785,0.10126582278481013
-470.697645,158,1551.407727,30.0,0.8138185654008437,0.07278481012658228,0.04957805907172996,0.810126582278481,0.24050632911392406,0.05063291139240506
-462.675633,158,1554.377021,47.0,0.7183544303797469,0.08649789029535865,0.059915611814345994,0.759493670886076,0.24050632911392406,0.0
-464.215424,158,1557.383986,17.0,0.8924050632911392,0.06329113924050633,0.056962025316455694,0.7721518987341772,0.24050632911392406,0.012658227848101266
-435.888164,158,1560.465652,70.0,0.5782700421940928,0.11181434599156116,0.06594333936106087,0.7974683544303798,0.24050632911392406,0.0379746835443038
-440.65557,158,1563.551884,53.0,0.6816455696202531,0.08544303797468354,0.03512658227848101,0.7911392405063291,0.24050632911392406,0.03164556962025317
-468.657659,158,1566.63966,51.0,0.679324894514768,0.06962025316455696,0.070042194092827,0.8037974683544303,0.24050632911392406,0.04430379746835443
-432.322691,158,1569.695969,75.0,0.556434599156118,0.11392405063291139,0.08179626280892102,0.810126582278481,0.24050632911392406,0.05063291139240506
-435.872297,158,1572.77271,62.0,0.6313291139240507,0.09599156118143458,0.07567811934900541,0.8734177215189873,0.24050632911392406,0.11392405063291139
-432.393097,158,1575.828295,72.0,0.5719409282700423,0.10021097046413502,0.0673297166968053,0.810126582278481,0.24050632911392406,0.05063291139240506
-432.629323,158,1578.898727,86.0,0.5255274261603375,0.1962025316455696,0.14583082178018886,0.8987341772151899,0.24050632911392406,0.13924050632911392
-475.643953,158,1582.141464,5.0,0.9683544303797469,0.06329113924050633,0.06329113924050633,0.8227848101265823,0.2468354430379747,0.06962025316455696
-479.813277,158,1585.201602,3.0,0.9810126582278481,0.06329113924050633,0.06329113924050633,0.810126582278481,0.24050632911392406,0.05063291139240506
-477.987525,158,1588.259179,6.0,0.9620253164556962,0.06329113924050633,0.06329113924050633,0.8227848101265823,0.24050632911392406,0.06329113924050633
-483.024415,158,1591.357941,38.0,0.7710970464135022,0.08227848101265822,0.07257383966244725,0.7974683544303798,0.24050632911392406,0.0379746835443038
-479.821014,158,1594.39158,13.0,0.9198312236286919,0.06645569620253164,0.06582278481012659,0.7721518987341772,0.25316455696202533,0.02531645569620253
-349.539655,158,1597.476564,100.0,0.39968354430379743,0.13818565400843882,0.08034960819770948,0.8354430379746836,0.25316455696202533,0.08860759493670886
-460.88166,158,1600.527497,8.0,0.9493670886075949,0.06329113924050633,0.06329113924050633,0.8354430379746836,0.24050632911392406,0.0759493670886076
-469.027129,158,1603.592211,2.0,0.9873417721518988,0.06329113924050633,0.06329113924050633,0.8417721518987342,0.24050632911392406,0.08227848101265822
-453.678491,158,1606.660661,0.0,1.0,0.06329113924050633,0.06329113924050633,0.810126582278481,0.24050632911392406,0.05063291139240506
-457.128044,158,1609.72128,2.0,0.9873417721518988,0.06329113924050633,0.06329113924050633,0.7721518987341772,0.2468354430379747,0.0189873417721519
-445.409019,158,1612.834676,47.0,0.7143459915611815,0.09177215189873418,0.07965641952983725,0.8164556962025317,0.2974683544303797,0.11392405063291139
-189.851843,158,1616.056831,131.0,0.22147377938517182,0.15717299578059069,0.0891500904159132,0.7974683544303798,0.6772151898734177,0.47468354430379744
-123.050837,158,1619.404588,142.0,0.1576853526220615,0.17563291139240506,0.07870750908725593,0.7974683544303798,0.759493670886076,0.5569620253164557
-315.646657,158,1622.581147,129.0,0.24113924050632912,0.16244725738396626,0.09392706449668475,0.8987341772151899,0.2721518987341772,0.17088607594936708
-412.503487,158,1625.67337,86.0,0.5061708860759493,0.1371308016877637,0.08833634719710669,0.9240506329113924,0.24050632911392406,0.16455696202531644
-442.911783,158,1628.707908,0.0,1.0,0.06329113924050633,0.06329113924050633,0.8670886075949367,0.24050632911392406,0.10759493670886076
-465.054834,158,1631.76505,0.0,1.0,0.06329113924050633,0.06329113924050633,0.7784810126582279,0.24050632911392406,0.0189873417721519
-477.856294,158,1634.811982,0.0,1.0,0.06329113924050633,0.06329113924050633,0.7784810126582279,0.24050632911392406,0.0189873417721519
-479.552894,158,1637.852755,4.0,0.9746835443037974,0.06329113924050633,0.06329113924050633,0.7721518987341772,0.2848101265822785,0.056962025316455694
-455.687082,158,1640.905105,57.0,0.6534810126582279,0.08227848101265822,0.05982519590114527,0.7658227848101266,0.26582278481012656,0.03164556962025317
-473.46368,158,1643.960941,65.0,0.6130801687763714,0.10021097046413502,0.08821579264617238,0.810126582278481,0.24050632911392406,0.05063291139240506
-478.159967,158,1646.985361,8.0,0.9525316455696202,0.06645569620253164,0.06645569620253164,0.7911392405063291,0.2468354430379747,0.0379746835443038
-486.969759,158,1649.967635,2.0,0.9873417721518988,0.06329113924050633,0.06329113924050633,0.7784810126582279,0.24050632911392406,0.0189873417721519
-484.851876,158,1652.915918,1.0,0.9936708860759493,0.06329113924050633,0.06329113924050633,0.7911392405063291,0.24050632911392406,0.03164556962025317
-464.713062,158,1655.881395,2.0,0.9873417721518988,0.06329113924050633,0.06329113924050633,0.7848101265822784,0.24050632911392406,0.02531645569620253
-454.650742,158,1658.897067,0.0,1.0,0.06329113924050633,0.06329113924050633,0.7658227848101266,0.24050632911392406,0.006329113924050633
-471.481033,158,1661.980759,3.0,0.9810126582278481,0.06329113924050633,0.06329113924050633,0.7721518987341772,0.24050632911392406,0.012658227848101266
-462.444777,158,1665.006362,5.0,0.9715189873417721,0.06645569620253164,0.06645569620253164,0.7658227848101266,0.24050632911392406,0.006329113924050633
-468.377382,158,1668.007462,8.0,0.9514767932489452,0.06856540084388185,0.06962025316455696,0.7911392405063291,0.2468354430379747,0.0379746835443038
-453.722102,158,1671.001009,27.0,0.835970464135021,0.07278481012658228,0.07109704641350212,0.7848101265822784,0.25949367088607594,0.04430379746835443
-454.456378,158,1673.977358,18.0,0.8876582278481012,0.06645569620253164,0.05274261603375527,0.810126582278481,0.25949367088607594,0.06962025316455696
-435.142181,158,1677.07758,53.0,0.6811181434599156,0.0949367088607595,0.07659734779987944,0.8670886075949367,0.25949367088607594,0.12658227848101267
-445.995261,158,1680.148416,72.0,0.5628691983122364,0.08966244725738397,0.04514767932489451,0.8417721518987342,0.25949367088607594,0.10126582278481013
-440.086536,158,1683.247386,61.0,0.6386075949367088,0.12130801687763712,0.07955093429776973,0.8164556962025317,0.25949367088607594,0.0759493670886076
-427.347586,158,1686.335657,82.0,0.5123417721518988,0.11708860759493671,0.07562788828611614,0.8164556962025317,0.24050632911392406,0.056962025316455694
-469.69819,158,1689.377836,75.0,0.5550632911392406,0.12130801687763712,0.06794755877034359,0.7848101265822784,0.2468354430379747,0.03164556962025317
-457.040834,158,1692.472391,61.0,0.6276371308016877,0.08755274261603375,0.06413502109704641,0.810126582278481,0.24050632911392406,0.05063291139240506
-489.755762,158,1695.529426,89.0,0.45991561181434604,0.10443037974683544,0.059282700421940934,0.7848101265822784,0.24050632911392406,0.02531645569620253
-480.008476,158,1698.500468,65.0,0.5970464135021096,0.07278481012658228,0.0550632911392405,0.7658227848101266,0.24050632911392406,0.006329113924050633
-459.825248,158,1701.457384,30.0,0.8122362869198313,0.07172995780590717,0.07383966244725738,0.7658227848101266,0.24050632911392406,0.006329113924050633
-474.645603,158,1704.461645,15.0,0.9098101265822784,0.07172995780590717,0.06835443037974684,0.7721518987341772,0.24050632911392406,0.012658227848101266
-432.627411,158,1707.517871,43.0,0.7517932489451477,0.0981012658227848,0.06805304400241109,0.759493670886076,0.2721518987341772,0.03164556962025317
-472.399951,158,1710.627062,4.0,0.9746835443037974,0.06329113924050633,0.06329113924050633,0.7848101265822784,0.25316455696202533,0.0379746835443038
-482.810146,158,1713.753448,8.0,0.9514767932489451,0.06856540084388185,0.0689873417721519,0.7974683544303798,0.24050632911392406,0.0379746835443038
-478.050757,158,1716.806056,4.0,0.9778481012658228,0.06645569620253164,0.06645569620253164,0.759493670886076,0.24050632911392406,0.0
-484.267249,158,1719.827158,20.0,0.875,0.06540084388185653,0.06509945750452079,0.759493670886076,0.25316455696202533,0.012658227848101266
-472.177701,158,1722.868451,25.0,0.8486286919831224,0.0759493670886076,0.05949367088607594,0.7658227848101266,0.25316455696202533,0.0189873417721519
-480.148481,158,1725.880394,9.0,0.9430379746835443,0.06329113924050633,0.06329113924050633,0.759493670886076,0.25949367088607594,0.0189873417721519
-466.091075,158,1728.857722,14.0,0.9177215189873418,0.07172995780590717,0.07046413502109704,0.759493670886076,0.26582278481012656,0.02531645569620253
-453.906383,158,1731.906033,44.0,0.7457805907172995,0.09282700421940927,0.06630500301386377,0.759493670886076,0.2721518987341772,0.03164556962025317
-462.06048,158,1734.945174,53.0,0.67457805907173,0.0759493670886076,0.05509342977697409,0.759493670886076,0.2721518987341772,0.03164556962025317
-475.494548,158,1738.034914,44.0,0.7262658227848101,0.06751054852320675,0.05497287522603978,0.7658227848101266,0.2468354430379747,0.012658227848101266
-455.858891,158,1741.201083,56.0,0.6640295358649788,0.08333333333333333,0.08183644765923247,0.759493670886076,0.24050632911392406,0.0
-483.923233,158,1744.252625,17.0,0.8955696202531646,0.06645569620253164,0.06645569620253164,0.7658227848101266,0.25316455696202533,0.0189873417721519
-483.184279,158,1747.332394,42.0,0.740506329113924,0.07172995780590717,0.03839662447257384,0.7911392405063291,0.24050632911392406,0.03164556962025317
-468.739574,158,1750.32907,15.0,0.9071729957805906,0.06856540084388185,0.0689873417721519,0.7721518987341772,0.24050632911392406,0.012658227848101266
-417.316054,158,1753.44,82.0,0.5103978300180831,0.12869198312236285,0.06650592726542094,0.7784810126582279,0.24050632911392406,0.0189873417721519
-470.556032,158,1756.456282,30.0,0.819620253164557,0.08333333333333333,0.06835443037974684,0.7721518987341772,0.24050632911392406,0.012658227848101266
-469.954583,158,1759.448828,50.0,0.7030590717299577,0.0949367088607595,0.059810126582278474,0.7658227848101266,0.24050632911392406,0.006329113924050633
-462.174987,158,1762.474652,35.0,0.7958860759493671,0.0970464135021097,0.0740506329113924,0.7658227848101266,0.24050632911392406,0.006329113924050633
-466.898138,158,1765.524476,25.0,0.858649789029536,0.08333333333333333,0.0679324894514768,0.759493670886076,0.24050632911392406,0.0
-493.881604,158,1768.851446,23.0,0.8607594936708861,0.07278481012658228,0.07056962025316456,0.759493670886076,0.24050632911392406,0.0
-485.863995,158,1771.874915,34.0,0.8022151898734177,0.08966244725738397,0.06371308016877637,0.759493670886076,0.24050632911392406,0.0
-479.77081,158,1774.874437,27.0,0.8459915611814346,0.09177215189873418,0.07763713080168776,0.7658227848101266,0.2468354430379747,0.012658227848101266
-470.961863,158,1777.898632,44.0,0.7331223628691983,0.07700421940928269,0.05,0.759493670886076,0.24050632911392406,0.0
-398.736753,158,1781.05555,63.0,0.6186357243319268,0.12974683544303797,0.07098242826090927,0.8924050632911392,0.24050632911392406,0.13291139240506328
-423.560409,158,1784.179918,45.0,0.7209915611814346,0.07172995780590717,0.03839662447257384,0.9050632911392406,0.24050632911392406,0.14556962025316456
-440.690634,158,1787.17769,0.0,1.0,0.06329113924050633,0.06329113924050633,0.8291139240506329,0.24050632911392406,0.06962025316455696
-464.366998,158,1790.161895,0.0,1.0,0.06329113924050633,0.06329113924050633,0.759493670886076,0.24050632911392406,0.0
-462.765116,158,1793.15087,0.0,1.0,0.06329113924050633,0.06329113924050633,0.759493670886076,0.24050632911392406,0.0
-462.42742,158,1796.102417,0.0,1.0,0.06329113924050633,0.06329113924050633,0.759493670886076,0.24050632911392406,0.0
-464.29993,158,1799.135937,15.0,0.9075949367088608,0.06751054852320675,0.06645569620253164,0.759493670886076,0.24050632911392406,0.0
-480.853597,158,1802.119983,22.0,0.8660337552742615,0.07489451476793248,0.022573839662447255,0.7658227848101266,0.2468354430379747,0.012658227848101266
-465.994364,158,1805.07575,0.0,1.0,0.06329113924050633,0.06329113924050633,0.7721518987341772,0.24050632911392406,0.012658227848101266
-469.869131,158,1808.057641,0.0,1.0,0.06329113924050633,0.06329113924050633,0.7658227848101266,0.24050632911392406,0.006329113924050633
-477.454937,158,1810.998057,12.0,0.929324894514768,0.06962025316455696,0.06265822784810127,0.7784810126582279,0.24050632911392406,0.0189873417721519
-468.786289,158,1813.965545,35.0,0.7816455696202531,0.07489451476793248,0.02573839662447257,0.7974683544303798,0.24050632911392406,0.0379746835443038
-469.329291,158,1816.969065,8.0,0.9493670886075949,0.06329113924050633,0.06329113924050633,0.7784810126582279,0.24050632911392406,0.0189873417721519
-463.888556,158,1819.93834,1.0,0.9936708860759493,0.06329113924050633,0.06329113924050633,0.7658227848101266,0.24050632911392406,0.006329113924050633
-488.637017,158,1822.958937,1.0,0.9936708860759493,0.06329113924050633,0.06329113924050633,0.7848101265822784,0.24050632911392406,0.02531645569620253
-492.617552,158,1825.963618,8.0,0.9493670886075949,0.06329113924050633,0.06329113924050633,0.759493670886076,0.24050632911392406,0.0
-497.43079,158,1828.967209,16.0,0.9034810126582279,0.07172995780590717,0.07215189873417721,0.759493670886076,0.24050632911392406,0.0
-491.016658,158,1832.002677,12.0,0.9272151898734177,0.07278481012658228,0.07172995780590717,0.759493670886076,0.24050632911392406,0.0
-498.052372,158,1835.04824,17.0,0.8945147679324895,0.06540084388185653,0.06540084388185653,0.759493670886076,0.24050632911392406,0.0
-477.382365,158,1838.049368,10.0,0.9367088607594937,0.06329113924050633,0.06329113924050633,0.759493670886076,0.24050632911392406,0.0
-481.351063,158,1841.039094,17.0,0.8924050632911392,0.06329113924050633,0.06329113924050633,0.7721518987341772,0.24050632911392406,0.012658227848101266
-467.49731,158,1844.072867,14.0,0.9113924050632911,0.06329113924050633,0.04430379746835443,0.7658227848101266,0.24050632911392406,0.006329113924050633
-471.166405,158,1847.154946,34.0,0.8001054852320675,0.08860759493670886,0.04430379746835443,0.7658227848101266,0.2468354430379747,0.012658227848101266
-474.485863,158,1850.202806,18.0,0.8892405063291139,0.06487341772151899,0.040084388185654005,0.7721518987341772,0.2468354430379747,0.0189873417721519
-462.218876,158,1853.290868,9.0,0.9430379746835443,0.06329113924050633,0.06329113924050633,0.810126582278481,0.24050632911392406,0.05063291139240506
-430.492695,158,1856.399637,44.0,0.7362869198312236,0.08966244725738397,0.05890596745027125,0.8417721518987342,0.24050632911392406,0.08227848101265822
-468.563461,158,1859.43579,40.0,0.760548523206751,0.08438818565400844,0.07573839662447258,0.8734177215189873,0.24050632911392406,0.11392405063291139
-462.690891,158,1862.395511,36.0,0.7805907172995781,0.07278481012658228,0.042616033755274264,0.7974683544303798,0.24050632911392406,0.0379746835443038
-476.155448,158,1865.396316,56.0,0.6521097046413502,0.07489451476793248,0.026160337552742614,0.759493670886076,0.24050632911392406,0.0
-440.084362,158,1868.454105,81.0,0.5052742616033755,0.10284810126582279,0.07492465340566605,0.7721518987341772,0.27848101265822783,0.05063291139240506
-455.166876,158,1871.473643,68.0,0.5803797468354429,0.08122362869198312,0.0311332127787824,0.810126582278481,0.2468354430379747,0.056962025316455694
-440.83169,158,1874.484795,73.0,0.5775316455696202,0.1260548523206751,0.08631705846895721,0.7848101265822784,0.24050632911392406,0.02531645569620253
-471.050565,158,1877.577667,18.0,0.8860759493670886,0.06329113924050633,0.04430379746835443,0.7848101265822784,0.24050632911392406,0.02531645569620253
-477.825496,158,1880.682698,1.0,0.9936708860759493,0.06329113924050633,0.06329113924050633,0.7974683544303798,0.24050632911392406,0.0379746835443038
-460.112694,158,1883.723546,0.0,1.0,0.06329113924050633,0.06329113924050633,0.7784810126582279,0.24050632911392406,0.0189873417721519
-479.500984,158,1886.673826,12.0,0.9272151898734177,0.06645569620253164,0.05379746835443038,0.7911392405063291,0.24050632911392406,0.03164556962025317
-468.521992,158,1889.667119,60.0,0.6447860156720916,0.10126582278481011,0.04043098251959011,0.8037974683544303,0.24050632911392406,0.04430379746835443
-473.970821,158,1892.660417,43.0,0.734704641350211,0.07278481012658228,0.07109704641350212,0.7848101265822784,0.24050632911392406,0.02531645569620253
-479.927648,158,1895.666897,67.0,0.5833333333333334,0.07172995780590717,0.039240506329113925,0.7721518987341772,0.24050632911392406,0.012658227848101266
-469.208052,158,1898.684798,24.0,0.8570675105485231,0.07489451476793248,0.07320675105485232,0.7721518987341772,0.24050632911392406,0.012658227848101266
-449.1929,158,1901.707483,25.0,0.8607594936708861,0.08544303797468354,0.08291139240506329,0.759493670886076,0.24050632911392406,0.0
-478.278612,158,1904.731413,17.0,0.8960970464135022,0.06856540084388185,0.06751054852320675,0.7658227848101266,0.24050632911392406,0.006329113924050633
-454.643907,158,1907.77278,20.0,0.8734177215189873,0.06329113924050633,0.056962025316455694,0.7721518987341772,0.24050632911392406,0.012658227848101266
-461.156738,158,1910.879055,19.0,0.8839662447257385,0.07911392405063292,0.08270042194092826,0.7848101265822784,0.24050632911392406,0.02531645569620253
-469.238599,158,1913.915784,23.0,0.8544303797468354,0.06329113924050633,0.06329113924050633,0.7911392405063291,0.24050632911392406,0.03164556962025317
-476.288431,158,1916.947106,8.0,0.9525316455696202,0.06962025316455696,0.07067510548523206,0.8164556962025317,0.24050632911392406,0.056962025316455694
-496.355414,158,1919.967053,5.0,0.9683544303797469,0.06329113924050633,0.06329113924050633,0.7974683544303798,0.24050632911392406,0.0379746835443038
-469.889316,158,1923.006145,4.0,0.9778481012658228,0.06645569620253164,0.06645569620253164,0.7974683544303798,0.24050632911392406,0.0379746835443038
-486.939749,158,1926.036484,2.0,0.9873417721518988,0.06329113924050633,0.06329113924050633,0.7974683544303798,0.24050632911392406,0.0379746835443038
-485.857835,158,1929.0358,1.0,0.9936708860759493,0.06329113924050633,0.06329113924050633,0.7784810126582279,0.24050632911392406,0.0189873417721519
-475.18494,158,1932.018533,5.0,0.9683544303797469,0.06329113924050633,0.056962025316455694,0.7911392405063291,0.24050632911392406,0.03164556962025317
-468.151581,158,1934.989214,28.0,0.8291139240506329,0.0759493670886076,0.07172995780590717,0.7848101265822784,0.2468354430379747,0.03164556962025317
-468.229062,158,1937.956822,16.0,0.8987341772151899,0.07172995780590717,0.05379746835443038,0.7848101265822784,0.24050632911392406,0.02531645569620253
-460.802803,158,1940.97208,14.0,0.9187763713080168,0.0759493670886076,0.07215189873417721,0.8417721518987342,0.24050632911392406,0.08227848101265822
-356.380772,158,1944.041121,106.0,0.36814345991561187,0.1529535864978903,0.061784207353827614,0.810126582278481,0.24050632911392406,0.05063291139240506
-404.18236,158,1947.109136,69.0,0.6075949367088608,0.15400843881856538,0.09135021097046414,0.7911392405063291,0.24050632911392406,0.03164556962025317
-454.667518,158,1950.163498,59.0,0.6375527426160338,0.08966244725738395,0.02153405666063894,0.8354430379746836,0.24050632911392406,0.0759493670886076
-461.179716,158,1953.423354,23.0,0.8631404460518384,0.08755274261603375,0.06195499296765119,0.8164556962025317,0.24050632911392406,0.056962025316455694
-487.660069,158,1956.484282,18.0,0.891350210970464,0.06962025316455696,0.03734177215189874,0.7911392405063291,0.24050632911392406,0.03164556962025317
-496.15635,158,1959.483305,15.0,0.9071729957805906,0.06856540084388185,0.04430379746835443,0.7911392405063291,0.24050632911392406,0.03164556962025317
-467.277475,158,1962.486045,5.0,0.9715189873417721,0.06540084388185653,0.06582278481012659,0.7721518987341772,0.24050632911392406,0.012658227848101266
-479.006291,158,1965.493883,2.0,0.9873417721518988,0.06329113924050633,0.06329113924050633,0.759493670886076,0.24050632911392406,0.0
-487.84694,158,1968.424375,4.0,0.9778481012658228,0.06645569620253164,0.06645569620253164,0.759493670886076,0.24050632911392406,0.0
-483.335212,158,1971.416771,5.0,0.9683544303797469,0.06329113924050633,0.06329113924050633,0.7784810126582279,0.2468354430379747,0.02531645569620253
-440.948462,158,1974.518961,17.0,0.9029535864978904,0.07383966244725738,0.07362869198312236,0.8734177215189873,0.24050632911392406,0.11392405063291139
-429.166933,158,1977.592108,19.0,0.879746835443038,0.06540084388185653,0.04113924050632911,0.7784810126582279,0.24050632911392406,0.0189873417721519
-479.177379,158,1980.675813,5.0,0.9683544303797469,0.06329113924050633,0.056962025316455694,0.7721518987341772,0.24050632911392406,0.012658227848101266
-460.874726,158,1983.676078,4.0,0.9746835443037974,0.06329113924050633,0.06329113924050633,0.7721518987341772,0.24050632911392406,0.012658227848101266
-478.627084,158,1986.703945,27.0,0.8374472573839662,0.07911392405063292,0.04243520192887282,0.759493670886076,0.25316455696202533,0.012658227848101266
-482.169793,158,1989.775246,1.0,0.9936708860759493,0.06329113924050633,0.06329113924050633,0.759493670886076,0.2468354430379747,0.006329113924050633
-476.048511,158,1992.770824,4.0,0.9746835443037974,0.06329113924050633,0.06329113924050633,0.759493670886076,0.24050632911392406,0.0
-468.451115,158,1995.736279,9.0,0.944620253164557,0.06645569620253164,0.06540084388185653,0.759493670886076,0.24050632911392406,0.0
-468.381026,158,1998.763248,64.0,0.6030590717299578,0.0780590717299578,0.06657625075346595,0.759493670886076,0.24050632911392406,0.0
-460.25233,158,2001.800723,33.0,0.7958860759493671,0.06962025316455696,0.049578059071729956,0.7848101265822784,0.24050632911392406,0.02531645569620253
-489.953132,158,2004.776927,15.0,0.9071729957805906,0.06645569620253164,0.059493670886075954,0.7658227848101266,0.25316455696202533,0.0189873417721519
-462.833383,158,2007.741269,0.0,1.0,0.06329113924050633,0.06329113924050633,0.7658227848101266,0.24050632911392406,0.006329113924050633
-474.913834,158,2010.751708,25.0,0.8481012658227848,0.07172995780590717,0.060548523206751054,0.7848101265822784,0.24050632911392406,0.02531645569620253
-428.628308,158,2013.878095,120.0,0.2643007836045811,0.11972573839662445,0.03767329716696805,0.7658227848101266,0.24050632911392406,0.006329113924050633
-467.736173,158,2016.934661,53.0,0.689873417721519,0.0991561181434599,0.06955997588908981,0.8481012658227848,0.24050632911392406,0.08860759493670886
-456.725682,158,2020.01355,56.0,0.6616033755274261,0.08122362869198312,0.07343279083785412,0.8607594936708861,0.24050632911392406,0.10126582278481013
-442.643319,158,2023.052283,85.0,0.49947257383966237,0.13291139240506328,0.06555153707052441,0.8291139240506329,0.24050632911392406,0.06962025316455696
-459.27685,158,2026.108621,54.0,0.668625678119349,0.08175105485232068,0.061322081575246136,0.7974683544303798,0.24050632911392406,0.0379746835443038
-470.937872,158,2029.138037,28.0,0.8264767932489451,0.07278481012658228,0.049578059071729956,0.7721518987341772,0.24050632911392406,0.012658227848101266
-469.783672,158,2032.087617,5.0,0.9683544303797469,0.06329113924050633,0.06329113924050633,0.7658227848101266,0.24050632911392406,0.006329113924050633
-467.346419,158,2035.114863,8.0,0.9493670886075949,0.06329113924050633,0.06329113924050633,0.7784810126582279,0.24050632911392406,0.0189873417721519
-455.568853,158,2038.177185,16.0,0.9024261603375526,0.07278481012658228,0.06856540084388185,0.7911392405063291,0.24050632911392406,0.03164556962025317
-494.298127,158,2041.143679,4.0,0.9746835443037974,0.06329113924050633,0.06329113924050633,0.7658227848101266,0.24050632911392406,0.006329113924050633
-456.722428,158,2044.110092,13.0,0.9177215189873418,0.06329113924050633,0.06329113924050633,0.7721518987341772,0.24050632911392406,0.012658227848101266
-391.278287,158,2047.27483,73.0,0.5755274261603376,0.12341772151898735,0.07091621458710066,0.8037974683544303,0.2468354430379747,0.05063291139240506
-479.760373,158,2050.269428,2.0,0.9873417721518988,0.06329113924050633,0.06329113924050633,0.7974683544303798,0.24050632911392406,0.0379746835443038
-456.025447,158,2053.276718,4.0,0.9778481012658228,0.06645569620253164,0.06645569620253164,0.7911392405063291,0.24050632911392406,0.03164556962025317
-464.845579,158,2056.233035,0.0,1.0,0.06329113924050633,0.06329113924050633,0.7848101265822784,0.24050632911392406,0.02531645569620253
-472.61007,158,2059.230754,0.0,1.0,0.06329113924050633,0.06329113924050633,0.7721518987341772,0.24050632911392406,0.012658227848101266
-461.596393,158,2062.214521,0.0,1.0,0.06329113924050633,0.06329113924050633,0.7784810126582279,0.24050632911392406,0.0189873417721519
-450.80519,158,2065.199008,0.0,1.0,0.06329113924050633,0.06329113924050633,0.7911392405063291,0.24050632911392406,0.03164556962025317
-463.036103,158,2068.221942,0.0,1.0,0.06329113924050633,0.06329113924050633,0.7658227848101266,0.24050632911392406,0.006329113924050633
-463.932349,158,2071.194909,0.0,1.0,0.06329113924050633,0.06329113924050633,0.7658227848101266,0.24050632911392406,0.006329113924050633
-445.901359,158,2074.138984,3.0,0.9810126582278481,0.06329113924050633,0.06329113924050633,0.7721518987341772,0.24050632911392406,0.012658227848101266
-452.079145,158,2077.193884,2.0,0.9873417721518988,0.06329113924050633,0.06329113924050633,0.759493670886076,0.2468354430379747,0.006329113924050633
-452.165355,158,2080.213669,0.0,1.0,0.06329113924050633,0.06329113924050633,0.759493670886076,0.24050632911392406,0.0
-451.496709,158,2083.183274,0.0,1.0,0.06329113924050633,0.06329113924050633,0.759493670886076,0.24050632911392406,0.0
-464.353847,158,2086.215936,5.0,0.9683544303797469,0.06329113924050633,0.06329113924050633,0.759493670886076,0.24050632911392406,0.0
-473.283594,158,2089.281095,10.0,0.9367088607594937,0.06329113924050633,0.056962025316455694,0.759493670886076,0.24050632911392406,0.0
-489.409896,158,2092.38485,0.0,1.0,0.06329113924050633,0.06329113924050633,0.759493670886076,0.24050632911392406,0.0
-460.977865,158,2095.494466,10.0,0.9367088607594937,0.06329113924050633,0.06329113924050633,0.759493670886076,0.24050632911392406,0.0
-463.897123,158,2098.607497,11.0,0.930379746835443,0.06329113924050633,0.06329113924050633,0.759493670886076,0.24050632911392406,0.0
-446.096104,158,2101.776902,3.0,0.9810126582278481,0.06329113924050633,0.06329113924050633,0.759493670886076,0.24050632911392406,0.0
-449.514889,158,2104.949804,5.0,0.9683544303797469,0.06329113924050633,0.06329113924050633,0.759493670886076,0.24050632911392406,0.0
-455.346457,158,2108.056893,2.0,0.9873417721518988,0.06329113924050633,0.06329113924050633,0.759493670886076,0.24050632911392406,0.0
-458.031501,158,2111.093492,0.0,1.0,0.06329113924050633,0.06329113924050633,0.759493670886076,0.24050632911392406,0.0
-478.606782,158,2114.116761,18.0,0.8892405063291139,0.06540084388185653,0.06582278481012659,0.7911392405063291,0.24050632911392406,0.03164556962025317
-450.736296,158,2117.100724,0.0,1.0,0.06329113924050633,0.06329113924050633,0.7721518987341772,0.24050632911392406,0.012658227848101266
-462.699449,158,2120.176374,1.0,0.9936708860759493,0.06329113924050633,0.06329113924050633,0.7658227848101266,0.24050632911392406,0.006329113924050633
-472.611411,158,2123.238123,0.0,1.0,0.06329113924050633,0.06329113924050633,0.7721518987341772,0.24050632911392406,0.012658227848101266
-471.361498,158,2126.296699,2.0,0.9873417721518988,0.06329113924050633,0.06329113924050633,0.7658227848101266,0.24050632911392406,0.006329113924050633
-479.161527,158,2129.34894,4.0,0.9767932489451475,0.06645569620253164,0.06582278481012659,0.7721518987341772,0.24050632911392406,0.012658227848101266
-448.65747,158,2132.319511,7.0,0.9567510548523208,0.06540084388185653,0.06469760900140646,0.759493670886076,0.24050632911392406,0.0
-477.14195,158,2135.371958,10.0,0.939873417721519,0.06856540084388185,0.054324894514767935,0.759493670886076,0.24050632911392406,0.0
-481.535641,158,2138.37701,5.0,0.9704641350210971,0.06540084388185653,0.06540084388185653,0.7658227848101266,0.24050632911392406,0.006329113924050633
-488.959203,158,2141.355346,9.0,0.9462025316455697,0.06645569620253164,0.060126582278481014,0.7658227848101266,0.24050632911392406,0.006329113924050633
-493.116847,158,2144.271728,2.0,0.9873417721518988,0.06329113924050633,0.06329113924050633,0.759493670886076,0.24050632911392406,0.0
-462.239064,158,2147.258149,6.0,0.9620253164556962,0.06329113924050633,0.056962025316455694,0.7658227848101266,0.24050632911392406,0.006329113924050633
-476.918665,158,2150.530602,11.0,0.930379746835443,0.06329113924050633,0.056962025316455694,0.759493670886076,0.24050632911392406,0.0
-471.444669,158,2153.615856,55.0,0.6640295358649789,0.08122362869198312,0.07227245328511152,0.7721518987341772,0.24050632911392406,0.012658227848101266
-436.644802,158,2156.769653,78.0,0.5369198312236287,0.12130801687763712,0.08080168776371308,0.7848101265822784,0.24050632911392406,0.02531645569620253
-442.308177,158,2159.909493,72.0,0.5790084388185653,0.12552742616033755,0.09380650994575045,0.7974683544303798,0.24050632911392406,0.0379746835443038
-453.938368,158,2163.028774,98.0,0.40928270042194087,0.10864978902953586,0.04493670886075949,0.759493670886076,0.24050632911392406,0.0
-438.159012,158,2166.125636,53.0,0.6990506329113924,0.1181434599156118,0.08471971066907776,0.759493670886076,0.24050632911392406,0.0
-473.995455,158,2169.140357,34.0,0.7964135021097046,0.07700421940928269,0.049999999999999996,0.759493670886076,0.24050632911392406,0.0
-468.300978,158,2172.191605,26.0,0.8375527426160336,0.0759493670886076,0.04746835443037975,0.759493670886076,0.24050632911392406,0.0
-470.723946,158,2175.181838,21.0,0.870253164556962,0.06962025316455696,0.05485232067510548,0.759493670886076,0.2468354430379747,0.006329113924050633
-468.579242,158,2178.162057,53.0,0.6695147679324894,0.07700421940928269,0.06341169379144063,0.7784810126582279,0.24050632911392406,0.0189873417721519
-481.271439,158,2181.183529,57.0,0.667457805907173,0.10654008438818564,0.06885308784042961,0.7784810126582279,0.24050632911392406,0.0189873417721519
-462.090998,158,2184.185341,5.0,0.9683544303797469,0.06329113924050633,0.06329113924050633,0.7784810126582279,0.24050632911392406,0.0189873417721519
-475.720186,158,2187.172526,9.0,0.9462025316455697,0.06540084388185653,0.06582278481012659,0.759493670886076,0.24050632911392406,0.0
-450.145161,158,2190.104262,3.0,0.9810126582278481,0.06329113924050633,0.06329113924050633,0.759493670886076,0.24050632911392406,0.0
-446.797479,158,2193.062255,10.0,0.9367088607594937,0.06329113924050633,0.06329113924050633,0.7784810126582279,0.24050632911392406,0.0189873417721519
-490.341935,158,2196.106411,10.0,0.9367088607594937,0.06329113924050633,0.056962025316455694,0.7658227848101266,0.24050632911392406,0.006329113924050633
-457.182814,158,2199.106763,36.0,0.7753164556962026,0.06751054852320675,0.04159132007233273,0.759493670886076,0.24050632911392406,0.0
-451.249019,158,2202.106913,3.0,0.9810126582278481,0.06329113924050633,0.06329113924050633,0.759493670886076,0.24050632911392406,0.0
-474.051735,158,2205.169629,16.0,0.8987341772151899,0.06329113924050633,0.06329113924050633,0.7784810126582279,0.24050632911392406,0.0189873417721519
-460.051841,158,2208.336004,26.0,0.8386075949367089,0.07172995780590717,0.026371308016877634,0.7721518987341772,0.24050632911392406,0.012658227848101266
-447.851294,158,2211.53802,1.0,0.9936708860759493,0.06329113924050633,0.06329113924050633,0.759493670886076,0.2468354430379747,0.006329113924050633
-456.275966,158,2214.683894,18.0,0.890506329113924,0.06962025316455696,0.06849005424954792,0.7721518987341772,0.24050632911392406,0.012658227848101266
-457.959211,158,2217.865287,63.0,0.6097046413502111,0.08122362869198312,0.04113924050632911,0.8227848101265823,0.24050632911392406,0.06329113924050633
-445.943519,158,2220.899286,0.0,1.0,0.06329113924050633,0.06329113924050633,0.8291139240506329,0.24050632911392406,0.06962025316455696
-472.739492,158,2223.938328,0.0,1.0,0.06329113924050633,0.06329113924050633,0.7784810126582279,0.24050632911392406,0.0189873417721519
-462.232745,158,2227.018886,0.0,1.0,0.06329113924050633,0.06329113924050633,0.7658227848101266,0.24050632911392406,0.006329113924050633
-469.008379,158,2230.074258,0.0,1.0,0.06329113924050633,0.06329113924050633,0.759493670886076,0.24050632911392406,0.0
-446.659028,158,2233.164753,6.0,0.9620253164556962,0.06329113924050633,0.06329113924050633,0.7658227848101266,0.24050632911392406,0.006329113924050633
-466.882177,158,2236.256173,10.0,0.9379746835443037,0.0680379746835443,0.06763110307414105,0.7721518987341772,0.24050632911392406,0.012658227848101266
-464.787617,158,2239.30141,22.0,0.8670886075949367,0.07489451476793248,0.05527426160337552,0.7721518987341772,0.24050632911392406,0.012658227848101266
-474.367391,158,2242.326474,45.0,0.7319620253164556,0.09071729957805906,0.026260799678521195,0.7911392405063291,0.24050632911392406,0.03164556962025317
-443.08569,158,2245.368181,23.0,0.8578059071729958,0.06962025316455696,0.035985533453887886,0.7721518987341772,0.24050632911392406,0.012658227848101266
-456.994283,158,2248.424183,14.0,0.9113924050632911,0.06329113924050633,0.04430379746835443,0.7658227848101266,0.24050632911392406,0.006329113924050633
-461.544772,158,2251.476579,18.0,0.891350210970464,0.0701476793248945,0.05189873417721518,0.759493670886076,0.2468354430379747,0.006329113924050633
-459.686442,158,2254.480526,19.0,0.8818565400843881,0.06645569620253164,0.04050632911392405,0.759493670886076,0.24050632911392406,0.0
-473.046656,158,2257.456427,19.0,0.8902953586497889,0.07489451476793248,0.06160337552742617,0.759493670886076,0.2468354430379747,0.006329113924050633
-468.256354,158,2260.45694,11.0,0.938818565400844,0.07172995780590717,0.06540084388185653,0.759493670886076,0.24050632911392406,0.0
-432.160701,158,2263.485494,58.0,0.6471518987341772,0.08438818565400844,0.04794052642153908,0.8544303797468354,0.24050632911392406,0.0949367088607595
-447.525792,158,2266.522587,7.0,0.9588607594936709,0.06645569620253164,0.060126582278481014,0.8734177215189873,0.24050632911392406,0.11392405063291139
-455.004959,158,2269.550301,28.0,0.8240506329113924,0.0680379746835443,0.04231464737793852,0.8734177215189873,0.24050632911392406,0.11392405063291139
-459.165206,158,2272.557314,22.0,0.870253164556962,0.0780590717299578,0.0459915611814346,0.8037974683544303,0.24050632911392406,0.04430379746835443
-479.853308,158,2275.521279,4.0,0.9746835443037974,0.06329113924050633,0.06329113924050633,0.759493670886076,0.24050632911392406,0.0
-451.785314,158,2278.542013,8.0,0.9525316455696202,0.06645569620253164,0.060126582278481014,0.759493670886076,0.2468354430379747,0.006329113924050633
-467.681796,158,2281.547529,13.0,0.9177215189873418,0.06329113924050633,0.04430379746835443,0.759493670886076,0.2468354430379747,0.006329113924050633
-478.286001,158,2284.597631,19.0,0.879746835443038,0.06329113924050633,0.056962025316455694,0.7784810126582279,0.24050632911392406,0.0189873417721519
-448.09136,158,2287.6711,6.0,0.9620253164556962,0.06329113924050633,0.06329113924050633,0.759493670886076,0.24050632911392406,0.0
-439.183437,158,2290.715555,22.0,0.8628691983122362,0.07278481012658228,0.051687763713080176,0.759493670886076,0.25949367088607594,0.0189873417721519
-453.823428,158,2293.792392,65.0,0.5949367088607594,0.06962025316455696,0.04430379746835443,0.7911392405063291,0.24050632911392406,0.03164556962025317
-464.504232,158,2296.842814,4.0,0.9746835443037974,0.06329113924050633,0.05063291139240506,0.7658227848101266,0.24050632911392406,0.006329113924050633
-458.104518,158,2299.897352,4.0,0.9746835443037974,0.06329113924050633,0.06329113924050633,0.759493670886076,0.24050632911392406,0.0
-457.992355,158,2302.931927,37.0,0.7689873417721519,0.06540084388185653,0.04683544303797468,0.7784810126582279,0.24050632911392406,0.0189873417721519
-464.448317,158,2305.995369,39.0,0.7552742616033756,0.06540084388185653,0.052742616033755275,0.7848101265822784,0.24050632911392406,0.02531645569620253
-457.301119,158,2309.005784,12.0,0.9240506329113924,0.06329113924050633,0.056962025316455694,0.7721518987341772,0.24050632911392406,0.012658227848101266
-465.415659,158,2312.042048,14.0,0.9135021097046412,0.06962025316455696,0.06645569620253164,0.759493670886076,0.24050632911392406,0.0
-450.840854,158,2315.104426,6.0,0.9620253164556962,0.06329113924050633,0.06329113924050633,0.7658227848101266,0.24050632911392406,0.006329113924050633
-444.230756,158,2318.148228,5.0,0.9683544303797469,0.06329113924050633,0.06329113924050633,0.759493670886076,0.24050632911392406,0.0
-455.125705,158,2321.186144,8.0,0.9493670886075949,0.06329113924050633,0.056962025316455694,0.7721518987341772,0.24050632911392406,0.012658227848101266
-441.865295,158,2324.22738,17.0,0.8924050632911392,0.06329113924050633,0.056962025316455694,0.7974683544303798,0.24050632911392406,0.0379746835443038
-447.854496,158,2327.262355,58.0,0.6392405063291139,0.06856540084388185,0.06265822784810127,0.7721518987341772,0.24050632911392406,0.012658227848101266
-469.57186,158,2330.234951,8.0,0.9493670886075949,0.06329113924050633,0.056962025316455694,0.759493670886076,0.24050632911392406,0.0
-449.449999,158,2333.242215,7.0,0.9578059071729959,0.06645569620253164,0.06582278481012659,0.759493670886076,0.24050632911392406,0.0
-439.222585,158,2336.254336,67.0,0.5864978902953587,0.07700421940928269,0.07784810126582278,0.7848101265822784,0.24050632911392406,0.02531645569620253
-451.929506,158,2339.56864,17.0,0.8924050632911392,0.06329113924050633,0.03164556962025317,0.7974683544303798,0.24050632911392406,0.0379746835443038
-443.843653,158,2342.566563,1.0,0.9936708860759493,0.06329113924050633,0.06329113924050633,0.7848101265822784,0.24050632911392406,0.02531645569620253
-466.494498,158,2345.576982,5.0,0.9683544303797469,0.06329113924050633,0.06329113924050633,0.759493670886076,0.24050632911392406,0.0
-455.438267,158,2348.580341,7.0,0.9556962025316456,0.06540084388185653,0.06645569620253164,0.759493670886076,0.24050632911392406,0.0
-457.597137,158,2351.598603,3.0,0.9810126582278481,0.06329113924050633,0.056962025316455694,0.7658227848101266,0.24050632911392406,0.006329113924050633
-464.742009,158,2354.635964,21.0,0.870253164556962,0.06962025316455696,0.06751054852320675,0.759493670886076,0.24050632911392406,0.0
-469.387912,158,2357.698978,20.0,0.8746835443037974,0.06540084388185653,0.04588607594936709,0.7721518987341772,0.2468354430379747,0.0189873417721519
-460.253363,158,2360.708613,9.0,0.9430379746835443,0.06645569620253164,0.06751054852320675,0.759493670886076,0.24050632911392406,0.0
-464.031765,158,2363.682024,2.0,0.9873417721518988,0.06329113924050633,0.06329113924050633,0.7721518987341772,0.24050632911392406,0.012658227848101266
-475.313066,158,2366.702525,7.0,0.9556962025316456,0.06329113924050633,0.06329113924050633,0.7658227848101266,0.24050632911392406,0.006329113924050633
-453.66855,158,2369.701015,4.0,0.9762658227848101,0.06962025316455696,0.06962025316455696,0.7784810126582279,0.24050632911392406,0.0189873417721519
-452.992088,158,2372.723754,1.0,0.9936708860759493,0.06329113924050633,0.06329113924050633,0.7658227848101266,0.24050632911392406,0.006329113924050633
-468.994863,158,2375.765687,40.0,0.7468354430379747,0.06329113924050633,0.06329113924050633,0.759493670886076,0.24050632911392406,0.0
-424.08375,158,2378.946907,123.0,0.2557137834036568,0.10864978902953586,0.04865974391290847,0.7658227848101266,0.24050632911392406,0.006329113924050633
-461.607159,158,2382.006698,35.0,0.7927215189873418,0.10021097046413502,0.07362869198312236,0.759493670886076,0.24050632911392406,0.0
-421.034096,158,2385.203196,60.0,0.6418776371308016,0.1160337552742616,0.09175205947357847,0.7658227848101266,0.24050632911392406,0.006329113924050633
-331.843525,158,2388.435135,144.0,0.17811934900542492,0.2579113924050633,0.13562386980108498,0.7784810126582279,0.24050632911392406,0.0189873417721519
-328.540169,158,2391.595573,145.0,0.12706449668474984,0.14240506329113925,0.06386879646373318,0.8164556962025317,0.24050632911392406,0.056962025316455694
-305.10043,158,2394.739152,147.0,0.13355183845690174,0.1872362869198312,0.0991008639742817,0.7721518987341772,0.24050632911392406,0.012658227848101266
-350.078534,158,2397.818517,100.0,0.372626582278481,0.07067510548523206,0.005605786618444847,0.7658227848101266,0.24050632911392406,0.006329113924050633
-469.015444,158,2400.843606,10.0,0.9367088607594937,0.06329113924050633,0.06329113924050633,0.759493670886076,0.24050632911392406,0.0
-473.469092,158,2403.906699,24.0,0.8481012658227848,0.06329113924050633,0.03164556962025317,0.7658227848101266,0.24050632911392406,0.006329113924050633
-452.803508,158,2407.014642,27.0,0.8357946554149085,0.07700421940928269,0.055466052934407366,0.759493670886076,0.24050632911392406,0.0
-471.802559,158,2410.051954,10.0,0.9367088607594937,0.06329113924050633,0.06329113924050633,0.7784810126582279,0.24050632911392406,0.0189873417721519
-457.079529,158,2413.132288,7.0,0.9556962025316456,0.06329113924050633,0.06329113924050633,0.7848101265822784,0.24050632911392406,0.02531645569620253
-457.632476,158,2416.156115,13.0,0.9198312236286921,0.06540084388185653,0.06540084388185653,0.7848101265822784,0.24050632911392406,0.02531645569620253
-462.111206,158,2419.209446,8.0,0.9504219409282701,0.06645569620253164,0.058544303797468354,0.7974683544303798,0.24050632911392406,0.0379746835443038
-454.941902,158,2422.23217,8.0,0.9493670886075949,0.06329113924050633,0.06329113924050633,0.7911392405063291,0.24050632911392406,0.03164556962025317
-440.443757,158,2425.276015,17.0,0.8971518987341772,0.07278481012658228,0.04419831223628692,0.7848101265822784,0.24050632911392406,0.02531645569620253
-464.339615,158,2428.311544,40.0,0.7526371308016877,0.0759493670886076,0.05189873417721518,0.7721518987341772,0.24050632911392406,0.012658227848101266
-426.689312,158,2431.429042,75.0,0.5466244725738397,0.09704641350210971,0.06594333936106087,0.8291139240506329,0.24050632911392406,0.06962025316455696
-441.618271,158,2434.476905,75.0,0.5439873417721519,0.11075949367088607,0.07174502712477396,0.7784810126582279,0.24050632911392406,0.0189873417721519
-437.819855,158,2437.595981,51.0,0.681434599156118,0.06962025316455696,0.055379746835443035,0.810126582278481,0.24050632911392406,0.05063291139240506
-399.949832,158,2440.696921,123.0,0.29535864978902954,0.17194092827004218,0.09384167168977296,0.7911392405063291,0.2468354430379747,0.0379746835443038
-448.798478,158,2443.745307,71.0,0.569831223628692,0.0970464135021097,0.07269439421338154,0.7911392405063291,0.24050632911392406,0.03164556962025317
-419.445822,158,2446.816377,95.0,0.4460970464135021,0.12974683544303797,0.06448161543098252,0.7974683544303798,0.24050632911392406,0.0379746835443038
-425.530342,158,2449.941603,115.0,0.3180379746835443,0.1413502109704641,0.07120253164556962,0.7911392405063291,0.24050632911392406,0.03164556962025317
-400.377226,158,2453.056728,110.0,0.3554576049829214,0.14451476793248944,0.06138281549673955,0.7911392405063291,0.24050632911392406,0.03164556962025317
-355.340584,158,2456.155116,120.0,0.3030590717299578,0.18459915611814345,0.1120956399437412,0.810126582278481,0.24050632911392406,0.05063291139240506
-393.239546,158,2459.307607,125.0,0.2736085995579666,0.18934599156118143,0.09357544705645972,0.8164556962025317,0.24050632911392406,0.056962025316455694
-413.026443,158,2462.467514,93.0,0.455666063893912,0.16561181434599154,0.09971368294153103,0.8417721518987342,0.2468354430379747,0.08860759493670886
-427.779532,158,2465.438228,51.0,0.679746835443038,0.07911392405063292,0.052742616033755275,0.8227848101265823,0.24050632911392406,0.06329113924050633
-429.704313,158,2468.407219,30.0,0.8223628691983123,0.07700421940928269,0.06951476793248945,0.7721518987341772,0.24050632911392406,0.012658227848101266
-430.453215,158,2471.371904,20.0,0.8767932489451479,0.06856540084388185,0.054550934297769735,0.7848101265822784,0.24050632911392406,0.02531645569620253
-461.401306,158,2474.358205,20.0,0.8876582278481012,0.08122362869198312,0.07837552742616033,0.7784810126582279,0.2468354430379747,0.02531645569620253
-434.06797,158,2477.45927,97.0,0.4007383966244725,0.10126582278481013,0.033649789029535866,0.7911392405063291,0.2468354430379747,0.0379746835443038
-464.74919,158,2480.470163,7.0,0.9556962025316456,0.06329113924050633,0.06329113924050633,0.7658227848101266,0.24050632911392406,0.006329113924050633
-444.005936,158,2483.586335,4.0,0.9762658227848101,0.06645569620253164,0.06540084388185653,0.759493670886076,0.24050632911392406,0.0
-461.109764,158,2486.67928,1.0,0.9936708860759493,0.06329113924050633,0.06329113924050633,0.759493670886076,0.24050632911392406,0.0
-460.55048,158,2489.726328,0.0,1.0,0.06329113924050633,0.06329113924050633,0.7658227848101266,0.24050632911392406,0.006329113924050633
-449.165813,158,2492.756241,0.0,1.0,0.06329113924050633,0.06329113924050633,0.759493670886076,0.24050632911392406,0.0
-434.465694,158,2495.796395,0.0,1.0,0.06329113924050633,0.06329113924050633,0.7658227848101266,0.24050632911392406,0.006329113924050633
-459.156949,158,2498.788557,1.0,0.9936708860759493,0.06329113924050633,0.06329113924050633,0.759493670886076,0.24050632911392406,0.0
-450.329392,158,2501.860962,1.0,0.9936708860759493,0.06329113924050633,0.06329113924050633,0.759493670886076,0.24050632911392406,0.0
-459.081005,158,2504.896567,2.0,0.9873417721518988,0.06329113924050633,0.06329113924050633,0.759493670886076,0.2468354430379747,0.006329113924050633
-453.376081,158,2507.928601,2.0,0.9873417721518988,0.06329113924050633,0.06329113924050633,0.759493670886076,0.24050632911392406,0.0
-475.990705,158,2510.94469,12.0,0.930379746835443,0.0780590717299578,0.070042194092827,0.7658227848101266,0.24050632911392406,0.006329113924050633
-444.862443,158,2513.972256,36.0,0.7721518987341772,0.06540084388185653,0.04746835443037975,0.8037974683544303,0.24050632911392406,0.04430379746835443
-462.000486,158,2517.069879,57.0,0.6563291139240507,0.08333333333333333,0.056027727546714895,0.7911392405063291,0.24050632911392406,0.03164556962025317
-446.909856,158,2520.157727,16.0,0.9042194092827005,0.08122362869198313,0.07489451476793248,0.7848101265822784,0.2848101265822785,0.06962025316455696
-472.171492,158,2523.443352,0.0,1.0,0.06329113924050633,0.06329113924050633,0.8354430379746836,0.24050632911392406,0.0759493670886076
-445.141498,158,2526.46743,6.0,0.9620253164556962,0.06329113924050633,0.06329113924050633,0.8037974683544303,0.24050632911392406,0.04430379746835443
-453.65462,158,2529.496724,7.0,0.9588607594936709,0.06962025316455696,0.06751054852320675,0.7974683544303798,0.24050632911392406,0.0379746835443038
-478.344388,158,2532.576174,2.0,0.9873417721518988,0.06329113924050633,0.06329113924050633,0.7721518987341772,0.24050632911392406,0.012658227848101266
-466.191263,158,2535.652642,6.0,0.9641350210970463,0.06645569620253164,0.06582278481012659,0.759493670886076,0.24050632911392406,0.0
-454.238487,158,2538.665284,3.0,0.9810126582278481,0.06329113924050633,0.06329113924050633,0.7848101265822784,0.24050632911392406,0.02531645569620253
-450.250348,158,2541.717112,8.0,0.9493670886075949,0.06329113924050633,0.06329113924050633,0.7911392405063291,0.24050632911392406,0.03164556962025317
-460.123494,158,2544.746119,9.0,0.9493670886075949,0.06856540084388185,0.0689873417721519,0.759493670886076,0.24050632911392406,0.0
-481.439057,158,2547.781384,6.0,0.9620253164556962,0.06329113924050633,0.06329113924050633,0.759493670886076,0.24050632911392406,0.0
-466.59768,158,2550.771216,22.0,0.8723628691983121,0.07700421940928269,0.04936708860759494,0.7658227848101266,0.24050632911392406,0.006329113924050633
-485.738277,158,2553.841288,12.0,0.9240506329113924,0.06645569620253164,0.05485232067510548,0.759493670886076,0.24050632911392406,0.0
-449.275663,158,2556.923456,31.0,0.8124472573839663,0.08227848101265822,0.07426160337552744,0.8037974683544303,0.24050632911392406,0.04430379746835443
-443.368764,158,2559.979877,57.0,0.6473628691983122,0.09071729957805906,0.07185051235684146,0.810126582278481,0.24050632911392406,0.05063291139240506
-450.647747,158,2563.029982,24.0,0.8591772151898734,0.07911392405063292,0.07513562386980109,0.8354430379746836,0.24050632911392406,0.0759493670886076
-467.169256,158,2566.068107,7.0,0.9572784810126582,0.06645569620253164,0.06540084388185653,0.7658227848101266,0.24050632911392406,0.006329113924050633
-468.244868,158,2569.148941,10.0,0.9367088607594937,0.06329113924050633,0.056962025316455694,0.759493670886076,0.2468354430379747,0.006329113924050633
-476.836904,158,2572.199541,2.0,0.9873417721518988,0.06329113924050633,0.06329113924050633,0.759493670886076,0.24050632911392406,0.0
-478.271492,158,2575.178707,0.0,1.0,0.06329113924050633,0.06329113924050633,0.7784810126582279,0.24050632911392406,0.0189873417721519
-466.486618,158,2578.12753,1.0,0.9936708860759493,0.06329113924050633,0.06329113924050633,0.7658227848101266,0.24050632911392406,0.006329113924050633
-465.622697,158,2581.050356,5.0,0.9683544303797469,0.06329113924050633,0.056962025316455694,0.8227848101265823,0.24050632911392406,0.06329113924050633
-475.329696,158,2584.101399,1.0,0.9936708860759493,0.06329113924050633,0.06329113924050633,0.759493670886076,0.24050632911392406,0.0
-465.266688,158,2587.103351,9.0,0.9430379746835443,0.06329113924050633,0.06329113924050633,0.8037974683544303,0.24050632911392406,0.04430379746835443
-479.816388,158,2590.099474,4.0,0.9746835443037974,0.06329113924050633,0.06329113924050633,0.7721518987341772,0.25949367088607594,0.03164556962025317
-472.736823,158,2593.10589,5.0,0.9683544303797469,0.06329113924050633,0.06329113924050633,0.7658227848101266,0.2468354430379747,0.012658227848101266
-480.629722,158,2596.126621,14.0,0.9161392405063291,0.06856540084388185,0.0682640144665461,0.7658227848101266,0.25316455696202533,0.0189873417721519
-466.601672,158,2599.147269,10.0,0.9367088607594937,0.06329113924050633,0.06329113924050633,0.759493670886076,0.24050632911392406,0.0
-463.591683,158,2602.154859,0.0,1.0,0.06329113924050633,0.06329113924050633,0.759493670886076,0.2468354430379747,0.006329113924050633
-468.996412,158,2605.130454,9.0,0.9443037974683544,0.06540084388185653,0.06487341772151899,0.759493670886076,0.24050632911392406,0.0
-489.249397,158,2608.16985,18.0,0.8860759493670886,0.06329113924050633,0.056962025316455694,0.7658227848101266,0.24050632911392406,0.006329113924050633
-456.665881,158,2611.223192,29.0,0.8248945147679324,0.07383966244725738,0.0662748643761302,0.7658227848101266,0.24050632911392406,0.006329113924050633
-466.964616,158,2614.290548,29.0,0.8217299578059072,0.07753164556962025,0.08164556962025316,0.759493670886076,0.24050632911392406,0.0
-465.034919,158,2617.374475,15.0,0.9050632911392406,0.06329113924050633,0.05063291139240506,0.7658227848101266,0.24050632911392406,0.006329113924050633
-461.256884,158,2620.470828,19.0,0.879746835443038,0.06329113924050633,0.06329113924050633,0.7848101265822784,0.24050632911392406,0.02531645569620253
-455.050554,158,2623.588122,47.0,0.7268987341772152,0.10864978902953586,0.10218505123568415,0.7784810126582279,0.24050632911392406,0.0189873417721519
-448.661534,158,2626.680838,83.0,0.4899789029535864,0.08649789029535865,0.043037974683544304,0.7658227848101266,0.24050632911392406,0.006329113924050633
-471.839311,158,2629.741081,53.0,0.6782700421940928,0.09229957805907173,0.06479807112718504,0.7721518987341772,0.2468354430379747,0.0189873417721519
-445.382686,158,2632.816686,83.0,0.4894514767932489,0.07911392405063292,0.0550632911392405,0.7658227848101266,0.2468354430379747,0.012658227848101266
-453.297292,158,2635.844408,84.0,0.4910337552742616,0.09915611814345991,0.060759493670886074,0.759493670886076,0.25316455696202533,0.012658227848101266
-471.269996,158,2638.943071,71.0,0.5654008438818566,0.08755274261603375,0.06775165762507536,0.7658227848101266,0.24050632911392406,0.006329113924050633
-466.795402,158,2641.963925,16.0,0.9050632911392406,0.07172995780590717,0.06413502109704641,0.7721518987341772,0.24050632911392406,0.012658227848101266
-478.670558,158,2645.022181,12.0,0.9256329113924051,0.06645569620253164,0.06540084388185653,0.7721518987341772,0.24050632911392406,0.012658227848101266
-473.849054,158,2648.02554,5.0,0.9699367088607594,0.06962025316455696,0.06582278481012659,0.7721518987341772,0.24050632911392406,0.012658227848101266
-479.435558,158,2651.095331,5.0,0.9683544303797469,0.06329113924050633,0.06329113924050633,0.759493670886076,0.24050632911392406,0.0
-442.669531,158,2654.102316,24.0,0.8533755274261602,0.07172995780590717,0.06962025316455696,0.759493670886076,0.24050632911392406,0.0
-466.247092,158,2657.085103,14.0,0.9145569620253164,0.06856540084388185,0.06371308016877637,0.7658227848101266,0.24050632911392406,0.006329113924050633
-464.887608,158,2660.099047,17.0,0.9003164556962026,0.07383966244725738,0.07185051235684146,0.759493670886076,0.24050632911392406,0.0
-487.923149,158,2663.128681,24.0,0.8481012658227848,0.06329113924050633,0.06329113924050633,0.759493670886076,0.24050632911392406,0.0
-461.604707,158,2666.18983,35.0,0.7832278481012658,0.07278481012658228,0.05063291139240506,0.759493670886076,0.24050632911392406,0.0
-476.822651,158,2669.209163,35.0,0.7837552742616033,0.06856540084388185,0.06835443037974684,0.759493670886076,0.24050632911392406,0.0
-476.848355,158,2672.218308,25.0,0.8470464135021096,0.06856540084388185,0.06835443037974684,0.7658227848101266,0.24050632911392406,0.006329113924050633
-476.010813,158,2675.198182,23.0,0.8575949367088608,0.06962025316455696,0.06118143459915613,0.7721518987341772,0.24050632911392406,0.012658227848101266
-481.317313,158,2678.248097,16.0,0.8987341772151899,0.06329113924050633,0.06329113924050633,0.759493670886076,0.24050632911392406,0.0
-470.414257,158,2681.331194,10.0,0.9419831223628691,0.08544303797468354,0.08270042194092826,0.7721518987341772,0.24050632911392406,0.012658227848101266
-461.29804,158,2684.388473,8.0,0.9567510548523206,0.08122362869198312,0.079957805907173,0.7721518987341772,0.24050632911392406,0.012658227848101266
-464.792708,158,2687.421111,6.0,0.9620253164556962,0.06329113924050633,0.06329113924050633,0.7721518987341772,0.24050632911392406,0.012658227848101266
-476.610818,158,2690.444476,5.0,0.9683544303797469,0.06329113924050633,0.06329113924050633,0.7848101265822784,0.24050632911392406,0.02531645569620253
-475.169123,158,2693.519021,4.0,0.9746835443037974,0.06329113924050633,0.06329113924050633,0.7784810126582279,0.24050632911392406,0.0189873417721519
-461.520494,158,2696.54677,5.0,0.9683544303797469,0.06329113924050633,0.06329113924050633,0.7721518987341772,0.24050632911392406,0.012658227848101266
-464.196148,158,2699.628098,36.0,0.7763713080168776,0.06962025316455696,0.01772151898734177,0.7784810126582279,0.24050632911392406,0.0189873417721519
-471.536218,158,2702.711569,31.0,0.8069620253164557,0.06856540084388185,0.03164556962025317,0.7784810126582279,0.24050632911392406,0.0189873417721519
-480.862554,158,2705.720653,23.0,0.8544303797468354,0.06329113924050633,0.03164556962025317,0.7848101265822784,0.24050632911392406,0.02531645569620253
-484.864645,158,2708.705351,11.0,0.9335443037974683,0.06540084388185653,0.059493670886075954,0.7721518987341772,0.24050632911392406,0.012658227848101266
-488.426915,158,2711.953435,8.0,0.9493670886075949,0.06329113924050633,0.06329113924050633,0.759493670886076,0.24050632911392406,0.0
-486.528351,158,2715.006121,10.0,0.9430379746835443,0.06962025316455696,0.06962025316455696,0.759493670886076,0.24050632911392406,0.0
-466.769355,158,2718.009461,35.0,0.7863924050632911,0.0780590717299578,0.04113924050632911,0.7658227848101266,0.2468354430379747,0.012658227848101266
-479.241577,158,2721.000931,0.0,1.0,0.06329113924050633,0.06329113924050633,0.759493670886076,0.24050632911392406,0.0
-477.001389,158,2724.02635,0.0,1.0,0.06329113924050633,0.06329113924050633,0.759493670886076,0.24050632911392406,0.0
-470.971321,158,2727.042095,0.0,1.0,0.06329113924050633,0.06329113924050633,0.7658227848101266,0.2468354430379747,0.012658227848101266
-480.302418,158,2730.025911,1.0,0.9936708860759493,0.06329113924050633,0.06329113924050633,0.759493670886076,0.25949367088607594,0.0189873417721519
-475.286494,158,2733.057303,4.0,0.9746835443037974,0.06329113924050633,0.06329113924050633,0.7658227848101266,0.25949367088607594,0.02531645569620253
-467.141078,158,2736.088098,2.0,0.9873417721518988,0.06329113924050633,0.06329113924050633,0.7658227848101266,0.25949367088607594,0.02531645569620253
-494.441852,158,2739.088622,1.0,0.9936708860759493,0.06329113924050633,0.06329113924050633,0.7658227848101266,0.25949367088607594,0.02531645569620253
-465.132168,158,2742.111047,2.0,0.9873417721518988,0.06329113924050633,0.06329113924050633,0.7658227848101266,0.25949367088607594,0.02531645569620253
-469.321048,158,2745.155485,2.0,0.9873417721518988,0.06329113924050633,0.056962025316455694,0.759493670886076,0.24050632911392406,0.0
-473.650743,158,2748.139138,12.0,0.9272151898734177,0.06540084388185653,0.053164556962025315,0.7974683544303798,0.25316455696202533,0.05063291139240506
-478.997093,158,2751.16375,24.0,0.8481012658227848,0.06329113924050633,0.0379746835443038,0.759493670886076,0.25316455696202533,0.012658227848101266
-457.273736,158,2754.138421,5.0,0.9683544303797469,0.06329113924050633,0.06329113924050633,0.7658227848101266,0.25316455696202533,0.0189873417721519
-449.996772,158,2757.164505,6.0,0.9620253164556962,0.06329113924050633,0.056962025316455694,0.759493670886076,0.25949367088607594,0.0189873417721519
-464.703269,158,2760.112222,6.0,0.9651898734177216,0.06645569620253164,0.06645569620253164,0.7784810126582279,0.2468354430379747,0.02531645569620253
-464.202589,158,2763.16996,8.0,0.9620253164556962,0.08016877637130801,0.07679324894514768,0.7848101265822784,0.2468354430379747,0.03164556962025317
-462.376709,158,2766.27424,6.0,0.9620253164556962,0.06329113924050633,0.05063291139240506,0.7784810126582279,0.24050632911392406,0.0189873417721519
-458.903233,158,2769.352563,16.0,0.8987341772151899,0.06329113924050633,0.05063291139240506,0.7658227848101266,0.24050632911392406,0.006329113924050633
-465.622663,158,2772.405218,14.0,0.9113924050632911,0.06329113924050633,0.06329113924050633,0.759493670886076,0.24050632911392406,0.0
-454.183773,158,2775.372835,4.0,0.9746835443037974,0.06329113924050633,0.06329113924050633,0.7848101265822784,0.24050632911392406,0.02531645569620253
-482.1037,158,2778.387083,4.0,0.9746835443037974,0.06329113924050633,0.056962025316455694,0.7721518987341772,0.24050632911392406,0.012658227848101266
-486.572487,158,2781.375216,10.0,0.938818565400844,0.06962025316455696,0.06645569620253164,0.7658227848101266,0.24050632911392406,0.006329113924050633
-469.845071,158,2784.409925,43.0,0.729957805907173,0.06645569620253164,0.04683544303797468,0.759493670886076,0.24050632911392406,0.0
-469.76726,158,2787.388606,13.0,0.9193037974683544,0.06856540084388185,0.06223628691983121,0.759493670886076,0.24050632911392406,0.0
-481.935754,158,2790.376405,28.0,0.8227848101265823,0.06329113924050633,0.056962025316455694,0.7658227848101266,0.24050632911392406,0.006329113924050633
-471.702768,158,2793.406772,9.0,0.9477848101265823,0.06962025316455696,0.06856540084388185,0.759493670886076,0.24050632911392406,0.0
-473.953243,158,2796.447544,6.0,0.9620253164556962,0.06962025316455696,0.06962025316455696,0.7658227848101266,0.24050632911392406,0.006329113924050633
-469.998192,158,2799.557734,24.0,0.8493670886075949,0.06645569620253164,0.06509945750452079,0.759493670886076,0.24050632911392406,0.0
-478.356281,158,2802.583775,25.0,0.8449367088607594,0.06540084388185653,0.059493670886075954,0.7658227848101266,0.24050632911392406,0.006329113924050633
-471.86523,158,2805.528072,2.0,0.9873417721518988,0.06329113924050633,0.06329113924050633,0.759493670886076,0.24050632911392406,0.0
-478.671897,158,2808.506399,15.0,0.9082278481012658,0.06751054852320675,0.0689873417721519,0.7784810126582279,0.24050632911392406,0.0189873417721519
-462.504012,158,2811.523908,8.0,0.9525316455696202,0.06540084388185653,0.06582278481012659,0.7784810126582279,0.24050632911392406,0.0189873417721519
-466.976681,158,2814.54156,4.0,0.9746835443037974,0.06329113924050633,0.06329113924050633,0.7658227848101266,0.24050632911392406,0.006329113924050633
-481.227434,158,2817.560135,2.0,0.9873417721518988,0.06329113924050633,0.06329113924050633,0.7848101265822784,0.24050632911392406,0.02531645569620253
-472.413266,158,2820.528403,2.0,0.9873417721518988,0.06329113924050633,0.06329113924050633,0.7911392405063291,0.24050632911392406,0.03164556962025317
-476.598183,158,2823.487439,4.0,0.9810126582278481,0.06856540084388185,0.0689873417721519,0.8481012658227848,0.24050632911392406,0.08860759493670886
-467.340196,158,2826.416606,4.0,0.9746835443037974,0.06329113924050633,0.06329113924050633,0.8354430379746836,0.24050632911392406,0.0759493670886076
-461.21103,158,2829.359033,6.0,0.9620253164556962,0.06329113924050633,0.06329113924050633,0.8291139240506329,0.24050632911392406,0.06962025316455696
-463.213782,158,2832.307747,10.0,0.9379746835443037,0.06962025316455696,0.06931886678722123,0.8037974683544303,0.24050632911392406,0.04430379746835443
-474.802464,158,2835.247749,12.0,0.9272151898734177,0.06540084388185653,0.06582278481012659,0.810126582278481,0.24050632911392406,0.05063291139240506
-467.051894,158,2838.220974,4.0,0.9767932489451475,0.06645569620253164,0.06582278481012659,0.7784810126582279,0.24050632911392406,0.0189873417721519
-461.47004,158,2841.209385,2.0,0.9873417721518988,0.06329113924050633,0.06329113924050633,0.7658227848101266,0.24050632911392406,0.006329113924050633
-469.337386,158,2844.220417,1.0,0.9936708860759493,0.06329113924050633,0.06329113924050633,0.7784810126582279,0.24050632911392406,0.0189873417721519
-480.359294,158,2847.232788,0.0,1.0,0.06329113924050633,0.06329113924050633,0.759493670886076,0.24050632911392406,0.0
-475.568278,158,2850.308224,0.0,1.0,0.06329113924050633,0.06329113924050633,0.7658227848101266,0.24050632911392406,0.006329113924050633
-476.934643,158,2853.302746,0.0,1.0,0.06329113924050633,0.06329113924050633,0.7721518987341772,0.24050632911392406,0.012658227848101266
-480.126335,158,2856.280639,2.0,0.9873417721518988,0.06329113924050633,0.06329113924050633,0.759493670886076,0.24050632911392406,0.0
-471.891543,158,2859.361348,6.0,0.9620253164556962,0.06329113924050633,0.06329113924050633,0.759493670886076,0.24050632911392406,0.0
-485.369464,158,2862.403857,3.0,0.9810126582278481,0.06329113924050633,0.06329113924050633,0.7658227848101266,0.24050632911392406,0.006329113924050633
-474.592605,158,2865.459857,3.0,0.9819168173598553,0.06645569620253164,0.06469760900140646,0.759493670886076,0.24050632911392406,0.0
-485.96804,158,2868.526854,13.0,0.9208860759493671,0.06645569620253164,0.05379746835443038,0.759493670886076,0.25316455696202533,0.012658227848101266
-475.401822,158,2871.473202,3.0,0.9810126582278481,0.06329113924050633,0.06329113924050633,0.7784810126582279,0.2468354430379747,0.02531645569620253
-466.511482,158,2874.48403,2.0,0.9894514767932489,0.06645569620253164,0.06582278481012659,0.7784810126582279,0.24050632911392406,0.0189873417721519
-461.448091,158,2877.4307,1.0,0.9936708860759493,0.06329113924050633,0.06329113924050633,0.8481012658227848,0.24050632911392406,0.08860759493670886
-469.069081,158,2880.378261,1.0,0.9936708860759493,0.06329113924050633,0.06329113924050633,0.8291139240506329,0.24050632911392406,0.06962025316455696
-474.888046,158,2883.374332,2.0,0.9873417721518988,0.06329113924050633,0.06329113924050633,0.8481012658227848,0.24050632911392406,0.08860759493670886
-460.61568,158,2886.363564,0.0,1.0,0.06329113924050633,0.06329113924050633,0.8354430379746836,0.24050632911392406,0.0759493670886076
-466.608266,158,2889.331723,0.0,1.0,0.06329113924050633,0.06329113924050633,0.8164556962025317,0.24050632911392406,0.056962025316455694
-474.900666,158,2892.338273,3.0,0.9810126582278481,0.06329113924050633,0.06329113924050633,0.7974683544303798,0.24050632911392406,0.0379746835443038
-464.182489,158,2895.318395,2.0,0.9873417721518988,0.06329113924050633,0.06329113924050633,0.7911392405063291,0.24050632911392406,0.03164556962025317
-481.386589,158,2898.30807,1.0,0.9936708860759493,0.06329113924050633,0.06329113924050633,0.7784810126582279,0.24050632911392406,0.0189873417721519
-472.227423,158,2901.299863,0.0,1.0,0.06329113924050633,0.06329113924050633,0.7911392405063291,0.24050632911392406,0.03164556962025317
-468.991247,158,2904.264615,0.0,1.0,0.06329113924050633,0.06329113924050633,0.7658227848101266,0.24050632911392406,0.006329113924050633
-464.333206,158,2907.302476,0.0,1.0,0.06329113924050633,0.06329113924050633,0.7721518987341772,0.24050632911392406,0.012658227848101266
-472.941209,158,2910.57544,1.0,0.9936708860759493,0.06329113924050633,0.06329113924050633,0.8037974683544303,0.24050632911392406,0.04430379746835443
-472.377888,158,2913.540818,1.0,0.9936708860759493,0.06329113924050633,0.06329113924050633,0.7658227848101266,0.24050632911392406,0.006329113924050633
-476.758926,158,2916.590936,0.0,1.0,0.06329113924050633,0.06329113924050633,0.7721518987341772,0.24050632911392406,0.012658227848101266
-463.275677,158,2919.648236,2.0,0.990506329113924,0.06645569620253164,0.06645569620253164,0.7784810126582279,0.24050632911392406,0.0189873417721519
-454.937011,158,2922.663412,0.0,1.0,0.06329113924050633,0.06329113924050633,0.7658227848101266,0.24050632911392406,0.006329113924050633
-474.179673,158,2925.698797,1.0,0.9936708860759493,0.06329113924050633,0.06329113924050633,0.7721518987341772,0.24050632911392406,0.012658227848101266
-456.920347,158,2928.703004,0.0,1.0,0.06329113924050633,0.06329113924050633,0.7721518987341772,0.24050632911392406,0.012658227848101266
-466.951714,158,2931.780528,0.0,1.0,0.06329113924050633,0.06329113924050633,0.7658227848101266,0.24050632911392406,0.006329113924050633
-477.000041,158,2934.804643,1.0,0.9936708860759493,0.06329113924050633,0.06329113924050633,0.7658227848101266,0.24050632911392406,0.006329113924050633
-470.403572,158,2937.817613,0.0,1.0,0.06329113924050633,0.06329113924050633,0.7658227848101266,0.24050632911392406,0.006329113924050633
-478.887143,158,2940.89839,1.0,0.9936708860759493,0.06329113924050633,0.06329113924050633,0.7721518987341772,0.2468354430379747,0.0189873417721519
-482.824269,158,2943.948822,1.0,0.9936708860759493,0.06329113924050633,0.06329113924050633,0.759493670886076,0.24050632911392406,0.0
-462.695887,158,2946.918988,9.0,0.9462025316455697,0.06540084388185653,0.06582278481012659,0.759493670886076,0.24050632911392406,0.0
-459.090278,158,2949.902507,21.0,0.8755274261603374,0.0759493670886076,0.060548523206751054,0.759493670886076,0.24050632911392406,0.0
-467.712154,158,2952.869164,6.0,0.9620253164556962,0.06329113924050633,0.06329113924050633,0.7658227848101266,0.24050632911392406,0.006329113924050633
-476.524667,158,2955.866678,10.0,0.9367088607594937,0.06329113924050633,0.06329113924050633,0.7658227848101266,0.24050632911392406,0.006329113924050633
-453.4813,158,2958.857856,21.0,0.876054852320675,0.08755274261603375,0.07501506931886678,0.7848101265822784,0.24050632911392406,0.02531645569620253
-468.597675,158,2961.832141,7.0,0.9556962025316456,0.06329113924050633,0.06329113924050633,0.7721518987341772,0.24050632911392406,0.012658227848101266
-467.736455,158,2964.830634,2.0,0.9873417721518988,0.06329113924050633,0.06329113924050633,0.7848101265822784,0.2468354430379747,0.03164556962025317
-463.921918,158,2967.870505,1.0,0.9936708860759493,0.06329113924050633,0.06329113924050633,0.7658227848101266,0.24050632911392406,0.006329113924050633
-470.503674,158,2970.877449,4.0,0.9746835443037974,0.06329113924050633,0.06329113924050633,0.7658227848101266,0.24050632911392406,0.006329113924050633
-463.105753,158,2973.859568,1.0,0.9936708860759493,0.06329113924050633,0.06329113924050633,0.7721518987341772,0.24050632911392406,0.012658227848101266
-458.656012,158,2976.8343,1.0,0.9936708860759493,0.06329113924050633,0.06329113924050633,0.7848101265822784,0.24050632911392406,0.02531645569620253
-463.914462,158,2979.843427,0.0,1.0,0.06329113924050633,0.06329113924050633,0.7721518987341772,0.24050632911392406,0.012658227848101266
-469.703554,158,2982.789673,1.0,0.9936708860759493,0.06329113924050633,0.06329113924050633,0.7721518987341772,0.24050632911392406,0.012658227848101266
-464.565521,158,2985.744651,4.0,0.9746835443037974,0.06329113924050633,0.06329113924050633,0.7658227848101266,0.24050632911392406,0.006329113924050633
-465.787819,158,2988.745899,2.0,0.9873417721518988,0.06329113924050633,0.06329113924050633,0.7658227848101266,0.24050632911392406,0.006329113924050633
-468.459425,158,2991.720497,3.0,0.9810126582278481,0.06329113924050633,0.06329113924050633,0.759493670886076,0.24050632911392406,0.0
-455.605416,158,2994.776839,3.0,0.9810126582278481,0.06329113924050633,0.06329113924050633,0.759493670886076,0.24050632911392406,0.0
-464.859977,158,2997.77866,4.0,0.9746835443037974,0.06329113924050633,0.06329113924050633,0.7658227848101266,0.24050632911392406,0.006329113924050633
-453.966999,158,3000.775287,4.0,0.9746835443037974,0.06329113924050633,0.056962025316455694,0.7658227848101266,0.24050632911392406,0.006329113924050633
-450.475813,158,3003.765719,2.0,0.9873417721518988,0.06329113924050633,0.06329113924050633,0.7658227848101266,0.24050632911392406,0.006329113924050633
-466.730327,158,3006.718087,3.0,0.9810126582278481,0.06329113924050633,0.06329113924050633,0.759493670886076,0.24050632911392406,0.0
-461.995671,158,3009.67356,1.0,0.9936708860759493,0.06329113924050633,0.06329113924050633,0.7658227848101266,0.24050632911392406,0.006329113924050633
-467.687098,158,3012.656947,2.0,0.9873417721518988,0.06329113924050633,0.06329113924050633,0.7911392405063291,0.2468354430379747,0.0379746835443038
-459.799797,158,3015.675905,1.0,0.9936708860759493,0.06329113924050633,0.06329113924050633,0.7911392405063291,0.24050632911392406,0.03164556962025317
-461.191952,158,3018.696209,2.0,0.9873417721518988,0.06329113924050633,0.06329113924050633,0.8164556962025317,0.2468354430379747,0.06329113924050633
-454.738962,158,3021.742184,2.0,0.9873417721518988,0.06329113924050633,0.06329113924050633,0.8037974683544303,0.24050632911392406,0.04430379746835443
-455.918808,158,3024.737805,4.0,0.9746835443037974,0.06329113924050633,0.06329113924050633,0.8037974683544303,0.24050632911392406,0.04430379746835443
-472.052923,158,3027.732608,3.0,0.9810126582278481,0.06329113924050633,0.056962025316455694,0.7911392405063291,0.2468354430379747,0.0379746835443038
-477.50375,158,3030.759193,2.0,0.9873417721518988,0.06329113924050633,0.06329113924050633,0.7658227848101266,0.25316455696202533,0.0189873417721519
-463.147947,158,3033.720219,1.0,0.9968354430379747,0.06540084388185653,0.06582278481012659,0.7848101265822784,0.24050632911392406,0.02531645569620253
-468.126788,158,3036.699263,1.0,0.9936708860759493,0.06329113924050633,0.06329113924050633,0.7784810126582279,0.24050632911392406,0.0189873417721519
-472.338927,158,3039.735523,4.0,0.9778481012658228,0.06645569620253164,0.06645569620253164,0.7784810126582279,0.24050632911392406,0.0189873417721519
-484.52979,158,3042.748721,1.0,0.9936708860759493,0.06329113924050633,0.06329113924050633,0.759493670886076,0.24050632911392406,0.0
-491.378291,158,3045.801366,1.0,0.9936708860759493,0.06329113924050633,0.06329113924050633,0.7658227848101266,0.24050632911392406,0.006329113924050633
-466.991876,158,3048.789943,1.0,0.9936708860759493,0.06329113924050633,0.06329113924050633,0.7658227848101266,0.24050632911392406,0.006329113924050633
-459.286747,158,3051.741381,1.0,0.9936708860759493,0.06329113924050633,0.06329113924050633,0.759493670886076,0.24050632911392406,0.0
-460.82584,158,3054.793325,1.0,0.9936708860759493,0.06329113924050633,0.06329113924050633,0.759493670886076,0.24050632911392406,0.0
-458.247701,158,3057.770438,2.0,0.9873417721518988,0.06329113924050633,0.06329113924050633,0.759493670886076,0.25949367088607594,0.0189873417721519
-466.817318,158,3060.717629,1.0,0.9936708860759493,0.06329113924050633,0.06329113924050633,0.759493670886076,0.2468354430379747,0.006329113924050633
-464.162349,158,3063.665154,4.0,0.9746835443037974,0.06329113924050633,0.06329113924050633,0.7658227848101266,0.25316455696202533,0.0189873417721519
-461.676672,158,3066.572548,5.0,0.9683544303797469,0.06329113924050633,0.056962025316455694,0.7721518987341772,0.27848101265822783,0.05063291139240506
-453.885703,158,3069.513595,0.0,1.0,0.06329113924050633,0.06329113924050633,0.7658227848101266,0.27848101265822783,0.04430379746835443
-466.035794,158,3072.54252,0.0,1.0,0.06329113924050633,0.06329113924050633,0.759493670886076,0.2911392405063291,0.05063291139240506
-457.696962,158,3075.528905,6.0,0.9620253164556962,0.06329113924050633,0.05063291139240506,0.7658227848101266,0.2974683544303797,0.06329113924050633
-478.095097,158,3078.469353,2.0,0.9873417721518988,0.06329113924050633,0.056962025316455694,0.7848101265822784,0.24050632911392406,0.02531645569620253
-447.909189,158,3081.360057,0.0,1.0,0.06329113924050633,0.06329113924050633,0.8417721518987342,0.24050632911392406,0.08227848101265822
-463.755245,158,3084.294308,0.0,1.0,0.06329113924050633,0.06329113924050633,0.8291139240506329,0.24050632911392406,0.06962025316455696
-462.360708,158,3087.276093,0.0,1.0,0.06329113924050633,0.06329113924050633,0.810126582278481,0.24050632911392406,0.05063291139240506
-459.268698,158,3090.249875,0.0,1.0,0.06329113924050633,0.06329113924050633,0.8037974683544303,0.24050632911392406,0.04430379746835443
-483.203573,158,3093.242718,1.0,0.9936708860759493,0.06329113924050633,0.06329113924050633,0.7784810126582279,0.24050632911392406,0.0189873417721519
-471.264022,158,3096.215817,5.0,0.9683544303797469,0.06329113924050633,0.06329113924050633,0.7658227848101266,0.24050632911392406,0.006329113924050633
-472.879564,158,3099.160837,0.0,1.0,0.06329113924050633,0.06329113924050633,0.7658227848101266,0.24050632911392406,0.006329113924050633
-482.39892,158,3102.129956,0.0,1.0,0.06329113924050633,0.06329113924050633,0.7658227848101266,0.24050632911392406,0.006329113924050633
-466.472358,158,3105.327927,1.0,0.9936708860759493,0.06329113924050633,0.06329113924050633,0.7721518987341772,0.24050632911392406,0.012658227848101266
-459.530366,158,3108.271917,1.0,0.9936708860759493,0.06329113924050633,0.06329113924050633,0.7784810126582279,0.24050632911392406,0.0189873417721519
-466.334899,158,3111.231346,6.0,0.9620253164556962,0.06540084388185653,0.060126582278481014,0.7848101265822784,0.24050632911392406,0.02531645569620253
-467.310936,158,3114.15893,6.0,0.9620253164556962,0.06329113924050633,0.056962025316455694,0.7721518987341772,0.24050632911392406,0.012658227848101266
-468.218077,158,3117.104292,4.0,0.9746835443037974,0.06540084388185653,0.06645569620253164,0.7658227848101266,0.24050632911392406,0.006329113924050633
-457.657874,158,3120.060513,1.0,0.9936708860759493,0.06329113924050633,0.06329113924050633,0.7784810126582279,0.24050632911392406,0.0189873417721519
-470.452268,158,3123.023134,3.0,0.9810126582278481,0.06329113924050633,0.06329113924050633,0.7721518987341772,0.24050632911392406,0.012658227848101266
-468.623594,158,3126.071583,0.0,1.0,0.06329113924050633,0.06329113924050633,0.7721518987341772,0.24050632911392406,0.012658227848101266
-454.330772,158,3129.077335,1.0,0.9936708860759493,0.06329113924050633,0.06329113924050633,0.7784810126582279,0.24050632911392406,0.0189873417721519
-468.490717,158,3132.081946,4.0,0.9746835443037974,0.06329113924050633,0.06329113924050633,0.759493670886076,0.2468354430379747,0.006329113924050633
-458.28122,158,3135.11371,2.0,0.9873417721518988,0.06329113924050633,0.06329113924050633,0.759493670886076,0.310126582278481,0.06962025316455696
-439.815608,158,3138.144932,2.0,0.9873417721518988,0.06329113924050633,0.06329113924050633,0.7784810126582279,0.3291139240506329,0.10759493670886076
-453.224155,158,3141.145259,8.0,0.9493670886075949,0.06329113924050633,0.06329113924050633,0.7658227848101266,0.25949367088607594,0.02531645569620253
-450.959101,158,3144.128776,3.0,0.9810126582278481,0.06329113924050633,0.06329113924050633,0.759493670886076,0.2468354430379747,0.006329113924050633
-447.474484,158,3147.153767,8.0,0.9493670886075949,0.06329113924050633,0.06329113924050633,0.759493670886076,0.24050632911392406,0.0
-458.808127,158,3150.200159,6.0,0.9620253164556962,0.06329113924050633,0.06329113924050633,0.759493670886076,0.2468354430379747,0.006329113924050633
-467.672535,158,3153.165506,2.0,0.9873417721518988,0.06329113924050633,0.06329113924050633,0.759493670886076,0.24050632911392406,0.0
-465.260001,158,3156.24679,3.0,0.9810126582278481,0.06329113924050633,0.06329113924050633,0.7658227848101266,0.24050632911392406,0.006329113924050633
-470.973516,158,3159.238493,3.0,0.9810126582278481,0.06329113924050633,0.06329113924050633,0.759493670886076,0.24050632911392406,0.0
-480.108598,158,3162.206999,5.0,0.9683544303797469,0.06329113924050633,0.056962025316455694,0.7658227848101266,0.24050632911392406,0.006329113924050633
-463.910581,158,3165.183481,2.0,0.9873417721518988,0.06329113924050633,0.06329113924050633,0.7658227848101266,0.24050632911392406,0.006329113924050633
-462.449927,158,3168.177652,9.0,0.9440928270042195,0.07489451476793248,0.07436708860759493,0.759493670886076,0.24050632911392406,0.0
-457.375724,158,3171.21008,23.0,0.8644514767932489,0.0770042194092827,0.07362869198312236,0.7658227848101266,0.3227848101265823,0.08860759493670886
-465.181251,158,3174.242045,8.0,0.9493670886075949,0.06329113924050633,0.06329113924050633,0.810126582278481,0.26582278481012656,0.0759493670886076
-469.180147,158,3177.260305,3.0,0.9810126582278481,0.06329113924050633,0.06329113924050633,0.8164556962025317,0.24050632911392406,0.056962025316455694
-461.98551,158,3180.282429,2.0,0.9873417721518988,0.06329113924050633,0.06329113924050633,0.7848101265822784,0.24050632911392406,0.02531645569620253
-466.754719,158,3183.206731,7.0,0.9556962025316456,0.06329113924050633,0.05063291139240506,0.7911392405063291,0.24050632911392406,0.03164556962025317
-464.972161,158,3186.130665,5.0,0.9683544303797469,0.06329113924050633,0.056962025316455694,0.810126582278481,0.24050632911392406,0.05063291139240506
-475.544252,158,3189.092974,8.0,0.9514767932489451,0.06540084388185653,0.04641350210970464,0.7784810126582279,0.24050632911392406,0.0189873417721519
-473.233186,158,3192.066718,4.0,0.9746835443037974,0.06329113924050633,0.05063291139240506,0.759493670886076,0.2468354430379747,0.006329113924050633
-463.211284,158,3195.030676,3.0,0.9810126582278481,0.06329113924050633,0.05063291139240506,0.759493670886076,0.26582278481012656,0.02531645569620253
-491.661217,158,3198.07421,21.0,0.8670886075949367,0.06329113924050633,0.03164556962025317,0.759493670886076,0.24050632911392406,0.0
-487.22394,158,3201.077358,0.0,1.0,0.06329113924050633,0.06329113924050633,0.759493670886076,0.24050632911392406,0.0
-483.974995,158,3204.065553,0.0,1.0,0.06329113924050633,0.06329113924050633,0.7658227848101266,0.2468354430379747,0.012658227848101266
-478.022675,158,3207.082514,0.0,1.0,0.06329113924050633,0.06329113924050633,0.7721518987341772,0.24050632911392406,0.012658227848101266
-474.688159,158,3210.093146,0.0,1.0,0.06329113924050633,0.06329113924050633,0.7911392405063291,0.24050632911392406,0.03164556962025317
-477.036895,158,3213.093282,0.0,1.0,0.06329113924050633,0.06329113924050633,0.7658227848101266,0.24050632911392406,0.006329113924050633
-481.899014,158,3216.099764,5.0,0.9683544303797469,0.06329113924050633,0.04430379746835443,0.759493670886076,0.24050632911392406,0.0
-461.975135,158,3219.106767,13.0,0.9177215189873418,0.06540084388185653,0.06645569620253164,0.759493670886076,0.24050632911392406,0.0
-483.960109,158,3222.112005,21.0,0.875,0.07700421940928269,0.05147679324894514,0.759493670886076,0.24050632911392406,0.0
-479.452956,158,3225.148268,20.0,0.8755274261603376,0.06645569620253164,0.053164556962025315,0.759493670886076,0.24050632911392406,0.0
-470.111815,158,3228.061861,2.0,0.9873417721518988,0.06329113924050633,0.05063291139240506,0.7721518987341772,0.24050632911392406,0.012658227848101266
-476.752137,158,3231.051852,0.0,1.0,0.06329113924050633,0.06329113924050633,0.759493670886076,0.24050632911392406,0.0
-494.99126,158,3234.077235,0.0,1.0,0.06329113924050633,0.06329113924050633,0.759493670886076,0.24050632911392406,0.0
-469.846539,158,3237.075381,0.0,1.0,0.06329113924050633,0.06329113924050633,0.759493670886076,0.24050632911392406,0.0
-446.08591,158,3240.083607,1.0,0.9936708860759493,0.06329113924050633,0.06329113924050633,0.759493670886076,0.24050632911392406,0.0
-471.753031,158,3243.096896,1.0,0.9936708860759493,0.06329113924050633,0.06329113924050633,0.7658227848101266,0.24050632911392406,0.006329113924050633
-461.564011,158,3246.104851,0.0,1.0,0.06329113924050633,0.06329113924050633,0.759493670886076,0.2468354430379747,0.006329113924050633
-491.375978,158,3249.136608,4.0,0.9746835443037974,0.06329113924050633,0.06329113924050633,0.759493670886076,0.2468354430379747,0.006329113924050633
-484.101673,158,3252.115571,9.0,0.9498945147679324,0.07172995780590717,0.07290536467751657,0.759493670886076,0.24050632911392406,0.0
-486.560886,158,3255.091422,14.0,0.9113924050632911,0.06329113924050633,0.04430379746835443,0.7658227848101266,0.2468354430379747,0.012658227848101266
-478.035754,158,3258.032929,10.0,0.9367088607594937,0.06329113924050633,0.06329113924050633,0.759493670886076,0.24050632911392406,0.0
-478.368837,158,3260.970237,6.0,0.9662447257383966,0.06856540084388185,0.0679324894514768,0.759493670886076,0.24050632911392406,0.0
-472.477165,158,3263.944655,8.0,0.9493670886075949,0.06329113924050633,0.06329113924050633,0.759493670886076,0.24050632911392406,0.0
-482.276854,158,3266.968465,6.0,0.9620253164556962,0.06962025316455696,0.06962025316455696,0.759493670886076,0.24050632911392406,0.0
-484.531571,158,3269.997613,1.0,0.9936708860759493,0.06329113924050633,0.06329113924050633,0.759493670886076,0.24050632911392406,0.0
-480.096212,158,3272.996396,5.0,0.9736286919831223,0.07172995780590717,0.07278481012658228,0.759493670886076,0.24050632911392406,0.0
-497.296237,158,3276.030261,18.0,0.8881856540084387,0.06540084388185653,0.06540084388185653,0.759493670886076,0.24050632911392406,0.0
-488.235253,158,3279.086195,17.0,0.8924050632911392,0.06329113924050633,0.03164556962025317,0.7658227848101266,0.24050632911392406,0.006329113924050633
-473.445059,158,3282.12746,0.0,1.0,0.06329113924050633,0.06329113924050633,0.759493670886076,0.24050632911392406,0.0
-473.313665,158,3285.195263,1.0,0.9936708860759493,0.06329113924050633,0.06329113924050633,0.759493670886076,0.24050632911392406,0.0
-482.019159,158,3288.227056,1.0,0.9936708860759493,0.06329113924050633,0.06329113924050633,0.759493670886076,0.24050632911392406,0.0
-485.634656,158,3291.276079,1.0,0.9936708860759493,0.06329113924050633,0.06329113924050633,0.7658227848101266,0.24050632911392406,0.006329113924050633
-490.054029,158,3294.274742,0.0,1.0,0.06329113924050633,0.06329113924050633,0.7721518987341772,0.24050632911392406,0.012658227848101266
-491.036368,158,3297.255682,2.0,0.9873417721518988,0.06329113924050633,0.06329113924050633,0.7784810126582279,0.24050632911392406,0.0189873417721519
-479.889919,158,3300.488021,1.0,0.9936708860759493,0.06329113924050633,0.06329113924050633,0.7784810126582279,0.24050632911392406,0.0189873417721519
-487.598893,158,3303.439274,5.0,0.9683544303797469,0.06329113924050633,0.06329113924050633,0.7784810126582279,0.24050632911392406,0.0189873417721519
-478.625883,158,3306.413692,4.0,0.9746835443037974,0.06329113924050633,0.06329113924050633,0.7658227848101266,0.24050632911392406,0.006329113924050633
-484.775744,158,3309.448689,12.0,0.9240506329113924,0.06329113924050633,0.06329113924050633,0.7658227848101266,0.24050632911392406,0.006329113924050633
-486.328398,158,3312.388321,8.0,0.9493670886075949,0.06329113924050633,0.056962025316455694,0.7658227848101266,0.24050632911392406,0.006329113924050633
-494.128003,158,3315.330293,4.0,0.9746835443037974,0.06329113924050633,0.056962025316455694,0.759493670886076,0.24050632911392406,0.0
-462.107713,158,3318.278486,1.0,0.9936708860759493,0.06329113924050633,0.06329113924050633,0.7658227848101266,0.24050632911392406,0.006329113924050633
-480.04664,158,3321.263028,0.0,1.0,0.06329113924050633,0.06329113924050633,0.759493670886076,0.24050632911392406,0.0
-479.584317,158,3324.243894,0.0,1.0,0.06329113924050633,0.06329113924050633,0.759493670886076,0.24050632911392406,0.0
-473.269652,158,3327.284172,1.0,0.9936708860759493,0.06329113924050633,0.06329113924050633,0.759493670886076,0.24050632911392406,0.0
-491.789083,158,3330.255396,3.0,0.9810126582278481,0.06329113924050633,0.06329113924050633,0.759493670886076,0.2468354430379747,0.006329113924050633
-480.196414,158,3333.249267,12.0,0.9240506329113924,0.06329113924050633,0.06329113924050633,0.759493670886076,0.25316455696202533,0.012658227848101266
-472.934724,158,3336.264475,12.0,0.9240506329113924,0.06329113924050633,0.06329113924050633,0.7848101265822784,0.26582278481012656,0.05063291139240506
-464.660865,158,3339.293598,18.0,0.8860759493670886,0.06962025316455696,0.06329113924050633,0.7974683544303798,0.25316455696202533,0.05063291139240506
-467.722628,158,3342.31529,7.0,0.9556962025316456,0.06329113924050633,0.06329113924050633,0.759493670886076,0.24050632911392406,0.0
-482.007013,158,3345.307825,0.0,1.0,0.06329113924050633,0.06329113924050633,0.759493670886076,0.24050632911392406,0.0
-464.671964,158,3348.301449,2.0,0.9873417721518988,0.06329113924050633,0.056962025316455694,0.759493670886076,0.24050632911392406,0.0
-490.884422,158,3351.263077,0.0,1.0,0.06329113924050633,0.06329113924050633,0.759493670886076,0.24050632911392406,0.0
-465.702723,158,3354.245738,0.0,1.0,0.06329113924050633,0.06329113924050633,0.7658227848101266,0.24050632911392406,0.006329113924050633
-477.506553,158,3357.234533,0.0,1.0,0.06329113924050633,0.06329113924050633,0.7784810126582279,0.24050632911392406,0.0189873417721519
-488.704727,158,3360.224528,0.0,1.0,0.06329113924050633,0.06329113924050633,0.759493670886076,0.24050632911392406,0.0
-494.750286,158,3363.214365,5.0,0.9715189873417721,0.06962025316455696,0.06751054852320675,0.759493670886076,0.24050632911392406,0.0
-491.476185,158,3366.140331,7.0,0.9556962025316456,0.06329113924050633,0.056962025316455694,0.759493670886076,0.24050632911392406,0.0
-482.582045,158,3369.045582,5.0,0.9731012658227848,0.06751054852320675,0.06763110307414104,0.7658227848101266,0.24050632911392406,0.006329113924050633
-484.953605,158,3371.999405,10.0,0.9367088607594937,0.06329113924050633,0.06329113924050633,0.759493670886076,0.24050632911392406,0.0
-489.990415,158,3374.99115,3.0,0.9810126582278481,0.06329113924050633,0.06329113924050633,0.759493670886076,0.24050632911392406,0.0
-483.737391,158,3378.016782,10.0,0.938818565400844,0.06540084388185653,0.06540084388185653,0.759493670886076,0.24050632911392406,0.0
-478.082662,158,3381.038611,9.0,0.9451476793248946,0.06645569620253164,0.06582278481012659,0.759493670886076,0.24050632911392406,0.0
-483.418153,158,3384.076452,4.0,0.9746835443037974,0.06329113924050633,0.06329113924050633,0.759493670886076,0.24050632911392406,0.0
-472.502349,158,3387.082239,7.0,0.9578059071729956,0.06540084388185653,0.06540084388185653,0.759493670886076,0.24050632911392406,0.0
-459.852018,158,3390.08855,11.0,0.930379746835443,0.06329113924050633,0.06329113924050633,0.759493670886076,0.24050632911392406,0.0
-484.644173,158,3393.104803,3.0,0.9810126582278481,0.06329113924050633,0.06329113924050633,0.759493670886076,0.24050632911392406,0.0
-483.557638,158,3396.097937,1.0,0.9936708860759493,0.06329113924050633,0.06329113924050633,0.759493670886076,0.24050632911392406,0.0
-475.173431,158,3399.042147,11.0,0.930379746835443,0.06329113924050633,0.06329113924050633,0.7721518987341772,0.24050632911392406,0.012658227848101266
-488.079023,158,3401.992248,1.0,0.9936708860759493,0.06329113924050633,0.06329113924050633,0.7784810126582279,0.24050632911392406,0.0189873417721519
-493.141186,158,3404.978429,1.0,0.9936708860759493,0.06329113924050633,0.06329113924050633,0.7658227848101266,0.24050632911392406,0.006329113924050633
-473.338057,158,3407.984501,0.0,1.0,0.06329113924050633,0.06329113924050633,0.759493670886076,0.24050632911392406,0.0
-460.503824,158,3410.994553,0.0,1.0,0.06329113924050633,0.06329113924050633,0.7658227848101266,0.24050632911392406,0.006329113924050633
-483.648491,158,3413.929604,0.0,1.0,0.06329113924050633,0.06329113924050633,0.7658227848101266,0.24050632911392406,0.006329113924050633
-486.727533,158,3416.914069,1.0,0.9936708860759493,0.06329113924050633,0.06329113924050633,0.7721518987341772,0.24050632911392406,0.012658227848101266
-484.407056,158,3419.870904,0.0,1.0,0.06329113924050633,0.06329113924050633,0.7658227848101266,0.24050632911392406,0.006329113924050633
-487.150677,158,3422.867542,0.0,1.0,0.06329113924050633,0.06329113924050633,0.7911392405063291,0.24050632911392406,0.03164556962025317
-487.316851,158,3425.865142,0.0,1.0,0.06329113924050633,0.06329113924050633,0.7848101265822784,0.24050632911392406,0.02531645569620253
-488.33806,158,3428.907863,1.0,0.9936708860759493,0.06329113924050633,0.056962025316455694,0.7721518987341772,0.24050632911392406,0.012658227848101266
-484.276213,158,3431.878111,3.0,0.9810126582278481,0.06329113924050633,0.06329113924050633,0.7974683544303798,0.24050632911392406,0.0379746835443038
-467.514236,158,3434.88638,1.0,0.9936708860759493,0.06329113924050633,0.06329113924050633,0.7784810126582279,0.24050632911392406,0.0189873417721519
-475.124904,158,3437.854737,0.0,1.0,0.06329113924050633,0.06329113924050633,0.7658227848101266,0.24050632911392406,0.006329113924050633
-467.794037,158,3440.842249,0.0,1.0,0.06329113924050633,0.06329113924050633,0.7658227848101266,0.24050632911392406,0.006329113924050633
-476.344528,158,3443.865563,0.0,1.0,0.06329113924050633,0.06329113924050633,0.7784810126582279,0.24050632911392406,0.0189873417721519
-466.552077,158,3446.817773,2.0,0.9873417721518988,0.06329113924050633,0.06329113924050633,0.7911392405063291,0.24050632911392406,0.03164556962025317
-459.143761,158,3449.826132,0.0,1.0,0.06329113924050633,0.06329113924050633,0.8227848101265823,0.24050632911392406,0.06329113924050633
-461.118808,158,3452.773523,3.0,0.9810126582278481,0.06329113924050633,0.06329113924050633,0.8417721518987342,0.24050632911392406,0.08227848101265822
-449.470077,158,3455.748441,0.0,1.0,0.06329113924050633,0.06329113924050633,0.8227848101265823,0.24050632911392406,0.06329113924050633
-451.493333,158,3458.734106,0.0,1.0,0.06329113924050633,0.06329113924050633,0.7974683544303798,0.24050632911392406,0.0379746835443038
-473.09883,158,3461.72081,0.0,1.0,0.06329113924050633,0.06329113924050633,0.7848101265822784,0.24050632911392406,0.02531645569620253
-497.140133,158,3464.680943,5.0,0.9683544303797469,0.06329113924050633,0.056962025316455694,0.759493670886076,0.24050632911392406,0.0
-478.829203,158,3467.65679,1.0,0.9936708860759493,0.06329113924050633,0.06329113924050633,0.759493670886076,0.24050632911392406,0.0
-471.427664,158,3470.654259,1.0,0.9936708860759493,0.06329113924050633,0.06329113924050633,0.759493670886076,0.24050632911392406,0.0
-483.328713,158,3473.598053,0.0,1.0,0.06329113924050633,0.06329113924050633,0.759493670886076,0.24050632911392406,0.0
-492.257866,158,3476.596264,1.0,0.9936708860759493,0.06329113924050633,0.06329113924050633,0.759493670886076,0.2468354430379747,0.006329113924050633
-481.548172,158,3479.55813,1.0,0.9936708860759493,0.06329113924050633,0.06329113924050633,0.7658227848101266,0.25949367088607594,0.02531645569620253
-452.129789,158,3482.509366,0.0,1.0,0.06329113924050633,0.06329113924050633,0.759493670886076,0.25316455696202533,0.012658227848101266
-460.982586,158,3485.476032,0.0,1.0,0.06329113924050633,0.06329113924050633,0.8037974683544303,0.2468354430379747,0.05063291139240506
-444.572539,158,3488.451124,0.0,1.0,0.06329113924050633,0.06329113924050633,0.8354430379746836,0.24050632911392406,0.0759493670886076
-426.375792,158,3491.431147,0.0,1.0,0.06329113924050633,0.06329113924050633,0.8291139240506329,0.24050632911392406,0.06962025316455696
-441.852601,158,3494.636573,0.0,1.0,0.06329113924050633,0.06329113924050633,0.8227848101265823,0.24050632911392406,0.06329113924050633
-457.375297,158,3497.656098,0.0,1.0,0.06329113924050633,0.06329113924050633,0.7848101265822784,0.24050632911392406,0.02531645569620253
-460.370847,158,3500.64702,0.0,1.0,0.06329113924050633,0.06329113924050633,0.7848101265822784,0.2468354430379747,0.03164556962025317
-453.091372,158,3503.625651,0.0,1.0,0.06329113924050633,0.06329113924050633,0.7974683544303798,0.2848101265822785,0.08227848101265822
-461.669993,158,3506.62829,0.0,1.0,0.06329113924050633,0.06329113924050633,0.7848101265822784,0.2721518987341772,0.056962025316455694
-470.313541,158,3509.65703,0.0,1.0,0.06329113924050633,0.06329113924050633,0.759493670886076,0.2468354430379747,0.006329113924050633
-469.211128,158,3512.693526,2.0,0.9873417721518988,0.06329113924050633,0.06329113924050633,0.7721518987341772,0.24050632911392406,0.012658227848101266
-460.69235,158,3515.686437,0.0,1.0,0.06329113924050633,0.06329113924050633,0.7784810126582279,0.25316455696202533,0.03164556962025317
-459.943089,158,3518.655892,0.0,1.0,0.06329113924050633,0.06329113924050633,0.8354430379746836,0.2468354430379747,0.08227848101265822
-448.535836,158,3521.601109,0.0,1.0,0.06329113924050633,0.06329113924050633,0.8354430379746836,0.24050632911392406,0.0759493670886076
-460.054707,158,3524.542065,0.0,1.0,0.06329113924050633,0.06329113924050633,0.7911392405063291,0.24050632911392406,0.03164556962025317
-457.529996,158,3527.448793,0.0,1.0,0.06329113924050633,0.06329113924050633,0.7974683544303798,0.24050632911392406,0.0379746835443038
-461.779055,158,3530.386623,0.0,1.0,0.06329113924050633,0.06329113924050633,0.7784810126582279,0.24050632911392406,0.0189873417721519
-450.371846,158,3533.341622,0.0,1.0,0.06329113924050633,0.06329113924050633,0.7721518987341772,0.24050632911392406,0.012658227848101266
-456.982206,158,3536.286784,0.0,1.0,0.06329113924050633,0.06329113924050633,0.7721518987341772,0.24050632911392406,0.012658227848101266
-470.091818,158,3539.251815,0.0,1.0,0.06329113924050633,0.06329113924050633,0.7974683544303798,0.2468354430379747,0.04430379746835443
-470.881685,158,3542.194373,0.0,1.0,0.06329113924050633,0.06329113924050633,0.7848101265822784,0.24050632911392406,0.02531645569620253
-466.563896,158,3545.075736,0.0,1.0,0.06329113924050633,0.06329113924050633,0.7721518987341772,0.24050632911392406,0.012658227848101266
-473.09926,158,3548.018648,0.0,1.0,0.06329113924050633,0.06329113924050633,0.7658227848101266,0.24050632911392406,0.006329113924050633
-466.537237,158,3550.963901,2.0,0.9873417721518988,0.06329113924050633,0.06329113924050633,0.7721518987341772,0.24050632911392406,0.012658227848101266
-478.736536,158,3553.874136,0.0,1.0,0.06329113924050633,0.06329113924050633,0.759493670886076,0.24050632911392406,0.0
-474.602225,158,3556.770769,0.0,1.0,0.06329113924050633,0.06329113924050633,0.759493670886076,0.24050632911392406,0.0
-473.21483,158,3559.741116,0.0,1.0,0.06329113924050633,0.06329113924050633,0.759493670886076,0.2468354430379747,0.006329113924050633
-474.175298,158,3562.728088,0.0,1.0,0.06329113924050633,0.06329113924050633,0.759493670886076,0.25316455696202533,0.012658227848101266
-478.491806,158,3565.694615,1.0,0.9936708860759493,0.06329113924050633,0.06329113924050633,0.759493670886076,0.24050632911392406,0.0
-469.958864,158,3568.684181,7.0,0.9556962025316456,0.06329113924050633,0.06329113924050633,0.7658227848101266,0.24050632911392406,0.006329113924050633
-467.136683,158,3571.645352,3.0,0.9810126582278481,0.06329113924050633,0.06329113924050633,0.7658227848101266,0.2468354430379747,0.012658227848101266
-454.880637,158,3574.650367,14.0,0.9113924050632911,0.06329113924050633,0.056962025316455694,0.759493670886076,0.24050632911392406,0.0
-464.103066,158,3577.678888,15.0,0.9050632911392406,0.06856540084388185,0.0580168776371308,0.7721518987341772,0.24050632911392406,0.012658227848101266
-458.358528,158,3580.665214,10.0,0.9367088607594937,0.06329113924050633,0.056962025316455694,0.759493670886076,0.2468354430379747,0.006329113924050633
-465.828849,158,3583.672793,5.0,0.970464135021097,0.06962025316455696,0.060126582278481014,0.759493670886076,0.25316455696202533,0.012658227848101266
-471.309102,158,3586.655093,6.0,0.9651898734177216,0.06645569620253164,0.060126582278481014,0.7658227848101266,0.24050632911392406,0.006329113924050633
-461.259248,158,3589.594713,7.0,0.9556962025316456,0.06329113924050633,0.06329113924050633,0.7658227848101266,0.2468354430379747,0.012658227848101266
-449.688467,158,3592.571758,7.0,0.9556962025316456,0.06329113924050633,0.06329113924050633,0.759493670886076,0.2848101265822785,0.04430379746835443
-453.747799,158,3595.626923,0.0,1.0,0.06329113924050633,0.06329113924050633,0.759493670886076,0.3227848101265823,0.08227848101265822
-449.090881,158,3598.638506,0.0,1.0,0.06329113924050633,0.06329113924050633,0.759493670886076,0.2974683544303797,0.056962025316455694
-463.849456,158,3601.631572,4.0,0.9746835443037974,0.06329113924050633,0.06329113924050633,0.7784810126582279,0.310126582278481,0.08860759493670886
-481.230766,158,3604.690402,0.0,1.0,0.06329113924050633,0.06329113924050633,0.7658227848101266,0.25316455696202533,0.0189873417721519
-471.362198,158,3607.647444,0.0,1.0,0.06329113924050633,0.06329113924050633,0.759493670886076,0.25316455696202533,0.012658227848101266
-482.100029,158,3610.653555,0.0,1.0,0.06329113924050633,0.06329113924050633,0.7721518987341772,0.24050632911392406,0.012658227848101266
-468.456144,158,3613.716667,1.0,0.9936708860759493,0.06329113924050633,0.06329113924050633,0.7658227848101266,0.24050632911392406,0.006329113924050633
-474.988545,158,3616.763062,3.0,0.9810126582278481,0.06329113924050633,0.06329113924050633,0.759493670886076,0.24050632911392406,0.0
-474.686176,158,3619.806805,2.0,0.9873417721518988,0.06329113924050633,0.06329113924050633,0.759493670886076,0.2468354430379747,0.006329113924050633
-478.90425,158,3622.847857,0.0,1.0,0.06329113924050633,0.06329113924050633,0.759493670886076,0.26582278481012656,0.02531645569620253
-486.227699,158,3625.824539,0.0,1.0,0.06329113924050633,0.06329113924050633,0.759493670886076,0.2468354430379747,0.006329113924050633
-489.469335,158,3628.867011,0.0,1.0,0.06329113924050633,0.06329113924050633,0.759493670886076,0.24050632911392406,0.0
-482.165964,158,3631.888633,1.0,0.9936708860759493,0.06329113924050633,0.06329113924050633,0.759493670886076,0.24050632911392406,0.0
-489.468671,158,3634.901432,3.0,0.9810126582278481,0.06329113924050633,0.06329113924050633,0.759493670886076,0.24050632911392406,0.0
-487.041869,158,3637.904278,2.0,0.9873417721518988,0.06329113924050633,0.06329113924050633,0.759493670886076,0.24050632911392406,0.0
-473.504454,158,3640.915438,1.0,0.9936708860759493,0.06329113924050633,0.06329113924050633,0.759493670886076,0.24050632911392406,0.0
-477.902845,158,3643.898799,1.0,0.9936708860759493,0.06329113924050633,0.06329113924050633,0.759493670886076,0.24050632911392406,0.0
-483.389012,158,3646.858001,6.0,0.9620253164556962,0.06329113924050633,0.06329113924050633,0.759493670886076,0.24050632911392406,0.0
-487.142445,158,3649.805988,0.0,1.0,0.06329113924050633,0.06329113924050633,0.759493670886076,0.24050632911392406,0.0
-477.128407,158,3652.791038,2.0,0.9873417721518988,0.06329113924050633,0.06329113924050633,0.7784810126582279,0.24050632911392406,0.0189873417721519
-491.548695,158,3655.816547,24.0,0.8502109704641349,0.06540084388185653,0.0590717299578059,0.7848101265822784,0.24050632911392406,0.02531645569620253
-481.873853,158,3658.884599,0.0,1.0,0.06329113924050633,0.06329113924050633,0.7911392405063291,0.24050632911392406,0.03164556962025317
-480.913162,158,3661.924475,0.0,1.0,0.06329113924050633,0.06329113924050633,0.8037974683544303,0.24050632911392406,0.04430379746835443
-479.276865,158,3664.979672,1.0,0.9936708860759493,0.06329113924050633,0.06329113924050633,0.8037974683544303,0.24050632911392406,0.04430379746835443
-475.554084,158,3667.997026,0.0,1.0,0.06329113924050633,0.06329113924050633,0.7721518987341772,0.24050632911392406,0.012658227848101266
-485.787689,158,3671.016697,1.0,0.9936708860759493,0.06645569620253164,0.06751054852320675,0.7784810126582279,0.24050632911392406,0.0189873417721519
-487.087732,158,3674.025084,0.0,1.0,0.06329113924050633,0.06329113924050633,0.7848101265822784,0.24050632911392406,0.02531645569620253
-475.025499,158,3677.006411,0.0,1.0,0.06329113924050633,0.06329113924050633,0.7848101265822784,0.24050632911392406,0.02531645569620253
-456.293959,158,3680.014745,0.0,1.0,0.06329113924050633,0.06329113924050633,0.7911392405063291,0.24050632911392406,0.03164556962025317
-479.339337,158,3683.007041,0.0,1.0,0.06329113924050633,0.06329113924050633,0.7911392405063291,0.24050632911392406,0.03164556962025317
-475.620106,158,3685.953121,0.0,1.0,0.06329113924050633,0.06329113924050633,0.7721518987341772,0.24050632911392406,0.012658227848101266
-490.053541,158,3688.934206,0.0,1.0,0.06329113924050633,0.06329113924050633,0.7721518987341772,0.24050632911392406,0.012658227848101266
-488.247941,158,3692.129536,0.0,1.0,0.06329113924050633,0.06329113924050633,0.7658227848101266,0.24050632911392406,0.006329113924050633
-492.880026,158,3695.11814,0.0,1.0,0.06329113924050633,0.06329113924050633,0.7658227848101266,0.24050632911392406,0.006329113924050633
-487.216992,158,3698.117338,0.0,1.0,0.06329113924050633,0.06329113924050633,0.7658227848101266,0.24050632911392406,0.006329113924050633
-490.413713,158,3701.106847,0.0,1.0,0.06329113924050633,0.06329113924050633,0.759493670886076,0.24050632911392406,0.0
-479.128846,158,3704.130775,1.0,0.9936708860759493,0.06329113924050633,0.06329113924050633,0.7658227848101266,0.24050632911392406,0.006329113924050633
-469.579482,158,3707.093657,0.0,1.0,0.06329113924050633,0.06329113924050633,0.7784810126582279,0.24050632911392406,0.0189873417721519
-477.637448,158,3710.063615,1.0,0.9936708860759493,0.06329113924050633,0.06329113924050633,0.8164556962025317,0.24050632911392406,0.056962025316455694
-445.72998,158,3713.074387,1.0,0.9936708860759493,0.06329113924050633,0.06329113924050633,0.8607594936708861,0.24050632911392406,0.10126582278481013
-453.747637,158,3716.136147,10.0,0.938818565400844,0.06645569620253164,0.06582278481012659,0.8734177215189873,0.24050632911392406,0.11392405063291139
-451.196155,158,3719.186626,1.0,0.9936708860759493,0.06329113924050633,0.06329113924050633,0.8544303797468354,0.24050632911392406,0.0949367088607595
-461.087068,158,3722.17616,1.0,0.9936708860759493,0.06329113924050633,0.06329113924050633,0.8544303797468354,0.24050632911392406,0.0949367088607595
-484.692276,158,3725.193133,1.0,0.9936708860759493,0.06329113924050633,0.06329113924050633,0.8227848101265823,0.24050632911392406,0.06329113924050633
-482.880107,158,3728.190682,0.0,1.0,0.06329113924050633,0.06329113924050633,0.7974683544303798,0.24050632911392406,0.0379746835443038
-485.787164,158,3731.175926,0.0,1.0,0.06329113924050633,0.06329113924050633,0.8037974683544303,0.24050632911392406,0.04430379746835443
-482.963959,158,3734.133011,0.0,1.0,0.06329113924050633,0.06329113924050633,0.810126582278481,0.24050632911392406,0.05063291139240506
-485.95573,158,3737.102837,3.0,0.9810126582278481,0.06329113924050633,0.06329113924050633,0.8037974683544303,0.24050632911392406,0.04430379746835443
-478.715352,158,3740.071809,1.0,0.9936708860759493,0.06329113924050633,0.06329113924050633,0.8227848101265823,0.24050632911392406,0.06329113924050633
-482.256263,158,3743.050759,2.0,0.9873417721518988,0.06329113924050633,0.06329113924050633,0.8417721518987342,0.24050632911392406,0.08227848101265822
-476.139203,158,3746.017923,0.0,1.0,0.06329113924050633,0.06329113924050633,0.8670886075949367,0.24050632911392406,0.10759493670886076
-477.929359,158,3749.018916,0.0,1.0,0.06329113924050633,0.06329113924050633,0.8354430379746836,0.24050632911392406,0.0759493670886076
-467.464683,158,3751.947279,0.0,1.0,0.06329113924050633,0.06329113924050633,0.8670886075949367,0.24050632911392406,0.10759493670886076
-477.069436,158,3754.882094,0.0,1.0,0.06329113924050633,0.06329113924050633,0.8417721518987342,0.24050632911392406,0.08227848101265822
-484.603088,158,3757.841322,1.0,0.9936708860759493,0.06329113924050633,0.06329113924050633,0.8417721518987342,0.24050632911392406,0.08227848101265822
-468.170933,158,3760.757925,0.0,1.0,0.06329113924050633,0.06329113924050633,0.8037974683544303,0.24050632911392406,0.04430379746835443
-466.087499,158,3763.73812,0.0,1.0,0.06329113924050633,0.06329113924050633,0.8417721518987342,0.24050632911392406,0.08227848101265822
-485.208796,158,3766.690264,0.0,1.0,0.06329113924050633,0.06329113924050633,0.8291139240506329,0.24050632911392406,0.06962025316455696
-466.767047,158,3769.657386,0.0,1.0,0.06329113924050633,0.06329113924050633,0.8291139240506329,0.24050632911392406,0.06962025316455696
-468.752519,158,3772.529244,0.0,1.0,0.06329113924050633,0.06329113924050633,0.8607594936708861,0.24050632911392406,0.10126582278481013
-472.574858,158,3775.453737,1.0,0.9936708860759493,0.06329113924050633,0.06329113924050633,0.8291139240506329,0.24050632911392406,0.06962025316455696
-478.479318,158,3778.376861,0.0,1.0,0.06329113924050633,0.06329113924050633,0.810126582278481,0.24050632911392406,0.05063291139240506
-482.591503,158,3781.343942,0.0,1.0,0.06329113924050633,0.06329113924050633,0.8227848101265823,0.24050632911392406,0.06329113924050633
-467.201801,158,3784.298218,1.0,0.9936708860759493,0.06329113924050633,0.06329113924050633,0.8037974683544303,0.24050632911392406,0.04430379746835443
-478.348722,158,3787.246734,1.0,0.9936708860759493,0.06329113924050633,0.06329113924050633,0.7784810126582279,0.24050632911392406,0.0189873417721519
-483.050755,158,3790.223127,1.0,0.9936708860759493,0.06329113924050633,0.06329113924050633,0.7784810126582279,0.24050632911392406,0.0189873417721519
-472.6137,158,3793.233894,1.0,0.9936708860759493,0.06329113924050633,0.06329113924050633,0.7658227848101266,0.24050632911392406,0.006329113924050633
-489.479951,158,3796.238096,1.0,0.9936708860759493,0.06329113924050633,0.06329113924050633,0.759493670886076,0.24050632911392406,0.0
-490.067987,158,3799.19124,0.0,1.0,0.06329113924050633,0.06329113924050633,0.7658227848101266,0.24050632911392406,0.006329113924050633
-478.927115,158,3802.24061,1.0,0.9936708860759493,0.06329113924050633,0.06329113924050633,0.7658227848101266,0.24050632911392406,0.006329113924050633
-467.249947,158,3805.23514,3.0,0.9810126582278481,0.06329113924050633,0.06329113924050633,0.7658227848101266,0.24050632911392406,0.006329113924050633
-480.391119,158,3808.2309,5.0,0.9683544303797469,0.06329113924050633,0.06329113924050633,0.7721518987341772,0.24050632911392406,0.012658227848101266
-479.373064,158,3811.159377,0.0,1.0,0.06329113924050633,0.06329113924050633,0.8037974683544303,0.24050632911392406,0.04430379746835443
-469.426161,158,3814.084052,10.0,0.9367088607594937,0.06329113924050633,0.06329113924050633,0.8481012658227848,0.24050632911392406,0.08860759493670886
-483.130545,158,3817.024598,16.0,0.90084388185654,0.06645569620253164,0.059493670886075954,0.7848101265822784,0.24050632911392406,0.02531645569620253
-479.903883,158,3820.034737,64.0,0.6436708860759492,0.15559071729957805,0.10551537070524412,0.7911392405063291,0.24050632911392406,0.03164556962025317
-457.739221,158,3823.116147,73.0,0.5594936708860759,0.10970464135021096,0.07260397830018084,0.7784810126582279,0.24050632911392406,0.0189873417721519
-469.914797,158,3826.162253,20.0,0.8786919831223627,0.06962025316455696,0.06265822784810127,0.7911392405063291,0.24050632911392406,0.03164556962025317
-460.836275,158,3829.173647,13.0,0.9219409282700423,0.08544303797468354,0.08164556962025317,0.7658227848101266,0.24050632911392406,0.006329113924050633
-481.344203,158,3832.140298,5.0,0.9683544303797469,0.06329113924050633,0.06329113924050633,0.7658227848101266,0.24050632911392406,0.006329113924050633
-485.583726,158,3835.144571,2.0,0.9873417721518988,0.06329113924050633,0.06329113924050633,0.7658227848101266,0.27848101265822783,0.04430379746835443
-497.517368,158,3838.144265,15.0,0.9050632911392406,0.06329113924050633,0.06329113924050633,0.7974683544303798,0.24050632911392406,0.0379746835443038
-433.481313,158,3841.1402,112.0,0.3338607594936709,0.1181434599156118,0.04792043399638336,0.8670886075949367,0.24050632911392406,0.10759493670886076
-475.033359,158,3844.203193,27.0,0.8291139240506329,0.06645569620253164,0.05485232067510548,0.8037974683544303,0.24050632911392406,0.04430379746835443
-475.403513,158,3847.236084,25.0,0.8449367088607594,0.06645569620253164,0.060126582278481014,0.9367088607594937,0.24050632911392406,0.17721518987341772
-487.399721,158,3850.26653,7.0,0.9556962025316456,0.06329113924050633,0.056962025316455694,0.8164556962025317,0.24050632911392406,0.056962025316455694
-481.283531,158,3853.253936,4.0,0.9746835443037974,0.06329113924050633,0.06329113924050633,0.7721518987341772,0.24050632911392406,0.012658227848101266
-482.684818,158,3856.280988,1.0,0.9936708860759493,0.06329113924050633,0.06329113924050633,0.759493670886076,0.2468354430379747,0.006329113924050633
-465.721423,158,3859.262807,0.0,1.0,0.06329113924050633,0.06329113924050633,0.7658227848101266,0.2468354430379747,0.012658227848101266
-490.945136,158,3862.275573,0.0,1.0,0.06329113924050633,0.06329113924050633,0.759493670886076,0.25316455696202533,0.012658227848101266
-491.817743,158,3865.248785,1.0,0.9936708860759493,0.06329113924050633,0.06329113924050633,0.759493670886076,0.25949367088607594,0.0189873417721519
-493.664836,158,3868.192441,0.0,1.0,0.06329113924050633,0.06329113924050633,0.759493670886076,0.27848101265822783,0.0379746835443038
-483.922674,158,3871.142424,0.0,1.0,0.06329113924050633,0.06329113924050633,0.759493670886076,0.25949367088607594,0.0189873417721519
-486.948155,158,3874.163538,0.0,1.0,0.06329113924050633,0.06329113924050633,0.759493670886076,0.25949367088607594,0.0189873417721519
-485.232092,158,3877.123117,3.0,0.9810126582278481,0.06329113924050633,0.056962025316455694,0.759493670886076,0.25949367088607594,0.0189873417721519
-495.190128,158,3880.093035,3.0,0.9810126582278481,0.06329113924050633,0.06329113924050633,0.759493670886076,0.25316455696202533,0.012658227848101266
-484.884229,158,3883.321451,4.0,0.9746835443037974,0.06329113924050633,0.056962025316455694,0.759493670886076,0.2468354430379747,0.006329113924050633
-491.862426,158,3886.327189,6.0,0.9620253164556962,0.06329113924050633,0.056962025316455694,0.759493670886076,0.24050632911392406,0.0
-472.366633,158,3889.307247,6.0,0.9662447257383966,0.06751054852320675,0.06751054852320675,0.759493670886076,0.24050632911392406,0.0
-469.217356,158,3892.290843,6.0,0.9620253164556962,0.06329113924050633,0.06329113924050633,0.759493670886076,0.2468354430379747,0.006329113924050633
-494.633156,158,3895.309064,3.0,0.9810126582278481,0.06329113924050633,0.056962025316455694,0.759493670886076,0.2468354430379747,0.006329113924050633
-466.295729,158,3898.331825,2.0,0.990506329113924,0.06645569620253164,0.06645569620253164,0.759493670886076,0.24050632911392406,0.0
-478.437538,158,3901.35412,5.0,0.9683544303797469,0.06329113924050633,0.05063291139240506,0.759493670886076,0.24050632911392406,0.0
-455.073888,158,3904.37518,3.0,0.9810126582278481,0.06329113924050633,0.056962025316455694,0.759493670886076,0.25316455696202533,0.012658227848101266
-491.254611,158,3907.35971,2.0,0.9873417721518988,0.06329113924050633,0.06329113924050633,0.759493670886076,0.26582278481012656,0.02531645569620253
-475.343111,158,3910.329269,0.0,1.0,0.06329113924050633,0.06329113924050633,0.7658227848101266,0.24050632911392406,0.006329113924050633
-492.860798,158,3913.268469,2.0,0.9873417721518988,0.06329113924050633,0.056962025316455694,0.7658227848101266,0.2468354430379747,0.012658227848101266
-496.986827,158,3916.290252,23.0,0.8639240506329114,0.07489451476793248,0.060548523206751054,0.7721518987341772,0.24050632911392406,0.012658227848101266
-502.222843,158,3919.322701,26.0,0.8417721518987342,0.06962025316455696,0.04430379746835443,0.7721518987341772,0.24050632911392406,0.012658227848101266
-497.002657,158,3922.292155,0.0,1.0,0.06329113924050633,0.06329113924050633,0.759493670886076,0.24050632911392406,0.0
-503.488804,158,3925.239414,0.0,1.0,0.06329113924050633,0.06329113924050633,0.759493670886076,0.2848101265822785,0.04430379746835443
-483.859696,158,3928.204992,2.0,0.9894514767932489,0.06540084388185653,0.06540084388185653,0.7658227848101266,0.2848101265822785,0.05063291139240506
-498.380649,158,3931.182252,1.0,0.9936708860759493,0.06329113924050633,0.06329113924050633,0.759493670886076,0.2468354430379747,0.006329113924050633
-485.298879,158,3934.191307,13.0,0.9277426160337552,0.0780590717299578,0.07501506931886678,0.759493670886076,0.26582278481012656,0.02531645569620253
-484.029234,158,3937.185322,30.0,0.814873417721519,0.07700421940928269,0.060548523206751054,0.7784810126582279,0.27848101265822783,0.056962025316455694
-464.846015,158,3940.208578,50.0,0.6951476793248946,0.08544303797468354,0.08185654008438818,0.759493670886076,0.26582278481012656,0.02531645569620253
-479.672535,158,3943.308387,32.0,0.8110307414104883,0.08227848101265822,0.08094233473980308,0.7784810126582279,0.24050632911392406,0.0189873417721519
-480.211938,158,3946.390145,16.0,0.9034810126582279,0.06962025316455696,0.06223628691983121,0.7721518987341772,0.24050632911392406,0.012658227848101266
-477.416585,158,3949.499985,35.0,0.7895569620253164,0.080168776371308,0.056660638939119955,0.8037974683544303,0.24050632911392406,0.04430379746835443
-470.385539,158,3952.604501,52.0,0.6824894514767932,0.0970464135021097,0.06540084388185653,0.7911392405063291,0.24050632911392406,0.03164556962025317
-493.562098,158,3955.674901,49.0,0.6983122362869199,0.08122362869198312,0.05358649789029536,0.759493670886076,0.24050632911392406,0.0
-471.347429,158,3958.769439,52.0,0.6888185654008439,0.08069620253164557,0.056962025316455694,0.759493670886076,0.24050632911392406,0.0
-473.016376,158,3961.919373,58.0,0.6418776371308016,0.07700421940928269,0.03839662447257384,0.759493670886076,0.24050632911392406,0.0
-451.795277,158,3965.04768,50.0,0.6932489451476793,0.10126582278481013,0.07585895117540686,0.810126582278481,0.24050632911392406,0.05063291139240506
-489.849972,158,3968.10053,12.0,0.9240506329113924,0.06329113924050633,0.06329113924050633,0.7848101265822784,0.24050632911392406,0.02531645569620253
-461.001783,158,3971.117543,10.0,0.939873417721519,0.06751054852320675,0.06265822784810127,0.7658227848101266,0.2468354430379747,0.012658227848101266
-487.459489,158,3974.139901,10.0,0.9367088607594937,0.06329113924050633,0.06329113924050633,0.7658227848101266,0.2468354430379747,0.012658227848101266
-495.373441,158,3977.175923,8.0,0.9493670886075949,0.06329113924050633,0.056962025316455694,0.7721518987341772,0.25949367088607594,0.03164556962025317
-493.609151,158,3980.296018,4.0,0.9746835443037974,0.06329113924050633,0.06329113924050633,0.7784810126582279,0.25949367088607594,0.0379746835443038
-484.29912,158,3983.382849,11.0,0.9324894514767931,0.0759493670886076,0.06645569620253164,0.7721518987341772,0.27848101265822783,0.05063291139240506
-472.733736,158,3986.34642,7.0,0.9556962025316456,0.06329113924050633,0.06329113924050633,0.759493670886076,0.3227848101265823,0.08227848101265822
-455.899796,158,3989.35148,3.0,0.9810126582278481,0.06329113924050633,0.06329113924050633,0.759493670886076,0.4810126582278481,0.24050632911392406
-446.720468,158,3992.328421,6.0,0.9636075949367089,0.06645569620253164,0.06540084388185653,0.759493670886076,0.5949367088607594,0.35443037974683544
-405.778127,158,3995.343554,3.0,0.9841772151898734,0.06645569620253164,0.06645569620253164,0.759493670886076,0.7151898734177216,0.47468354430379744
-441.025066,158,3998.315828,2.0,0.9873417721518988,0.06329113924050633,0.06329113924050633,0.759493670886076,0.5253164556962026,0.2848101265822785
-447.1338,158,4001.270465,0.0,1.0,0.06329113924050633,0.06329113924050633,0.759493670886076,0.4050632911392405,0.16455696202531644
-455.960357,158,4004.259144,3.0,0.9841772151898734,0.06962025316455696,0.06751054852320676,0.7658227848101266,0.3860759493670886,0.1518987341772152
-438.193809,158,4007.253089,4.0,0.9746835443037974,0.06329113924050633,0.06329113924050633,0.759493670886076,0.569620253164557,0.3291139240506329
-454.112588,158,4010.322686,2.0,0.9873417721518988,0.06329113924050633,0.06329113924050633,0.759493670886076,0.3924050632911392,0.1518987341772152
-488.113576,158,4013.356786,5.0,0.9683544303797469,0.06329113924050633,0.056962025316455694,0.759493670886076,0.25316455696202533,0.012658227848101266
-488.44363,158,4016.37759,8.0,0.9493670886075949,0.06329113924050633,0.056962025316455694,0.7658227848101266,0.2848101265822785,0.05063291139240506
-472.112795,158,4019.322202,7.0,0.9556962025316456,0.06329113924050633,0.04430379746835443,0.7658227848101266,0.2848101265822785,0.05063291139240506
-492.504062,158,4022.36007,16.0,0.8987341772151899,0.06329113924050633,0.04430379746835443,0.7848101265822784,0.24050632911392406,0.02531645569620253
-488.145907,158,4025.344773,7.0,0.9569620253164556,0.06540084388185653,0.058544303797468354,0.7721518987341772,0.24050632911392406,0.012658227848101266
-491.717327,158,4028.332558,10.0,0.9367088607594937,0.06329113924050633,0.056962025316455694,0.7721518987341772,0.24050632911392406,0.012658227848101266
-494.506206,158,4031.2943,20.0,0.8755274261603374,0.06540084388185653,0.05274261603375527,0.7658227848101266,0.24050632911392406,0.006329113924050633
-493.94924,158,4034.255795,33.0,0.7976793248945148,0.07172995780590717,0.0701627486437613,0.7784810126582279,0.24050632911392406,0.0189873417721519
-487.631154,158,4037.268058,19.0,0.881012658227848,0.06962025316455696,0.059071729957805914,0.7848101265822784,0.24050632911392406,0.02531645569620253
-489.647897,158,4040.297116,6.0,0.9620253164556962,0.06329113924050633,0.056962025316455694,0.7784810126582279,0.25316455696202533,0.03164556962025317
-499.297572,158,4043.272323,2.0,0.9886075949367088,0.0759493670886076,0.07172995780590717,0.759493670886076,0.25316455696202533,0.012658227848101266
-496.770941,158,4046.298447,2.0,0.9873417721518988,0.06329113924050633,0.06329113924050633,0.7721518987341772,0.25316455696202533,0.02531645569620253
-497.719831,158,4049.300594,2.0,0.9873417721518988,0.06329113924050633,0.06329113924050633,0.7848101265822784,0.24050632911392406,0.02531645569620253
-494.608752,158,4052.309276,0.0,1.0,0.06329113924050633,0.06329113924050633,0.7784810126582279,0.24050632911392406,0.0189873417721519
-501.81576,158,4055.281064,2.0,0.9873417721518988,0.06329113924050633,0.06329113924050633,0.7658227848101266,0.24050632911392406,0.006329113924050633
-485.297275,158,4058.2783,2.0,0.9873417721518988,0.06329113924050633,0.06329113924050633,0.759493670886076,0.3037974683544304,0.06329113924050633
-469.182165,158,4061.267197,2.0,0.9873417721518988,0.06329113924050633,0.06329113924050633,0.7784810126582279,0.310126582278481,0.08860759493670886
-481.782503,158,4064.226512,3.0,0.9810126582278481,0.06329113924050633,0.06329113924050633,0.8037974683544303,0.2468354430379747,0.05063291139240506
-487.645857,158,4067.224468,11.0,0.930379746835443,0.06540084388185653,0.06645569620253164,0.8164556962025317,0.24050632911392406,0.056962025316455694
-471.502931,158,4070.461767,15.0,0.9050632911392406,0.06329113924050633,0.06329113924050633,0.8037974683544303,0.24050632911392406,0.04430379746835443
-485.743869,158,4073.430463,18.0,0.8924050632911392,0.07172995780590717,0.06413502109704641,0.7974683544303798,0.25316455696202533,0.05063291139240506
-496.583483,158,4076.49741,1.0,0.9936708860759493,0.06329113924050633,0.06329113924050633,0.7784810126582279,0.25316455696202533,0.03164556962025317
-481.9105,158,4079.481943,14.0,0.9145569620253164,0.06540084388185653,0.06582278481012659,0.7721518987341772,0.27848101265822783,0.05063291139240506
-487.99517,158,4082.418848,14.0,0.9187763713080168,0.07489451476793248,0.07215189873417721,0.7911392405063291,0.24050632911392406,0.03164556962025317
-478.606914,158,4085.409103,19.0,0.884493670886076,0.07067510548523206,0.07142857142857142,0.810126582278481,0.24050632911392406,0.05063291139240506
-481.313735,158,4088.411177,6.0,0.9620253164556962,0.06329113924050633,0.06329113924050633,0.7974683544303798,0.24050632911392406,0.0379746835443038
-495.799011,158,4091.41512,0.0,1.0,0.06329113924050633,0.06329113924050633,0.7848101265822784,0.24050632911392406,0.02531645569620253
-496.887169,158,4094.377513,7.0,0.9556962025316456,0.06329113924050633,0.06329113924050633,0.7721518987341772,0.24050632911392406,0.012658227848101266
-494.950643,158,4097.390976,8.0,0.9493670886075949,0.06329113924050633,0.06329113924050633,0.7848101265822784,0.24050632911392406,0.02531645569620253
-485.998191,158,4100.399137,20.0,0.880801687763713,0.07278481012658228,0.07151898734177216,0.7784810126582279,0.24050632911392406,0.0189873417721519
-490.815827,158,4103.434059,15.0,0.9066455696202531,0.06645569620253164,0.06540084388185653,0.7658227848101266,0.24050632911392406,0.006329113924050633
-499.008366,158,4106.384555,6.0,0.9662447257383966,0.07067510548523206,0.07109704641350212,0.759493670886076,0.24050632911392406,0.0
-496.376671,158,4109.380675,9.0,0.9451476793248944,0.06645569620253164,0.06582278481012659,0.759493670886076,0.24050632911392406,0.0
-493.386802,158,4112.415196,13.0,0.9177215189873418,0.06645569620253164,0.06751054852320675,0.759493670886076,0.24050632911392406,0.0
-488.893963,158,4115.459098,15.0,0.9050632911392406,0.06329113924050633,0.06329113924050633,0.7848101265822784,0.24050632911392406,0.02531645569620253
-430.181127,158,4118.569727,53.0,0.6740506329113924,0.06962025316455696,0.05189873417721518,0.8291139240506329,0.24050632911392406,0.06962025316455696
-475.410632,158,4121.591596,16.0,0.9018987341772152,0.06645569620253164,0.06645569620253164,0.8227848101265823,0.24050632911392406,0.06329113924050633
-488.031375,158,4124.567939,6.0,0.9667721518987342,0.06856540084388185,0.0682640144665461,0.7784810126582279,0.2468354430379747,0.02531645569620253
-490.793409,158,4127.563213,5.0,0.9683544303797469,0.06329113924050633,0.06329113924050633,0.759493670886076,0.2468354430379747,0.006329113924050633
-480.646601,158,4130.621494,0.0,1.0,0.06329113924050633,0.06329113924050633,0.759493670886076,0.24050632911392406,0.0
-476.658175,158,4133.688781,0.0,1.0,0.06329113924050633,0.06329113924050633,0.759493670886076,0.24050632911392406,0.0
-493.78849,158,4136.698339,0.0,1.0,0.06329113924050633,0.06329113924050633,0.759493670886076,0.25316455696202533,0.012658227848101266
-481.263546,158,4139.657374,0.0,1.0,0.06329113924050633,0.06329113924050633,0.7848101265822784,0.24050632911392406,0.02531645569620253
-458.325284,158,4142.588209,1.0,0.9936708860759493,0.06329113924050633,0.06329113924050633,0.7911392405063291,0.24050632911392406,0.03164556962025317
-475.623803,158,4145.584412,1.0,0.9936708860759493,0.06329113924050633,0.06329113924050633,0.7974683544303798,0.24050632911392406,0.0379746835443038
-489.529666,158,4148.575898,1.0,0.9936708860759493,0.06329113924050633,0.06329113924050633,0.7848101265822784,0.24050632911392406,0.02531645569620253
-479.811604,158,4151.515378,0.0,1.0,0.06329113924050633,0.06329113924050633,0.7721518987341772,0.24050632911392406,0.012658227848101266
-452.511733,158,4154.430973,0.0,1.0,0.06329113924050633,0.06329113924050633,0.759493670886076,0.4240506329113924,0.18354430379746836
-432.905433,158,4157.43453,39.0,0.7768987341772152,0.11181434599156116,0.09372111713883866,0.8037974683544303,0.35443037974683544,0.15822784810126583
-492.664901,158,4160.439217,0.0,1.0,0.06329113924050633,0.06329113924050633,0.810126582278481,0.24050632911392406,0.05063291139240506
-482.537076,158,4163.407481,0.0,1.0,0.06329113924050633,0.06329113924050633,0.759493670886076,0.24050632911392406,0.0
-495.570454,158,4166.39666,0.0,1.0,0.06329113924050633,0.06329113924050633,0.7658227848101266,0.24050632911392406,0.006329113924050633
-479.074895,158,4169.391658,0.0,1.0,0.06329113924050633,0.06329113924050633,0.7784810126582279,0.24050632911392406,0.0189873417721519
-482.637448,158,4172.39652,0.0,1.0,0.06329113924050633,0.06329113924050633,0.7658227848101266,0.24050632911392406,0.006329113924050633
-482.661981,158,4175.390135,0.0,1.0,0.06329113924050633,0.06329113924050633,0.7911392405063291,0.24050632911392406,0.03164556962025317
-482.500941,158,4178.390726,0.0,1.0,0.06329113924050633,0.06329113924050633,0.7848101265822784,0.24050632911392406,0.02531645569620253
-485.971583,158,4181.393137,1.0,0.9936708860759493,0.06329113924050633,0.06329113924050633,0.7784810126582279,0.24050632911392406,0.0189873417721519
-476.424564,158,4184.405587,0.0,1.0,0.06329113924050633,0.06329113924050633,0.7911392405063291,0.24050632911392406,0.03164556962025317
-493.910066,158,4187.364421,0.0,1.0,0.06329113924050633,0.06329113924050633,0.7974683544303798,0.24050632911392406,0.0379746835443038
-481.820841,158,4190.30894,1.0,0.9936708860759493,0.06329113924050633,0.06329113924050633,0.8037974683544303,0.24050632911392406,0.04430379746835443
-476.594676,158,4193.30501,1.0,0.9936708860759493,0.06329113924050633,0.06329113924050633,0.8164556962025317,0.24050632911392406,0.056962025316455694
-491.862603,158,4196.248738,2.0,0.9873417721518988,0.06329113924050633,0.06329113924050633,0.8037974683544303,0.24050632911392406,0.04430379746835443
-483.069233,158,4199.180236,2.0,0.9873417721518988,0.06329113924050633,0.06329113924050633,0.810126582278481,0.24050632911392406,0.05063291139240506
-482.116211,158,4202.110159,1.0,0.9936708860759493,0.06329113924050633,0.06329113924050633,0.810126582278481,0.24050632911392406,0.05063291139240506
-489.827115,158,4205.105225,0.0,1.0,0.06329113924050633,0.06329113924050633,0.810126582278481,0.24050632911392406,0.05063291139240506
-489.689531,158,4208.055657,2.0,0.9873417721518988,0.06329113924050633,0.06329113924050633,0.810126582278481,0.24050632911392406,0.05063291139240506
-490.656211,158,4211.047843,1.0,0.9936708860759493,0.06329113924050633,0.06329113924050633,0.8227848101265823,0.24050632911392406,0.06329113924050633
-484.862916,158,4214.041421,0.0,1.0,0.06329113924050633,0.06329113924050633,0.8354430379746836,0.24050632911392406,0.0759493670886076
-491.793859,158,4217.01001,1.0,0.9936708860759493,0.06329113924050633,0.06329113924050633,0.810126582278481,0.24050632911392406,0.05063291139240506
-484.349927,158,4219.975731,1.0,0.9936708860759493,0.06329113924050633,0.06329113924050633,0.8164556962025317,0.24050632911392406,0.056962025316455694
-490.930428,158,4222.920164,0.0,1.0,0.06329113924050633,0.06329113924050633,0.810126582278481,0.24050632911392406,0.05063291139240506
-475.598979,158,4225.938613,1.0,0.9936708860759493,0.06329113924050633,0.06329113924050633,0.7658227848101266,0.24050632911392406,0.006329113924050633
-486.996501,158,4228.932433,0.0,1.0,0.06329113924050633,0.06329113924050633,0.7784810126582279,0.24050632911392406,0.0189873417721519
-489.658161,158,4231.87111,0.0,1.0,0.06329113924050633,0.06329113924050633,0.7658227848101266,0.2468354430379747,0.012658227848101266
-486.113367,158,4234.79535,0.0,1.0,0.06329113924050633,0.06329113924050633,0.759493670886076,0.2721518987341772,0.03164556962025317
-486.878489,158,4237.768788,0.0,1.0,0.06329113924050633,0.06329113924050633,0.7658227848101266,0.2848101265822785,0.05063291139240506
-483.566962,158,4240.740248,1.0,0.9936708860759493,0.06329113924050633,0.06329113924050633,0.7911392405063291,0.27848101265822783,0.06962025316455696
-471.609051,158,4243.672353,0.0,1.0,0.06329113924050633,0.06329113924050633,0.810126582278481,0.2848101265822785,0.0949367088607595
-474.334955,158,4246.595862,0.0,1.0,0.06329113924050633,0.06329113924050633,0.8417721518987342,0.26582278481012656,0.10759493670886076
-480.481668,158,4249.557369,0.0,1.0,0.06329113924050633,0.06329113924050633,0.7848101265822784,0.27848101265822783,0.06329113924050633
-487.100018,158,4252.528662,0.0,1.0,0.06329113924050633,0.06329113924050633,0.7658227848101266,0.2721518987341772,0.0379746835443038
-480.872477,158,4255.541096,4.0,0.9775316455696201,0.06962025316455696,0.067209162145871,0.7721518987341772,0.2721518987341772,0.04430379746835443
-482.133659,158,4258.520294,4.0,0.9767932489451475,0.06540084388185653,0.06540084388185653,0.7658227848101266,0.2848101265822785,0.05063291139240506
-486.249784,158,4261.471144,2.0,0.9873417721518988,0.06329113924050633,0.06329113924050633,0.759493670886076,0.2974683544303797,0.056962025316455694
-486.759272,158,4264.632299,3.0,0.9810126582278481,0.06329113924050633,0.06329113924050633,0.759493670886076,0.3037974683544304,0.06329113924050633
-472.391121,158,4267.627065,5.0,0.9683544303797469,0.06329113924050633,0.06329113924050633,0.759493670886076,0.3291139240506329,0.08860759493670886
-474.764158,158,4270.598665,7.0,0.9556962025316456,0.06540084388185653,0.06645569620253164,0.759493670886076,0.31645569620253167,0.0759493670886076
-484.492369,158,4273.587846,9.0,0.9430379746835443,0.06540084388185653,0.06645569620253164,0.759493670886076,0.2974683544303797,0.056962025316455694
-481.785791,158,4276.555585,6.0,0.9620253164556962,0.06329113924050633,0.06329113924050633,0.759493670886076,0.310126582278481,0.06962025316455696
-478.399715,158,4279.520563,8.0,0.9493670886075949,0.06329113924050633,0.06329113924050633,0.7658227848101266,0.310126582278481,0.0759493670886076
-480.19735,158,4282.495714,5.0,0.9683544303797469,0.06329113924050633,0.06329113924050633,0.7721518987341772,0.2974683544303797,0.06962025316455696
-476.715952,158,4285.514586,2.0,0.990506329113924,0.06645569620253164,0.06645569620253164,0.759493670886076,0.2911392405063291,0.05063291139240506
-495.048855,158,4288.547506,0.0,1.0,0.06329113924050633,0.06329113924050633,0.759493670886076,0.26582278481012656,0.02531645569620253
-501.18893,158,4291.480133,0.0,1.0,0.06329113924050633,0.06329113924050633,0.7721518987341772,0.24050632911392406,0.012658227848101266
-498.873343,158,4294.421877,0.0,1.0,0.06329113924050633,0.06329113924050633,0.7658227848101266,0.24050632911392406,0.006329113924050633
-489.46873,158,4297.391216,0.0,1.0,0.06329113924050633,0.06329113924050633,0.7721518987341772,0.24050632911392406,0.012658227848101266
-495.250403,158,4300.31805,0.0,1.0,0.06329113924050633,0.06329113924050633,0.7848101265822784,0.24050632911392406,0.02531645569620253
-484.45832,158,4303.313495,0.0,1.0,0.06329113924050633,0.06329113924050633,0.8164556962025317,0.24050632911392406,0.056962025316455694
-470.465654,158,4306.315204,0.0,1.0,0.06329113924050633,0.06329113924050633,0.8354430379746836,0.24050632911392406,0.0759493670886076
-472.242151,158,4309.308789,1.0,0.9936708860759493,0.06329113924050633,0.06329113924050633,0.8354430379746836,0.24050632911392406,0.0759493670886076
-464.242383,158,4312.357901,0.0,1.0,0.06329113924050633,0.06329113924050633,0.8670886075949367,0.24050632911392406,0.10759493670886076
-478.891263,158,4315.408346,0.0,1.0,0.06329113924050633,0.06329113924050633,0.8354430379746836,0.25949367088607594,0.0949367088607595
-467.816991,158,4318.415647,1.0,0.9936708860759493,0.06329113924050633,0.06329113924050633,0.8417721518987342,0.26582278481012656,0.10759493670886076
-463.031763,158,4321.464359,2.0,0.9873417721518988,0.06329113924050633,0.06329113924050633,0.8481012658227848,0.26582278481012656,0.11392405063291139
-474.322885,158,4324.430152,1.0,0.9936708860759493,0.06329113924050633,0.06329113924050633,0.8354430379746836,0.25949367088607594,0.0949367088607595
-469.262678,158,4327.400108,5.0,0.9683544303797469,0.06329113924050633,0.06329113924050633,0.8354430379746836,0.26582278481012656,0.10126582278481013
-476.694302,158,4330.383558,4.0,0.9746835443037974,0.06329113924050633,0.06329113924050633,0.7784810126582279,0.26582278481012656,0.04430379746835443
-489.534135,158,4333.391791,1.0,0.9936708860759493,0.06329113924050633,0.06329113924050633,0.7658227848101266,0.2721518987341772,0.0379746835443038
-480.193683,158,4336.409057,2.0,0.9873417721518988,0.06329113924050633,0.06329113924050633,0.7721518987341772,0.27848101265822783,0.05063291139240506
-487.194256,158,4339.411231,3.0,0.9810126582278481,0.06329113924050633,0.06329113924050633,0.7848101265822784,0.2848101265822785,0.06962025316455696
-481.678468,158,4342.429034,1.0,0.9936708860759493,0.06329113924050633,0.06329113924050633,0.7911392405063291,0.2848101265822785,0.0759493670886076
-464.761413,158,4345.458889,4.0,0.9746835443037974,0.06329113924050633,0.06329113924050633,0.7721518987341772,0.26582278481012656,0.0379746835443038
-481.94233,158,4348.412414,5.0,0.9683544303797469,0.06329113924050633,0.06329113924050633,0.7658227848101266,0.26582278481012656,0.03164556962025317
-475.117741,158,4351.448979,6.0,0.9620253164556962,0.06329113924050633,0.06329113924050633,0.7721518987341772,0.31645569620253167,0.08860759493670886
-478.628107,158,4354.406643,10.0,0.9367088607594937,0.06329113924050633,0.06329113924050633,0.7784810126582279,0.3860759493670886,0.16455696202531644
-454.597874,158,4357.389895,12.0,0.9272151898734177,0.06645569620253164,0.06645569620253164,0.810126582278481,0.37341772151898733,0.18354430379746836
-466.592086,158,4360.373454,4.0,0.9767932489451475,0.06962025316455696,0.06645569620253164,0.8164556962025317,0.26582278481012656,0.08227848101265822
-475.50186,158,4363.390911,6.0,0.9620253164556962,0.06329113924050633,0.06329113924050633,0.810126582278481,0.25949367088607594,0.06962025316455696
-461.874497,158,4366.386235,8.0,0.9514767932489451,0.06540084388185653,0.06540084388185653,0.8544303797468354,0.25949367088607594,0.11392405063291139
-477.465261,158,4369.427514,2.0,0.9873417721518988,0.06329113924050633,0.06329113924050633,0.8417721518987342,0.25949367088607594,0.10126582278481013
-475.945015,158,4372.450834,4.0,0.9746835443037974,0.06329113924050633,0.06329113924050633,0.8417721518987342,0.25949367088607594,0.10126582278481013
-477.325569,158,4375.49621,4.0,0.9746835443037974,0.06329113924050633,0.06329113924050633,0.8291139240506329,0.25949367088607594,0.08860759493670886
-479.120803,158,4378.559123,8.0,0.9493670886075949,0.06329113924050633,0.06329113924050633,0.8164556962025317,0.25949367088607594,0.0759493670886076
-484.944972,158,4381.562118,6.0,0.9699367088607594,0.07172995780590717,0.07142857142857142,0.8037974683544303,0.25949367088607594,0.06329113924050633
-482.79965,158,4384.587245,3.0,0.9810126582278481,0.06329113924050633,0.06329113924050633,0.7848101265822784,0.25949367088607594,0.04430379746835443
-494.652848,158,4387.568976,10.0,0.9367088607594937,0.06329113924050633,0.06329113924050633,0.7848101265822784,0.25316455696202533,0.0379746835443038
-479.957154,158,4390.537953,15.0,0.9092827004219408,0.06751054852320675,0.06722925457102673,0.7974683544303798,0.25949367088607594,0.056962025316455694
-490.697864,158,4393.544371,23.0,0.8570675105485234,0.07489451476793248,0.07112718505123568,0.7974683544303798,0.25949367088607594,0.056962025316455694
-486.974891,158,4396.481419,17.0,0.8987341772151899,0.06856540084388185,0.0689873417721519,0.7848101265822784,0.25316455696202533,0.0379746835443038
-478.33083,158,4399.508098,28.0,0.8311332127787824,0.080168776371308,0.07816455696202533,0.7784810126582279,0.24050632911392406,0.0189873417721519
-485.730963,158,4402.503082,14.0,0.9113924050632911,0.06329113924050633,0.06329113924050633,0.8164556962025317,0.26582278481012656,0.08227848101265822
-467.879716,158,4405.508569,40.0,0.7625075346594334,0.0981012658227848,0.07495981514968858,0.8164556962025317,0.25949367088607594,0.0759493670886076
-449.380258,158,4408.546912,36.0,0.7861362266425557,0.0981012658227848,0.07851617440225035,0.8037974683544303,0.25949367088607594,0.06329113924050633
-455.207685,158,4411.511443,34.0,0.804746835443038,0.10126582278481013,0.06778179626280892,0.7911392405063291,0.25949367088607594,0.05063291139240506
-477.598837,158,4414.470666,26.0,0.8354430379746836,0.06645569620253164,0.04852320675105485,0.7848101265822784,0.25949367088607594,0.04430379746835443
-493.020572,158,4417.47851,29.0,0.8177215189873417,0.06751054852320675,0.0680379746835443,0.8037974683544303,0.25316455696202533,0.056962025316455694
-483.647426,158,4420.470071,21.0,0.8691983122362869,0.06645569620253164,0.06582278481012659,0.8037974683544303,0.2468354430379747,0.05063291139240506
-483.720858,158,4423.481892,22.0,0.8670886075949367,0.07383966244725738,0.07039381153305205,0.7721518987341772,0.2468354430379747,0.0189873417721519
-514.331716,158,4426.464919,18.0,0.8876582278481012,0.06962025316455696,0.06582278481012659,0.7658227848101266,0.2468354430379747,0.012658227848101266
-501.42891,158,4429.43651,18.0,0.8876582278481012,0.06856540084388185,0.06856540084388185,0.759493670886076,0.2468354430379747,0.006329113924050633
-498.995283,158,4432.431122,18.0,0.8939873417721519,0.07489451476793248,0.07531645569620252,0.7721518987341772,0.2468354430379747,0.0189873417721519
-503.320787,158,4435.462136,13.0,0.9177215189873418,0.06329113924050633,0.06329113924050633,0.7658227848101266,0.25949367088607594,0.02531645569620253
-498.687285,158,4438.410375,19.0,0.8889240506329114,0.07700421940928269,0.07367892304601165,0.759493670886076,0.25949367088607594,0.0189873417721519
-497.120302,158,4441.421326,12.0,0.9251054852320676,0.06962025316455696,0.06909282700421941,0.759493670886076,0.2721518987341772,0.03164556962025317
-479.492006,158,4444.414157,15.0,0.9050632911392406,0.06329113924050633,0.06329113924050633,0.759493670886076,0.2721518987341772,0.03164556962025317
-490.225145,158,4447.44099,9.0,0.9451476793248944,0.06645569620253164,0.06582278481012659,0.7658227848101266,0.2911392405063291,0.056962025316455694
-490.188581,158,4450.454436,5.0,0.9683544303797469,0.06540084388185653,0.06645569620253164,0.7721518987341772,0.27848101265822783,0.05063291139240506
-491.123219,158,4453.782033,9.0,0.9430379746835443,0.06645569620253164,0.06751054852320675,0.7658227848101266,0.26582278481012656,0.03164556962025317
-479.297454,158,4456.856646,7.0,0.9556962025316456,0.06329113924050633,0.06329113924050633,0.759493670886076,0.2721518987341772,0.03164556962025317
-476.543456,158,4459.919132,29.0,0.819620253164557,0.06962025316455696,0.06434599156118143,0.759493670886076,0.25949367088607594,0.0189873417721519
-458.563829,158,4463.06073,56.0,0.6576476793248945,0.09177215189873418,0.034704641350210966,0.7658227848101266,0.25316455696202533,0.0189873417721519
-492.166824,158,4466.160355,56.0,0.6571729957805907,0.08649789029535865,0.03681434599156118,0.759493670886076,0.25316455696202533,0.012658227848101266
-507.098847,158,4469.247062,21.0,0.869198312236287,0.06540084388185653,0.040084388185654005,0.7658227848101266,0.25316455696202533,0.0189873417721519
-498.502864,158,4472.243745,32.0,0.8008438818565401,0.06856540084388185,0.0482218203737191,0.7658227848101266,0.25316455696202533,0.0189873417721519
-497.677514,158,4475.244806,28.0,0.831223628691983,0.07278481012658228,0.06552139843279083,0.7658227848101266,0.25316455696202533,0.0189873417721519
-493.408902,158,4478.198393,30.0,0.810126582278481,0.06329113924050633,0.05063291139240506,0.759493670886076,0.25949367088607594,0.0189873417721519
-502.966597,158,4481.197754,23.0,0.8586497890295358,0.06856540084388185,0.048945147679324896,0.759493670886076,0.25949367088607594,0.0189873417721519
-474.981558,158,4484.195058,33.0,0.8016877637130801,0.0780590717299578,0.06223628691983121,0.7911392405063291,0.2721518987341772,0.06329113924050633
-480.103896,158,4487.181173,37.0,0.7732067510548523,0.08122362869198312,0.0720815752461322,0.8227848101265823,0.27848101265822783,0.10126582278481013
-482.714701,158,4490.180018,33.0,0.8032700421940928,0.07700421940928269,0.04421338155515371,0.7658227848101266,0.26582278481012656,0.03164556962025317
-491.711133,158,4493.172926,12.0,0.9272151898734177,0.06962025316455696,0.05485232067510548,0.759493670886076,0.2911392405063291,0.05063291139240506
-498.832412,158,4496.250179,8.0,0.9493670886075949,0.06329113924050633,0.04430379746835443,0.759493670886076,0.26582278481012656,0.02531645569620253
-473.442007,158,4499.261254,15.0,0.9066455696202531,0.06856540084388185,0.043248945147679324,0.759493670886076,0.2721518987341772,0.03164556962025317
-488.625292,158,4502.293233,13.0,0.9208860759493671,0.06962025316455696,0.04852320675105485,0.759493670886076,0.26582278481012656,0.02531645569620253
-481.193209,158,4505.31301,4.0,0.9746835443037974,0.06329113924050633,0.04430379746835443,0.759493670886076,0.2721518987341772,0.03164556962025317
-495.809797,158,4508.333988,5.0,0.9683544303797469,0.06329113924050633,0.06329113924050633,0.759493670886076,0.2721518987341772,0.03164556962025317
-494.108662,158,4511.379036,9.0,0.9430379746835443,0.06329113924050633,0.05063291139240506,0.7658227848101266,0.2911392405063291,0.056962025316455694
-485.479048,158,4514.418274,10.0,0.9367088607594937,0.06329113924050633,0.05063291139240506,0.7658227848101266,0.27848101265822783,0.04430379746835443
-488.31583,158,4517.469383,12.0,0.9240506329113924,0.06329113924050633,0.05063291139240506,0.7721518987341772,0.26582278481012656,0.0379746835443038
-488.855493,158,4520.457308,13.0,0.9177215189873418,0.06329113924050633,0.05063291139240506,0.7721518987341772,0.26582278481012656,0.0379746835443038
-499.453178,158,4523.445256,9.0,0.9430379746835443,0.06329113924050633,0.06329113924050633,0.7658227848101266,0.26582278481012656,0.03164556962025317
-497.940666,158,4526.447991,12.0,0.9240506329113924,0.06645569620253164,0.06118143459915613,0.7658227848101266,0.26582278481012656,0.03164556962025317
-479.944108,158,4529.438593,21.0,0.8718354430379747,0.07120253164556962,0.0679324894514768,0.7911392405063291,0.2911392405063291,0.08227848101265822
-477.874099,158,4532.474666,25.0,0.8502109704641349,0.07172995780590717,0.06518987341772152,0.7784810126582279,0.31645569620253167,0.0949367088607595
-462.322039,158,4535.534912,45.0,0.7172995780590717,0.06856540084388185,0.05,0.7911392405063291,0.26582278481012656,0.056962025316455694
-449.711159,158,4538.612609,38.0,0.759493670886076,0.06329113924050633,0.06329113924050633,0.7848101265822784,0.25949367088607594,0.04430379746835443
-468.117787,158,4541.648166,30.0,0.810126582278481,0.06329113924050633,0.056962025316455694,0.7911392405063291,0.2721518987341772,0.06329113924050633
-465.645746,158,4544.660718,19.0,0.879746835443038,0.06329113924050633,0.06329113924050633,0.7911392405063291,0.2848101265822785,0.0759493670886076
-478.0009,158,4547.668606,10.0,0.9367088607594937,0.06329113924050633,0.06329113924050633,0.7721518987341772,0.27848101265822783,0.05063291139240506
-501.846105,158,4550.666869,7.0,0.9588607594936709,0.0759493670886076,0.07383966244725738,0.7784810126582279,0.26582278481012656,0.04430379746835443
-487.237922,158,4553.658937,14.0,0.9135021097046412,0.06645569620253164,0.06582278481012659,0.7784810126582279,0.2848101265822785,0.06329113924050633
-495.612718,158,4556.681081,11.0,0.930379746835443,0.06329113924050633,0.06329113924050633,0.7721518987341772,0.27848101265822783,0.05063291139240506
-496.106055,158,4559.659041,12.0,0.9240506329113924,0.06962025316455696,0.07151898734177216,0.7658227848101266,0.26582278481012656,0.03164556962025317
-487.054145,158,4562.634999,15.0,0.9087552742616034,0.0701476793248945,0.0701627486437613,0.7658227848101266,0.26582278481012656,0.03164556962025317
-487.466334,158,4565.631577,10.0,0.939873417721519,0.06540084388185653,0.06582278481012659,0.759493670886076,0.25949367088607594,0.0189873417721519
-487.914903,158,4568.641194,5.0,0.970464135021097,0.06540084388185653,0.06540084388185653,0.759493670886076,0.2721518987341772,0.03164556962025317
-491.961546,158,4571.650753,5.0,0.9715189873417721,0.06645569620253164,0.06645569620253164,0.759493670886076,0.26582278481012656,0.02531645569620253
-502.206904,158,4574.596578,3.0,0.9810126582278481,0.06329113924050633,0.06329113924050633,0.759493670886076,0.27848101265822783,0.0379746835443038
-491.200772,158,4577.549485,5.0,0.9696202531645569,0.06540084388185653,0.06487341772151899,0.759493670886076,0.2848101265822785,0.04430379746835443
-488.679152,158,4580.490385,2.0,0.9873417721518988,0.06329113924050633,0.06329113924050633,0.759493670886076,0.27848101265822783,0.0379746835443038
-495.369764,158,4583.400025,1.0,0.9936708860759493,0.06329113924050633,0.06329113924050633,0.759493670886076,0.2911392405063291,0.05063291139240506
-491.301292,158,4586.345162,0.0,1.0,0.06329113924050633,0.06329113924050633,0.759493670886076,0.2911392405063291,0.05063291139240506
-493.518706,158,4589.285391,0.0,1.0,0.06329113924050633,0.06329113924050633,0.759493670886076,0.2911392405063291,0.05063291139240506
-488.150141,158,4592.214334,2.0,0.9873417721518988,0.06329113924050633,0.06329113924050633,0.759493670886076,0.2911392405063291,0.05063291139240506
-493.10816,158,4595.204524,6.0,0.9641350210970463,0.06645569620253164,0.06582278481012659,0.759493670886076,0.2848101265822785,0.04430379746835443
-483.164392,158,4598.198505,4.0,0.9767932489451477,0.06645569620253164,0.06582278481012659,0.759493670886076,0.3037974683544304,0.06329113924050633
-490.626141,158,4601.182551,5.0,0.9683544303797469,0.06329113924050633,0.06329113924050633,0.759493670886076,0.2974683544303797,0.056962025316455694
-485.653878,158,4604.191157,9.0,0.9439421338155515,0.06645569620253164,0.06469760900140646,0.7721518987341772,0.3037974683544304,0.0759493670886076
-487.05629,158,4607.187076,7.0,0.9578059071729959,0.06645569620253164,0.06582278481012659,0.7848101265822784,0.25316455696202533,0.0379746835443038
-494.087477,158,4610.158941,9.0,0.9509493670886076,0.0701476793248945,0.07037371910789632,0.7911392405063291,0.25316455696202533,0.04430379746835443
-484.303081,158,4613.161655,14.0,0.9113924050632911,0.06329113924050633,0.06329113924050633,0.7911392405063291,0.24050632911392406,0.03164556962025317
-488.275411,158,4616.152085,14.0,0.9166666666666665,0.07278481012658228,0.06962025316455696,0.810126582278481,0.24050632911392406,0.05063291139240506
-476.76451,158,4619.160788,10.0,0.9367088607594937,0.06329113924050633,0.06329113924050633,0.8481012658227848,0.2468354430379747,0.0949367088607595
-473.21198,158,4622.183829,8.0,0.9514767932489451,0.06645569620253164,0.06582278481012659,0.8670886075949367,0.24050632911392406,0.10759493670886076
-489.972196,158,4625.1739,10.0,0.9367088607594937,0.06329113924050633,0.06329113924050633,0.8354430379746836,0.24050632911392406,0.0759493670886076
-495.801279,158,4628.17246,10.0,0.939873417721519,0.06540084388185653,0.06582278481012659,0.8417721518987342,0.24050632911392406,0.08227848101265822
-492.705101,158,4631.228391,11.0,0.930379746835443,0.06329113924050633,0.06329113924050633,0.7911392405063291,0.25949367088607594,0.05063291139240506
-492.78583,158,4634.224515,15.0,0.9082278481012658,0.06540084388185653,0.06582278481012659,0.7784810126582279,0.25316455696202533,0.03164556962025317
-481.257391,158,4637.2642,7.0,0.9556962025316456,0.06329113924050633,0.06329113924050633,0.7974683544303798,0.26582278481012656,0.06329113924050633
-492.37501,158,4640.46728,18.0,0.8897679324894514,0.06962025316455696,0.07037371910789632,0.8291139240506329,0.25949367088607594,0.08860759493670886
-499.332185,158,4643.483414,8.0,0.9493670886075949,0.06329113924050633,0.06329113924050633,0.8354430379746836,0.2468354430379747,0.08227848101265822
-487.482953,158,4646.441024,13.0,0.9208860759493671,0.06645569620253164,0.06645569620253164,0.810126582278481,0.25316455696202533,0.06329113924050633
-478.253232,158,4649.418205,6.0,0.9672995780590716,0.06856540084388185,0.06835443037974684,0.7848101265822784,0.25316455696202533,0.0379746835443038
-491.344822,158,4652.35294,4.0,0.9762658227848101,0.06540084388185653,0.06509945750452079,0.7848101265822784,0.27848101265822783,0.06329113924050633
-503.521465,158,4655.338681,8.0,0.9493670886075949,0.06329113924050633,0.06329113924050633,0.7911392405063291,0.26582278481012656,0.056962025316455694
-489.346335,158,4658.321689,11.0,0.930379746835443,0.06329113924050633,0.06329113924050633,0.7784810126582279,0.26582278481012656,0.04430379746835443
-490.464095,158,4661.324861,8.0,0.9493670886075949,0.06329113924050633,0.06329113924050633,0.7974683544303798,0.2468354430379747,0.04430379746835443
-493.360038,158,4664.271409,21.0,0.8670886075949367,0.06329113924050633,0.06329113924050633,0.8481012658227848,0.2468354430379747,0.0949367088607595
-492.727578,158,4667.287478,12.0,0.9282700421940928,0.07067510548523206,0.07109704641350212,0.8291139240506329,0.26582278481012656,0.0949367088607595
-499.198146,158,4670.350402,11.0,0.930379746835443,0.06329113924050633,0.06329113924050633,0.8037974683544303,0.25949367088607594,0.06329113924050633
-508.943379,158,4673.339504,9.0,0.944620253164557,0.06540084388185653,0.06509945750452079,0.7658227848101266,0.25316455696202533,0.0189873417721519
-492.798824,158,4676.428394,6.0,0.9641350210970465,0.06540084388185653,0.06540084388185653,0.7658227848101266,0.25949367088607594,0.02531645569620253
-492.533488,158,4679.447768,6.0,0.9620253164556962,0.06645569620253164,0.06751054852320675,0.7784810126582279,0.25949367088607594,0.0379746835443038
-495.779708,158,4682.443122,11.0,0.9312839059674503,0.06540084388185653,0.06455696202531645,0.7784810126582279,0.25949367088607594,0.0379746835443038
-485.733187,158,4685.474261,20.0,0.879746835443038,0.06856540084388185,0.06265822784810127,0.7974683544303798,0.25316455696202533,0.05063291139240506
-493.327485,158,4688.451301,9.0,0.9462025316455697,0.06540084388185653,0.06582278481012659,0.8037974683544303,0.25316455696202533,0.056962025316455694
-495.39242,158,4691.394671,5.0,0.9715189873417721,0.06856540084388185,0.070042194092827,0.7974683544303798,0.25949367088607594,0.056962025316455694
-499.486759,158,4694.397241,4.0,0.9778481012658228,0.06856540084388185,0.070042194092827,0.810126582278481,0.25949367088607594,0.06962025316455696
-486.768316,158,4697.337405,2.0,0.9894514767932489,0.06645569620253164,0.06582278481012659,0.7784810126582279,0.25949367088607594,0.0379746835443038
-493.894945,158,4700.262384,2.0,0.9873417721518988,0.06645569620253164,0.06751054852320675,0.7848101265822784,0.25316455696202533,0.0379746835443038
-490.782491,158,4703.24389,6.0,0.9651898734177216,0.06645569620253164,0.06645569620253164,0.7721518987341772,0.25316455696202533,0.02531645569620253
-485.881148,158,4706.205715,14.0,0.9113924050632911,0.06329113924050633,0.056962025316455694,0.7721518987341772,0.25949367088607594,0.03164556962025317
-501.870783,158,4709.195037,3.0,0.9825949367088608,0.06962025316455696,0.06962025316455696,0.7721518987341772,0.25949367088607594,0.03164556962025317
-499.164558,158,4712.240762,7.0,0.9572784810126582,0.06645569620253164,0.06540084388185653,0.7721518987341772,0.27848101265822783,0.05063291139240506
-498.568128,158,4715.19371,6.0,0.9620253164556962,0.06329113924050633,0.06329113924050633,0.7658227848101266,0.2911392405063291,0.056962025316455694
-483.894113,158,4718.241116,9.0,0.9430379746835443,0.06329113924050633,0.06329113924050633,0.759493670886076,0.2911392405063291,0.05063291139240506
-491.683855,158,4721.228715,11.0,0.9324894514767933,0.06645569620253164,0.06582278481012659,0.759493670886076,0.2721518987341772,0.03164556962025317
-513.682605,158,4724.272174,11.0,0.930379746835443,0.06487341772151899,0.06582278481012659,0.7658227848101266,0.25316455696202533,0.0189873417721519
-502.837304,158,4727.292007,15.0,0.9066455696202531,0.06540084388185653,0.06509945750452079,0.759493670886076,0.27848101265822783,0.0379746835443038
-483.699265,158,4730.330457,20.0,0.875,0.06645569620253164,0.06540084388185653,0.759493670886076,0.2721518987341772,0.03164556962025317
-487.613937,158,4733.313339,22.0,0.8685201928872816,0.07489451476793248,0.07187060478199718,0.759493670886076,0.2911392405063291,0.05063291139240506
-485.034498,158,4736.304521,21.0,0.8775316455696203,0.08755274261603375,0.08734177215189873,0.7658227848101266,0.2974683544303797,0.06329113924050633
-501.100639,158,4739.346309,19.0,0.8864275668073136,0.0759493670886076,0.07172995780590717,0.7658227848101266,0.2974683544303797,0.06329113924050633
-473.460211,158,4742.38717,19.0,0.8813291139240507,0.06540084388185653,0.06509945750452079,0.7658227848101266,0.2848101265822785,0.05063291139240506
-491.335194,158,4745.419032,20.0,0.8818565400843881,0.0780590717299578,0.07320675105485232,0.7658227848101266,0.27848101265822783,0.04430379746835443
-488.505417,158,4748.405968,23.0,0.8544303797468354,0.06329113924050633,0.06329113924050633,0.759493670886076,0.2911392405063291,0.05063291139240506
-494.451651,158,4751.459845,30.0,0.8258966244725738,0.09282700421940927,0.08201225637934499,0.7658227848101266,0.3037974683544304,0.06962025316455696
-492.105507,158,4754.464213,33.0,0.8068565400843882,0.0970464135021097,0.08830620855937311,0.7721518987341772,0.2848101265822785,0.056962025316455694
-490.211026,158,4757.503036,25.0,0.8544303797468354,0.08438818565400844,0.08523206751054853,0.759493670886076,0.2911392405063291,0.05063291139240506
-494.523419,158,4760.48894,43.0,0.7325949367088608,0.07911392405063292,0.07584388185654009,0.759493670886076,0.2911392405063291,0.05063291139240506
-490.753009,158,4763.473969,49.0,0.698523206751055,0.0759493670886076,0.07332730560578661,0.759493670886076,0.2911392405063291,0.05063291139240506
-490.346517,158,4766.456965,65.0,0.6070675105485233,0.10021097046413502,0.0902049427365883,0.7721518987341772,0.2848101265822785,0.056962025316455694
-484.868104,158,4769.469533,44.0,0.7246835443037974,0.07278481012658228,0.0680379746835443,0.759493670886076,0.26582278481012656,0.02531645569620253
-486.415667,158,4772.422923,18.0,0.8860759493670886,0.06329113924050633,0.06329113924050633,0.759493670886076,0.2848101265822785,0.04430379746835443
-478.576221,158,4775.404372,9.0,0.9430379746835443,0.06329113924050633,0.06329113924050633,0.759493670886076,0.3037974683544304,0.06329113924050633
-473.374775,158,4778.434127,12.0,0.9240506329113924,0.06329113924050633,0.06329113924050633,0.759493670886076,0.34177215189873417,0.10126582278481013
-456.691028,158,4781.441361,24.0,0.8481012658227848,0.06329113924050633,0.056962025316455694,0.759493670886076,0.3291139240506329,0.08860759493670886
-471.038316,158,4784.447423,10.0,0.9419831223628691,0.07383966244725738,0.07032348804500703,0.759493670886076,0.35443037974683544,0.11392405063291139
-467.377985,158,4787.396222,15.0,0.9066455696202531,0.06962025316455696,0.06582278481012659,0.759493670886076,0.33544303797468356,0.0949367088607595
-469.375628,158,4790.365366,12.0,0.9240506329113924,0.06329113924050633,0.06329113924050633,0.7658227848101266,0.310126582278481,0.0759493670886076
-458.014601,158,4793.325547,7.0,0.9578059071729956,0.07278481012658228,0.07215189873417721,0.7721518987341772,0.2911392405063291,0.06329113924050633
-472.329075,158,4796.314728,0.0,1.0,0.06329113924050633,0.06329113924050633,0.7784810126582279,0.2974683544303797,0.0759493670886076
-474.973317,158,4799.350655,5.0,0.9683544303797469,0.06329113924050633,0.06329113924050633,0.7974683544303798,0.2848101265822785,0.08227848101265822
-480.770379,158,4802.387357,3.0,0.9810126582278481,0.06329113924050633,0.06329113924050633,0.7974683544303798,0.2848101265822785,0.08227848101265822
-471.105522,158,4805.367814,1.0,0.9936708860759493,0.06329113924050633,0.06329113924050633,0.7784810126582279,0.2721518987341772,0.05063291139240506
-471.114542,158,4808.374134,2.0,0.9873417721518988,0.06329113924050633,0.06329113924050633,0.7784810126582279,0.2911392405063291,0.06962025316455696
-468.301412,158,4811.399252,3.0,0.9831223628691982,0.06540084388185653,0.06540084388185653,0.7784810126582279,0.2911392405063291,0.06962025316455696
-467.797527,158,4814.409247,4.0,0.9746835443037974,0.06329113924050633,0.06329113924050633,0.7784810126582279,0.2911392405063291,0.06962025316455696
-465.932275,158,4817.449567,11.0,0.934071729957806,0.07172995780590717,0.06793248945147679,0.7848101265822784,0.2848101265822785,0.06962025316455696
-489.099898,158,4820.523672,7.0,0.9556962025316456,0.06329113924050633,0.06329113924050633,0.7658227848101266,0.2721518987341772,0.0379746835443038
-478.814966,158,4823.534313,16.0,0.9024261603375526,0.06751054852320675,0.067209162145871,0.7658227848101266,0.2911392405063291,0.056962025316455694
-477.096954,158,4826.5348,9.0,0.9472573839662447,0.06856540084388185,0.0679324894514768,0.7784810126582279,0.3860759493670886,0.16455696202531644
-453.8644,158,4829.814223,1.0,0.9936708860759493,0.06329113924050633,0.06329113924050633,0.7721518987341772,0.3860759493670886,0.15822784810126583
-445.943973,158,4832.83757,3.0,0.9810126582278481,0.06329113924050633,0.06329113924050633,0.7721518987341772,0.35443037974683544,0.12658227848101267
-469.41772,158,4835.87265,4.0,0.9746835443037974,0.06329113924050633,0.06329113924050633,0.7784810126582279,0.35443037974683544,0.13291139240506328
-461.779111,158,4838.88548,2.0,0.9873417721518988,0.06329113924050633,0.06329113924050633,0.7784810126582279,0.33544303797468356,0.11392405063291139
-488.869724,158,4841.885477,3.0,0.9810126582278481,0.06329113924050633,0.06329113924050633,0.7721518987341772,0.2911392405063291,0.06329113924050633
-494.288057,158,4844.873595,4.0,0.9772151898734177,0.06751054852320675,0.06645569620253164,0.7721518987341772,0.31645569620253167,0.08860759493670886
-486.936169,158,4847.84528,2.0,0.9873417721518988,0.06329113924050633,0.06329113924050633,0.7721518987341772,0.2974683544303797,0.06962025316455696
-492.018491,158,4850.817101,7.0,0.9556962025316456,0.06329113924050633,0.06329113924050633,0.7784810126582279,0.2721518987341772,0.05063291139240506
-486.801779,158,4853.812641,5.0,0.9683544303797469,0.06645569620253164,0.06751054852320675,0.7721518987341772,0.25316455696202533,0.02531645569620253
-492.080122,158,4856.827626,9.0,0.9430379746835443,0.06540084388185653,0.06645569620253164,0.7721518987341772,0.25316455696202533,0.02531645569620253
-483.040853,158,4859.79618,12.0,0.9253164556962025,0.06962025316455696,0.06540084388185655,0.7721518987341772,0.25316455696202533,0.02531645569620253
-493.385812,158,4862.797102,11.0,0.930379746835443,0.06329113924050633,0.06329113924050633,0.7721518987341772,0.25316455696202533,0.02531645569620253
-486.594551,158,4865.767644,3.0,0.9810126582278481,0.06329113924050633,0.06329113924050633,0.7721518987341772,0.25949367088607594,0.03164556962025317
-499.771704,158,4868.783826,1.0,0.9936708860759493,0.06329113924050633,0.06329113924050633,0.7721518987341772,0.25949367088607594,0.03164556962025317
-503.885909,158,4871.763392,3.0,0.9810126582278481,0.06329113924050633,0.06329113924050633,0.7721518987341772,0.2468354430379747,0.0189873417721519
-497.141335,158,4874.769324,2.0,0.9873417721518988,0.06329113924050633,0.06329113924050633,0.7721518987341772,0.2468354430379747,0.0189873417721519
-499.709308,158,4877.757314,4.0,0.9746835443037974,0.06329113924050633,0.06329113924050633,0.7721518987341772,0.24050632911392406,0.012658227848101266
-503.318086,158,4880.755482,9.0,0.9430379746835443,0.06329113924050633,0.06329113924050633,0.7911392405063291,0.24050632911392406,0.03164556962025317
-490.977185,158,4883.751346,7.0,0.9556962025316456,0.06329113924050633,0.06329113924050633,0.7658227848101266,0.2468354430379747,0.012658227848101266
-493.537445,158,4886.706313,4.0,0.9746835443037974,0.06329113924050633,0.06329113924050633,0.7658227848101266,0.2468354430379747,0.012658227848101266
-500.586371,158,4889.734975,2.0,0.9873417721518988,0.06329113924050633,0.06329113924050633,0.7721518987341772,0.26582278481012656,0.0379746835443038
-506.656718,158,4892.753784,0.0,1.0,0.06329113924050633,0.06329113924050633,0.759493670886076,0.25949367088607594,0.0189873417721519
-485.318173,158,4895.743242,0.0,1.0,0.06329113924050633,0.06329113924050633,0.7658227848101266,0.25949367088607594,0.02531645569620253
-492.248891,158,4898.761966,0.0,1.0,0.06329113924050633,0.06329113924050633,0.759493670886076,0.26582278481012656,0.02531645569620253
-510.206046,158,4901.766135,0.0,1.0,0.06329113924050633,0.06329113924050633,0.759493670886076,0.25316455696202533,0.012658227848101266
-498.253167,158,4904.738618,0.0,1.0,0.06329113924050633,0.06329113924050633,0.7658227848101266,0.26582278481012656,0.03164556962025317
-497.37324,158,4907.661708,1.0,0.9936708860759493,0.06329113924050633,0.06329113924050633,0.759493670886076,0.26582278481012656,0.02531645569620253
-506.786574,158,4910.618453,2.0,0.9873417721518988,0.06329113924050633,0.05063291139240506,0.759493670886076,0.2848101265822785,0.04430379746835443
-493.582933,158,4913.552011,0.0,1.0,0.06329113924050633,0.06329113924050633,0.7658227848101266,0.27848101265822783,0.04430379746835443
-506.537588,158,4916.473114,1.0,0.9936708860759493,0.06329113924050633,0.06329113924050633,0.7658227848101266,0.2848101265822785,0.05063291139240506
-500.857198,158,4919.442294,2.0,0.9873417721518988,0.06329113924050633,0.06329113924050633,0.7721518987341772,0.25316455696202533,0.02531645569620253
-498.104747,158,4922.378035,14.0,0.9113924050632911,0.06329113924050633,0.056962025316455694,0.7721518987341772,0.2468354430379747,0.0189873417721519
-486.347552,158,4925.370635,11.0,0.9335443037974683,0.06645569620253164,0.06645569620253164,0.7911392405063291,0.2468354430379747,0.0379746835443038
-506.191943,158,4928.334411,5.0,0.9683544303797469,0.06329113924050633,0.06329113924050633,0.7784810126582279,0.2468354430379747,0.02531645569620253
-499.991592,158,4931.270558,13.0,0.9177215189873418,0.06962025316455696,0.06962025316455696,0.7784810126582279,0.24050632911392406,0.0189873417721519
-504.319812,158,4934.216365,7.0,0.9556962025316456,0.06329113924050633,0.06329113924050633,0.7784810126582279,0.25316455696202533,0.03164556962025317
-501.186171,158,4937.211431,5.0,0.9683544303797469,0.06329113924050633,0.06329113924050633,0.7848101265822784,0.25949367088607594,0.04430379746835443
-492.484603,158,4940.176593,7.0,0.9569620253164556,0.06645569620253164,0.06509945750452079,0.7848101265822784,0.25949367088607594,0.04430379746835443
-485.35764,158,4943.140427,2.0,0.9873417721518988,0.06329113924050633,0.06329113924050633,0.7784810126582279,0.2911392405063291,0.06962025316455696
-494.264008,158,4946.140177,3.0,0.9810126582278481,0.06329113924050633,0.06329113924050633,0.7658227848101266,0.26582278481012656,0.03164556962025317
-509.399643,158,4949.115061,0.0,1.0,0.06329113924050633,0.06329113924050633,0.7784810126582279,0.2468354430379747,0.02531645569620253
-497.903373,158,4952.083858,2.0,0.9873417721518988,0.06329113924050633,0.06329113924050633,0.7721518987341772,0.25316455696202533,0.02531645569620253
-510.36516,158,4955.098461,4.0,0.9746835443037974,0.06329113924050633,0.06329113924050633,0.7784810126582279,0.25316455696202533,0.03164556962025317
-485.820806,158,4958.099546,0.0,1.0,0.06329113924050633,0.06329113924050633,0.7658227848101266,0.25949367088607594,0.02531645569620253
-502.614278,158,4961.089091,1.0,0.9957805907172994,0.06962025316455696,0.06645569620253164,0.759493670886076,0.26582278481012656,0.02531645569620253
-489.054891,158,4964.022792,1.0,0.9936708860759493,0.06329113924050633,0.06329113924050633,0.7721518987341772,0.26582278481012656,0.0379746835443038
-502.658644,158,4966.990296,3.0,0.9810126582278481,0.06329113924050633,0.06329113924050633,0.7911392405063291,0.24050632911392406,0.03164556962025317
-500.962598,158,4969.988163,5.0,0.9683544303797469,0.06329113924050633,0.06329113924050633,0.7848101265822784,0.2468354430379747,0.03164556962025317
-486.879448,158,4973.01192,4.0,0.9746835443037974,0.06329113924050633,0.06329113924050633,0.7848101265822784,0.25316455696202533,0.0379746835443038
-493.164443,158,4975.998297,6.0,0.9620253164556962,0.06329113924050633,0.06329113924050633,0.7974683544303798,0.2468354430379747,0.04430379746835443
-490.784688,158,4978.969331,8.0,0.9493670886075949,0.06645569620253164,0.06751054852320675,0.7784810126582279,0.2468354430379747,0.02531645569620253
-491.615806,158,4981.967907,12.0,0.9240506329113924,0.06329113924050633,0.06329113924050633,0.7911392405063291,0.24050632911392406,0.03164556962025317
-494.629075,158,4985.009802,11.0,0.930379746835443,0.06329113924050633,0.06329113924050633,0.7848101265822784,0.2468354430379747,0.03164556962025317
-489.100469,158,4988.040089,12.0,0.9240506329113924,0.06329113924050633,0.06329113924050633,0.7911392405063291,0.24050632911392406,0.03164556962025317
-496.321101,158,4991.042767,14.0,0.9145569620253164,0.06962025316455696,0.06751054852320675,0.7974683544303798,0.2468354430379747,0.04430379746835443
-498.034971,158,4994.014348,12.0,0.9272151898734177,0.06645569620253164,0.06645569620253164,0.7974683544303798,0.24050632911392406,0.0379746835443038
-490.798288,158,4997.049942,17.0,0.8955696202531646,0.06645569620253164,0.06645569620253164,0.7974683544303798,0.24050632911392406,0.0379746835443038
-497.126827,158,5000.044005,27.0,0.8396624472573839,0.08122362869198312,0.07552742616033756,0.7911392405063291,0.2468354430379747,0.0379746835443038
-500.116031,158,5003.09901,19.0,0.8813291139240507,0.06645569620253164,0.06540084388185653,0.8037974683544303,0.24050632911392406,0.04430379746835443
-494.954165,158,5006.141406,20.0,0.8802742616033754,0.07911392405063292,0.06645569620253164,0.7974683544303798,0.24050632911392406,0.0379746835443038
-505.66644,158,5009.121698,22.0,0.8644514767932489,0.06856540084388185,0.06130198915009042,0.7974683544303798,0.25316455696202533,0.05063291139240506
-493.599074,158,5012.063336,31.0,0.8131856540084389,0.08333333333333333,0.07573839662447257,0.7911392405063291,0.26582278481012656,0.056962025316455694
-479.932607,158,5015.088529,36.0,0.7821729957805907,0.08280590717299577,0.06311533052039381,0.7911392405063291,0.25949367088607594,0.05063291139240506
-494.918853,158,5018.102157,20.0,0.8765822784810127,0.07278481012658228,0.07278481012658228,0.7848101265822784,0.25316455696202533,0.0379746835443038
-492.288882,158,5021.096805,32.0,0.8037974683544304,0.0780590717299578,0.07478902953586498,0.8037974683544303,0.26582278481012656,0.06962025316455696
-488.306865,158,5024.333905,31.0,0.8090717299578059,0.06856540084388185,0.06856540084388185,0.7911392405063291,0.2848101265822785,0.0759493670886076
-487.347545,158,5027.317828,30.0,0.8210970464135022,0.0759493670886076,0.0742766726943942,0.7974683544303798,0.2848101265822785,0.08227848101265822
-481.273972,158,5030.356005,22.0,0.8660337552742615,0.07911392405063292,0.06371308016877637,0.7974683544303798,0.2721518987341772,0.06962025316455696
-487.605908,158,5033.403717,27.0,0.8354430379746836,0.0759493670886076,0.06223628691983121,0.7911392405063291,0.2848101265822785,0.0759493670886076
-458.482569,158,5036.407247,64.0,0.6199969861362266,0.11075949367088607,0.069971870604782,0.8291139240506329,0.26582278481012656,0.0949367088607595
-463.21769,158,5039.426085,22.0,0.8607594936708861,0.07278481012658228,0.07383966244725738,0.810126582278481,0.2974683544303797,0.10759493670886076
-479.36006,158,5042.408212,12.0,0.9282700421940928,0.07067510548523206,0.06863572433192687,0.7974683544303798,0.3037974683544304,0.10126582278481013
-498.607419,158,5045.399851,6.0,0.9620253164556962,0.06329113924050633,0.06329113924050633,0.7784810126582279,0.3037974683544304,0.08227848101265822
-493.549248,158,5048.315536,5.0,0.970464135021097,0.06645569620253164,0.06582278481012659,0.7658227848101266,0.27848101265822783,0.04430379746835443
-500.593753,158,5051.262431,5.0,0.9715189873417721,0.06645569620253164,0.06645569620253164,0.759493670886076,0.2911392405063291,0.05063291139240506
-497.041859,158,5054.270785,4.0,0.9746835443037974,0.06540084388185653,0.06645569620253164,0.7658227848101266,0.3037974683544304,0.06962025316455696
-495.758886,158,5057.283944,5.0,0.9683544303797469,0.06329113924050633,0.06329113924050633,0.7721518987341772,0.310126582278481,0.08227848101265822
-492.148627,158,5060.272635,6.0,0.9651898734177216,0.06540084388185653,0.06582278481012659,0.7658227848101266,0.2911392405063291,0.056962025316455694
-498.938115,158,5063.291224,1.0,0.9936708860759493,0.06329113924050633,0.06329113924050633,0.7658227848101266,0.2974683544303797,0.06329113924050633
-470.146338,158,5066.266084,6.0,0.9620253164556962,0.06329113924050633,0.056962025316455694,0.7658227848101266,0.379746835443038,0.14556962025316456
-471.003543,158,5069.321706,2.0,0.9873417721518988,0.06329113924050633,0.06329113924050633,0.7658227848101266,0.4177215189873418,0.18354430379746836
-490.785177,158,5072.355681,5.0,0.9683544303797469,0.06329113924050633,0.06329113924050633,0.7658227848101266,0.33544303797468356,0.10126582278481013
-506.592941,158,5075.329294,3.0,0.9810126582278481,0.06329113924050633,0.056962025316455694,0.7658227848101266,0.26582278481012656,0.03164556962025317
-490.838698,158,5078.336514,2.0,0.9873417721518988,0.06329113924050633,0.06329113924050633,0.7784810126582279,0.2468354430379747,0.02531645569620253
-499.285086,158,5081.356947,3.0,0.9852320675105486,0.06751054852320675,0.06118143459915611,0.7911392405063291,0.2468354430379747,0.0379746835443038
-488.695993,158,5084.351974,12.0,0.9253164556962025,0.06645569620253164,0.058770343580470154,0.7784810126582279,0.2721518987341772,0.05063291139240506
-494.904279,158,5087.299154,6.0,0.9620253164556962,0.06329113924050633,0.05063291139240506,0.759493670886076,0.25316455696202533,0.012658227848101266
-488.51723,158,5090.254815,7.0,0.9556962025316456,0.06329113924050633,0.056962025316455694,0.7658227848101266,0.26582278481012656,0.03164556962025317
-504.551316,158,5093.227338,2.0,0.9873417721518988,0.06329113924050633,0.06329113924050633,0.7658227848101266,0.26582278481012656,0.03164556962025317
-482.178696,158,5096.240155,6.0,0.9636075949367089,0.06645569620253164,0.06540084388185653,0.7658227848101266,0.26582278481012656,0.03164556962025317
-485.644367,158,5099.24218,7.0,0.9556962025316456,0.06329113924050633,0.06329113924050633,0.7658227848101266,0.2721518987341772,0.0379746835443038
-475.176745,158,5102.266872,5.0,0.9683544303797469,0.06329113924050633,0.056962025316455694,0.7658227848101266,0.2848101265822785,0.05063291139240506
-476.386611,158,5105.257581,3.0,0.9810126582278481,0.06329113924050633,0.056962025316455694,0.7721518987341772,0.26582278481012656,0.0379746835443038
-488.377853,158,5108.213696,2.0,0.9873417721518988,0.06329113924050633,0.06329113924050633,0.7721518987341772,0.2721518987341772,0.04430379746835443
-474.344078,158,5111.230242,34.0,0.7950949367088608,0.08122362869198312,0.06418525215993572,0.7848101265822784,0.24050632911392406,0.02531645569620253
-494.955861,158,5114.272108,31.0,0.8137130801687763,0.08649789029535865,0.0360910186859554,0.7911392405063291,0.2468354430379747,0.0379746835443038
-492.278493,158,5117.250371,28.0,0.831223628691983,0.08227848101265822,0.07172995780590717,0.7784810126582279,0.2468354430379747,0.02531645569620253
-485.279264,158,5120.343134,7.0,0.9556962025316456,0.06329113924050633,0.056962025316455694,0.7848101265822784,0.2468354430379747,0.03164556962025317
-476.18412,158,5123.334238,0.0,1.0,0.06962025316455696,0.06962025316455696,0.7658227848101266,0.2721518987341772,0.0379746835443038
-488.417694,158,5126.371782,8.0,0.9493670886075949,0.06329113924050633,0.06329113924050633,0.759493670886076,0.27848101265822783,0.0379746835443038
-496.881063,158,5129.450175,16.0,0.9018987341772152,0.06962025316455696,0.07067510548523206,0.759493670886076,0.310126582278481,0.06962025316455696
-483.122196,158,5132.436245,13.0,0.9208860759493671,0.06962025316455696,0.0580168776371308,0.7658227848101266,0.2911392405063291,0.056962025316455694
-484.210752,158,5135.460907,23.0,0.8639240506329114,0.07172995780590717,0.06582278481012659,0.7721518987341772,0.26582278481012656,0.0379746835443038
-489.539527,158,5138.507431,7.0,0.9556962025316456,0.06329113924050633,0.056962025316455694,0.7658227848101266,0.26582278481012656,0.03164556962025317
-502.970579,158,5141.532471,21.0,0.8734177215189873,0.07278481012658228,0.05485232067510548,0.7848101265822784,0.2468354430379747,0.03164556962025317
-498.824289,158,5144.572859,22.0,0.8683544303797468,0.0759493670886076,0.047166968053044,0.7974683544303798,0.24050632911392406,0.0379746835443038
-495.408301,158,5147.568177,6.0,0.9651898734177216,0.06962025316455696,0.06118143459915611,0.810126582278481,0.24050632911392406,0.05063291139240506
-500.844308,158,5150.600025,6.0,0.9620253164556962,0.06329113924050633,0.06329113924050633,0.810126582278481,0.24050632911392406,0.05063291139240506
-504.116555,158,5153.668239,8.0,0.9546413502109703,0.07278481012658228,0.07320675105485232,0.7848101265822784,0.24050632911392406,0.02531645569620253
-503.914921,158,5156.76815,12.0,0.9240506329113924,0.06329113924050633,0.056962025316455694,0.7848101265822784,0.24050632911392406,0.02531645569620253
-498.781891,158,5159.824229,14.0,0.9129746835443038,0.06645569620253164,0.06540084388185653,0.7784810126582279,0.24050632911392406,0.0189873417721519
-484.471613,158,5162.870222,29.0,0.8264767932489451,0.09071729957805906,0.035654008438818566,0.7658227848101266,0.24050632911392406,0.006329113924050633
-469.61411,158,5165.937104,34.0,0.7913502109704641,0.08122362869198312,0.024683544303797468,0.7721518987341772,0.25316455696202533,0.02531645569620253
-479.986166,158,5168.949191,23.0,0.8612869198312235,0.0759493670886076,0.04367088607594937,0.759493670886076,0.27848101265822783,0.0379746835443038
-461.772432,158,5171.913246,22.0,0.8635021097046414,0.07278481012658228,0.035864978902953586,0.7658227848101266,0.2721518987341772,0.0379746835443038
-477.420342,158,5174.976979,25.0,0.844409282700422,0.07278481012658228,0.02310126582278481,0.7658227848101266,0.2911392405063291,0.056962025316455694
-490.015581,158,5178.009365,25.0,0.8451476793248945,0.06856540084388185,0.04189270644966847,0.7658227848101266,0.2911392405063291,0.056962025316455694
-498.430601,158,5181.048138,22.0,0.8648282097649186,0.0780590717299578,0.05822784810126582,0.759493670886076,0.2848101265822785,0.04430379746835443
-502.748966,158,5184.032095,12.0,0.9256329113924051,0.06645569620253164,0.05274261603375527,0.759493670886076,0.25949367088607594,0.0189873417721519
-522.118942,158,5186.984767,11.0,0.930379746835443,0.06645569620253164,0.06751054852320676,0.759493670886076,0.26582278481012656,0.02531645569620253
-501.901332,158,5189.986339,19.0,0.8829113924050633,0.06962025316455696,0.06751054852320675,0.759493670886076,0.2721518987341772,0.03164556962025317
-498.489754,158,5193.013639,10.0,0.9367088607594937,0.06329113924050633,0.06329113924050633,0.759493670886076,0.27848101265822783,0.0379746835443038
-489.514328,158,5196.008438,10.0,0.9367088607594937,0.06329113924050633,0.06329113924050633,0.7658227848101266,0.2721518987341772,0.0379746835443038
-484.836995,158,5198.984359,13.0,0.9240506329113924,0.06962025316455696,0.06962025316455696,0.7784810126582279,0.26582278481012656,0.04430379746835443
-490.579791,158,5201.954634,14.0,0.9166666666666665,0.06962025316455696,0.05,0.8037974683544303,0.25316455696202533,0.056962025316455694
-505.047356,158,5205.008782,33.0,0.7964135021097046,0.07278481012658228,0.04789029535864979,0.810126582278481,0.2468354430379747,0.056962025316455694
-495.812459,158,5208.021517,25.0,0.8417721518987342,0.06329113924050633,0.03164556962025317,0.8037974683544303,0.2468354430379747,0.05063291139240506
-488.251489,158,5211.01125,38.0,0.7679324894514767,0.07489451476793248,0.05063291139240506,0.8227848101265823,0.2468354430379747,0.06962025316455696
-473.857117,158,5214.262024,22.0,0.8618143459915613,0.07172995780590717,0.05560578661844484,0.8354430379746836,0.24050632911392406,0.0759493670886076
-489.438967,158,5217.258874,16.0,0.9050632911392406,0.07278481012658228,0.07067510548523206,0.8227848101265823,0.24050632911392406,0.06329113924050633
-494.411584,158,5220.274633,14.0,0.9166666666666665,0.07067510548523206,0.07215189873417721,0.7974683544303798,0.2468354430379747,0.04430379746835443
-493.821671,158,5223.286789,7.0,0.9556962025316456,0.06329113924050633,0.06329113924050633,0.7848101265822784,0.25949367088607594,0.04430379746835443
-498.076358,158,5226.286383,6.0,0.9620253164556962,0.06329113924050633,0.06329113924050633,0.7784810126582279,0.25949367088607594,0.0379746835443038
-486.9504,158,5229.326934,11.0,0.930379746835443,0.06329113924050633,0.06329113924050633,0.8164556962025317,0.26582278481012656,0.08227848101265822
-487.669825,158,5232.334725,22.0,0.8644514767932489,0.06962025316455696,0.0679324894514768,0.8037974683544303,0.25316455696202533,0.056962025316455694
-493.12722,158,5235.319778,28.0,0.8270042194092826,0.06751054852320675,0.06118143459915611,0.7848101265822784,0.2468354430379747,0.03164556962025317
-496.708421,158,5238.288039,21.0,0.8670886075949367,0.06962025316455696,0.07172995780590717,0.7784810126582279,0.25316455696202533,0.03164556962025317
-507.268511,158,5241.294056,22.0,0.8728902953586497,0.0759493670886076,0.06877637130801688,0.7721518987341772,0.2468354430379747,0.0189873417721519
-508.405541,158,5244.317514,15.0,0.9050632911392406,0.06329113924050633,0.056962025316455694,0.7658227848101266,0.25316455696202533,0.0189873417721519
-500.53793,158,5247.31344,14.0,0.9135021097046412,0.06962025316455696,0.057383966244725734,0.7721518987341772,0.2468354430379747,0.0189873417721519
-489.254116,158,5250.323714,17.0,0.8976793248945146,0.06856540084388185,0.05590717299578058,0.7658227848101266,0.2848101265822785,0.05063291139240506
-492.022242,158,5253.311183,24.0,0.8493670886075949,0.06856540084388185,0.04377637130801688,0.7721518987341772,0.2974683544303797,0.06962025316455696
-496.074001,158,5256.338552,32.0,0.7974683544303798,0.06329113924050633,0.03164556962025317,0.7658227848101266,0.3037974683544304,0.06962025316455696
-487.659296,158,5259.403417,35.0,0.7866033755274262,0.07489451476793248,0.05994575045207957,0.759493670886076,0.31645569620253167,0.0759493670886076
-476.097095,158,5262.397127,40.0,0.7468354430379747,0.06329113924050633,0.0379746835443038,0.759493670886076,0.33544303797468356,0.0949367088607595
-495.348989,158,5265.343236,35.0,0.7832278481012658,0.06856540084388185,0.042616033755274264,0.7658227848101266,0.33544303797468356,0.10126582278481013
-472.275306,158,5268.353636,28.0,0.8293248945147679,0.07278481012658228,0.06740506329113923,0.759493670886076,0.35443037974683544,0.11392405063291139
-472.811196,158,5271.379596,34.0,0.7993218806509946,0.09388185654008438,0.06995269147167882,0.7848101265822784,0.3037974683544304,0.08860759493670886
-484.604289,158,5274.456173,34.0,0.7971518987341774,0.08966244725738397,0.07596443640747438,0.7784810126582279,0.2911392405063291,0.06962025316455696
-478.41061,158,5277.484621,23.0,0.8630801687763714,0.07700421940928269,0.07035864978902955,0.7721518987341772,0.27848101265822783,0.05063291139240506
-499.575417,158,5280.482281,20.0,0.8759041591320073,0.06751054852320675,0.06636528028933092,0.7721518987341772,0.2911392405063291,0.06329113924050633
-495.035595,158,5283.511874,31.0,0.809282700421941,0.07278481012658228,0.07215189873417721,0.7721518987341772,0.27848101265822783,0.05063291139240506
-489.956068,158,5286.567039,34.0,0.7913150492264417,0.08860759493670886,0.07331223628691984,0.759493670886076,0.2468354430379747,0.006329113924050633
-486.644863,158,5289.618416,37.0,0.7767932489451477,0.08755274261603375,0.07701928872814949,0.7658227848101266,0.2468354430379747,0.012658227848101266
-488.022172,158,5292.603247,23.0,0.8553345388788427,0.06962025316455696,0.06487341772151899,0.7721518987341772,0.24050632911392406,0.012658227848101266
-506.730567,158,5295.629294,15.0,0.9063291139240506,0.06645569620253164,0.06509945750452079,0.7911392405063291,0.24050632911392406,0.03164556962025317
-487.485757,158,5298.706552,21.0,0.8706298975286316,0.07278481012658228,0.06838959212376934,0.7974683544303798,0.24050632911392406,0.0379746835443038
-477.089268,158,5301.718171,32.0,0.8015370705244123,0.0759493670886076,0.07419127988748242,0.8037974683544303,0.24050632911392406,0.04430379746835443
-458.357451,158,5304.772874,34.0,0.790084388185654,0.07383966244725738,0.07573839662447257,0.8734177215189873,0.24050632911392406,0.11392405063291139
-455.551527,158,5307.803642,53.0,0.6827004219409283,0.08966244725738397,0.08092224231464737,0.8670886075949367,0.24050632911392406,0.10759493670886076
-467.79767,158,5310.842979,34.0,0.7979957805907173,0.08544303797468354,0.07320675105485232,0.8481012658227848,0.25949367088607594,0.10759493670886076
-474.582029,158,5313.869608,20.0,0.8829113924050633,0.07278481012658228,0.06645569620253164,0.8291139240506329,0.26582278481012656,0.0949367088607595
-472.581918,158,5316.911767,16.0,0.8987341772151899,0.06329113924050633,0.06329113924050633,0.8354430379746836,0.2848101265822785,0.12025316455696203
-462.39393,158,5319.928444,28.0,0.8252712477396021,0.06962025316455696,0.06047819971870605,0.8417721518987342,0.25316455696202533,0.0949367088607595
-423.226716,158,5323.022698,72.0,0.5648282097649187,0.10654008438818564,0.07043901948965241,0.8037974683544303,0.25949367088607594,0.06329113924050633
-350.909599,158,5326.227591,141.0,0.169592854402981,0.21940928270042193,0.11315565587717485,0.8164556962025317,0.25316455696202533,0.06962025316455696
-377.603855,158,5329.315906,122.0,0.2656369298774362,0.1350210970464135,0.07708504575593184,0.8354430379746836,0.26582278481012656,0.10126582278481013
-431.787578,158,5332.444069,75.0,0.5475738396624472,0.11286919831223628,0.0605033152501507,0.810126582278481,0.2721518987341772,0.08227848101265822
-468.763078,158,5335.504919,41.0,0.7484177215189873,0.0759493670886076,0.05635925256178421,0.8164556962025317,0.2721518987341772,0.08860759493670886
-474.890951,158,5338.562228,22.0,0.8607594936708861,0.07436708860759493,0.057383966244725734,0.7974683544303798,0.26582278481012656,0.06329113924050633
-485.176639,158,5341.594385,31.0,0.8069620253164557,0.0759493670886076,0.04852320675105485,0.7974683544303798,0.25949367088607594,0.056962025316455694
-481.256251,158,5344.605467,13.0,0.9261603375527425,0.07278481012658228,0.07215189873417721,0.8037974683544303,0.25949367088607594,0.06329113924050633
-487.160256,158,5347.556763,15.0,0.9087552742616033,0.06856540084388185,0.06763110307414105,0.7974683544303798,0.2721518987341772,0.06962025316455696
-487.760355,158,5350.497297,12.0,0.9272151898734177,0.07067510548523206,0.06768635724331927,0.7848101265822784,0.25316455696202533,0.0379746835443038
-490.534134,158,5353.537307,17.0,0.8945147679324895,0.07489451476793248,0.07260900140646975,0.7658227848101266,0.2974683544303797,0.06329113924050633
-492.02351,158,5356.542865,13.0,0.9177215189873418,0.06329113924050633,0.06329113924050633,0.7658227848101266,0.33544303797468356,0.10126582278481013
-489.001124,158,5359.622915,18.0,0.8892405063291139,0.06645569620253164,0.06645569620253164,0.7658227848101266,0.35443037974683544,0.12025316455696203
-446.382892,158,5362.694407,34.0,0.7924050632911392,0.0759493670886076,0.06003616636528029,0.7721518987341772,0.3670886075949367,0.13924050632911392
-453.053249,158,5365.764186,40.0,0.7647679324894514,0.08333333333333331,0.04983926059875427,0.7848101265822784,0.35443037974683544,0.13924050632911392
-478.320759,158,5368.755118,35.0,0.7860759493670886,0.0759493670886076,0.062075547518585496,0.7784810126582279,0.2848101265822785,0.06329113924050633
-485.538794,158,5371.678649,29.0,0.8177215189873417,0.06856540084388185,0.0682640144665461,0.7658227848101266,0.3227848101265823,0.08860759493670886
-472.694504,158,5374.694942,15.0,0.9071729957805906,0.06645569620253164,0.059493670886075954,0.7658227848101266,0.3291139240506329,0.0949367088607595
-489.39845,158,5377.659755,9.0,0.944620253164557,0.06962025316455696,0.059493670886075954,0.7658227848101266,0.26582278481012656,0.03164556962025317
-493.240396,158,5380.629327,4.0,0.9746835443037974,0.06751054852320675,0.06835443037974684,0.7721518987341772,0.27848101265822783,0.05063291139240506
-485.093662,158,5383.654243,2.0,0.9873417721518988,0.06329113924050633,0.06329113924050633,0.7784810126582279,0.31645569620253167,0.0949367088607595
-486.833852,158,5386.644239,11.0,0.930379746835443,0.06329113924050633,0.06329113924050633,0.7848101265822784,0.26582278481012656,0.05063291139240506
-497.517303,158,5389.678324,26.0,0.8396624472573839,0.07278481012658228,0.0689873417721519,0.7848101265822784,0.26582278481012656,0.05063291139240506
-499.214465,158,5392.652794,18.0,0.8945147679324893,0.0759493670886076,0.07320675105485232,0.7848101265822784,0.2468354430379747,0.03164556962025317
-494.172045,158,5395.89555,20.0,0.8734177215189873,0.06329113924050633,0.06329113924050633,0.7848101265822784,0.25316455696202533,0.0379746835443038
-491.52956,158,5398.949196,27.0,0.8343881856540083,0.06856540084388185,0.06856540084388185,0.7784810126582279,0.2721518987341772,0.05063291139240506
-482.066996,158,5401.957573,38.0,0.7658830620855938,0.08122362869198312,0.07459312839059674,0.7721518987341772,0.26582278481012656,0.0379746835443038
-479.201702,158,5404.912904,28.0,0.8296413502109703,0.09177215189873418,0.08375527426160338,0.7721518987341772,0.2848101265822785,0.056962025316455694
-473.530323,158,5407.918538,50.0,0.6920534458509141,0.08649789029535865,0.05139185708805962,0.7848101265822784,0.26582278481012656,0.05063291139240506
-481.933058,158,5410.962749,24.0,0.8523206751054851,0.07278481012658228,0.0689873417721519,0.7848101265822784,0.26582278481012656,0.05063291139240506
-479.103177,158,5414.018331,19.0,0.8818565400843881,0.06645569620253164,0.053164556962025315,0.7974683544303798,0.25316455696202533,0.05063291139240506
-473.329305,158,5417.08118,49.0,0.7020042194092826,0.08227848101265822,0.048794454490657016,0.7784810126582279,0.25949367088607594,0.0379746835443038
-472.52857,158,5420.102776,47.0,0.7199367088607594,0.08966244725738397,0.05464135021097046,0.7721518987341772,0.25316455696202533,0.02531645569620253
-445.746089,158,5423.130417,44.0,0.7354430379746836,0.08122362869198312,0.058981314044605174,0.7784810126582279,0.25949367088607594,0.0379746835443038
-482.972876,158,5426.158849,19.0,0.8860759493670886,0.07911392405063292,0.074291742013261,0.7721518987341772,0.25949367088607594,0.03164556962025317
-492.766525,158,5429.228181,18.0,0.8924050632911392,0.07278481012658228,0.07067510548523206,0.7848101265822784,0.2468354430379747,0.03164556962025317
-487.875507,158,5432.243669,23.0,0.8591772151898734,0.07172995780590717,0.07248342374924653,0.7784810126582279,0.2468354430379747,0.02531645569620253
-479.618061,158,5435.340491,26.0,0.845464135021097,0.07383966244725738,0.07335744424352018,0.7848101265822784,0.25316455696202533,0.0379746835443038
-472.237148,158,5438.421166,47.0,0.7132911392405064,0.08544303797468354,0.07737090616837453,0.7848101265822784,0.2721518987341772,0.056962025316455694
-474.464055,158,5441.461459,18.0,0.8860759493670886,0.06329113924050633,0.06329113924050633,0.8227848101265823,0.2468354430379747,0.06962025316455696
-469.904294,158,5444.498342,16.0,0.9031645569620252,0.06856540084388185,0.0680379746835443,0.8354430379746836,0.25316455696202533,0.08860759493670886
-375.102533,158,5447.556106,50.0,0.7220464135021096,0.11919831223628691,0.10675105485232068,0.7784810126582279,0.25316455696202533,0.03164556962025317
-479.27948,158,5450.669932,24.0,0.8588607594936708,0.08438818565400844,0.08039481615430982,0.7848101265822784,0.25316455696202533,0.0379746835443038
-482.812543,158,5453.777691,30.0,0.8210970464135022,0.08122362869198313,0.0764516777175005,0.7848101265822784,0.25316455696202533,0.0379746835443038
-490.338192,158,5456.864954,30.0,0.8158755274261603,0.0780590717299578,0.0713381555153707,0.7784810126582279,0.25316455696202533,0.03164556962025317
-482.084213,158,5459.983375,30.0,0.8251054852320675,0.07647679324894514,0.07668776371308017,0.7784810126582279,0.25316455696202533,0.03164556962025317
-498.009543,158,5462.98826,35.0,0.7878842676311031,0.08966244725738397,0.07640646976090014,0.7658227848101266,0.2468354430379747,0.012658227848101266
-475.93881,158,5465.983011,49.0,0.7037974683544304,0.09282700421940927,0.06139240506329113,0.7784810126582279,0.2721518987341772,0.05063291139240506
-496.242719,158,5468.963778,40.0,0.758649789029536,0.08649789029535865,0.03568414707655214,0.7658227848101266,0.27848101265822783,0.04430379746835443
-492.601134,158,5471.951423,15.0,0.9050632911392406,0.06487341772151899,0.06582278481012659,0.7848101265822784,0.25949367088607594,0.04430379746835443
-505.180335,158,5474.946286,0.0,1.0,0.06329113924050633,0.06329113924050633,0.7721518987341772,0.26582278481012656,0.0379746835443038
-497.106665,158,5477.932062,4.0,0.9762658227848101,0.06645569620253164,0.06540084388185653,0.7721518987341772,0.2974683544303797,0.06962025316455696
-495.897129,158,5480.975646,14.0,0.9113924050632911,0.06329113924050633,0.056962025316455694,0.7721518987341772,0.2721518987341772,0.04430379746835443
-493.487898,158,5484.029176,37.0,0.7789029535864979,0.09388185654008438,0.07976190476190476,0.7721518987341772,0.25949367088607594,0.03164556962025317
-465.364242,158,5487.088672,43.0,0.7320675105485233,0.07278481012658228,0.04294755877034358,0.8037974683544303,0.24050632911392406,0.04430379746835443
-419.274894,158,5490.068539,18.0,0.8873417721518987,0.07278481012658228,0.06962025316455696,0.810126582278481,0.24050632911392406,0.05063291139240506
-415.37864,158,5493.058179,16.0,0.9058016877637132,0.08122362869198312,0.06677215189873419,0.7784810126582279,0.26582278481012656,0.04430379746835443
-429.42762,158,5496.039366,13.0,0.9229957805907172,0.06856540084388185,0.06856540084388185,0.7658227848101266,0.2848101265822785,0.05063291139240506
-445.477522,158,5499.086822,18.0,0.8957805907172995,0.07911392405063292,0.07900843881856541,0.759493670886076,0.2911392405063291,0.05063291139240506
-425.919656,158,5502.148601,60.0,0.6482670283303195,0.10864978902953586,0.10015069318866787,0.7784810126582279,0.2468354430379747,0.02531645569620253
-368.595104,158,5505.257889,106.0,0.3484779987944545,0.10126582278481011,0.058453887884267634,0.8037974683544303,0.24050632911392406,0.04430379746835443
-451.770567,158,5508.333258,87.0,0.45770042194092836,0.0780590717299578,0.048573437813944145,0.810126582278481,0.25316455696202533,0.06329113924050633
-484.94254,158,5511.394721,63.0,0.615506329113924,0.08227848101265822,0.07819971870604782,0.8037974683544303,0.24050632911392406,0.04430379746835443
-467.692362,158,5514.473787,30.0,0.8143459915611816,0.06962025316455696,0.055379746835443035,0.8037974683544303,0.25316455696202533,0.056962025316455694
-483.923837,158,5517.417954,7.0,0.9604430379746836,0.06751054852320675,0.06763110307414105,0.810126582278481,0.25949367088607594,0.06962025316455696
-486.118452,158,5520.413481,6.0,0.9620253164556962,0.06329113924050633,0.05063291139240506,0.8481012658227848,0.24050632911392406,0.08860759493670886
-486.954188,158,5523.407795,19.0,0.8850210970464135,0.07278481012658228,0.06329113924050633,0.8481012658227848,0.25316455696202533,0.10126582278481013
-507.103743,158,5526.374356,11.0,0.930379746835443,0.06329113924050633,0.06329113924050633,0.7974683544303798,0.25316455696202533,0.05063291139240506
-494.396075,158,5529.35667,5.0,0.9683544303797469,0.06329113924050633,0.06329113924050633,0.7784810126582279,0.25949367088607594,0.0379746835443038
-480.024404,158,5532.360706,13.0,0.9177215189873418,0.06329113924050633,0.06329113924050633,0.7721518987341772,0.27848101265822783,0.05063291139240506
-477.30853,158,5535.40419,22.0,0.8620253164556961,0.06962025316455696,0.06540084388185655,0.7784810126582279,0.2974683544303797,0.0759493670886076
-501.771699,158,5538.450767,20.0,0.8734177215189873,0.06329113924050633,0.04430379746835443,0.7658227848101266,0.2911392405063291,0.056962025316455694
-488.594025,158,5541.455146,25.0,0.8512658227848101,0.08122362869198312,0.06835443037974684,0.759493670886076,0.2721518987341772,0.03164556962025317
-483.061792,158,5544.486492,39.0,0.7568565400843882,0.06751054852320675,0.029234478601567207,0.7721518987341772,0.26582278481012656,0.0379746835443038
-490.774433,158,5547.561425,4.0,0.9746835443037974,0.06329113924050633,0.06329113924050633,0.8481012658227848,0.25316455696202533,0.10126582278481013
-475.337209,158,5550.613179,16.0,0.9021097046413502,0.0780590717299578,0.07172995780590717,0.879746835443038,0.24050632911392406,0.12025316455696203
-469.725836,158,5553.654967,28.0,0.8398734177215189,0.08227848101265822,0.08071127185051236,0.7974683544303798,0.24050632911392406,0.0379746835443038
-484.608616,158,5556.746774,32.0,0.807964135021097,0.08649789029535865,0.07278481012658228,0.8164556962025317,0.24050632911392406,0.056962025316455694
-503.4428,158,5559.809251,26.0,0.8380801687763715,0.06962025316455696,0.06334137030339562,0.7848101265822784,0.24050632911392406,0.02531645569620253
-500.482279,158,5562.880009,44.0,0.730379746835443,0.08227848101265822,0.06540084388185653,0.7721518987341772,0.24050632911392406,0.012658227848101266
-506.655102,158,5565.931269,36.0,0.7753164556962026,0.06962025316455696,0.04841772151898734,0.7911392405063291,0.24050632911392406,0.03164556962025317
-482.787161,158,5568.92413,36.0,0.777373417721519,0.07911392405063292,0.07072533654812135,0.7784810126582279,0.24050632911392406,0.0189873417721519
-505.987687,158,5571.999801,26.0,0.8425105485232068,0.07700421940928269,0.07481916817359856,0.7911392405063291,0.2721518987341772,0.06329113924050633
-415.373869,158,5575.435451,101.0,0.38677667269439425,0.13818565400843882,0.056625477195097446,0.8037974683544303,0.25316455696202533,0.056962025316455694
-456.794159,158,5578.546076,47.0,0.7201476793248945,0.0981012658227848,0.05331525015069319,0.8924050632911392,0.24050632911392406,0.13291139240506328
-474.086104,158,5581.595872,42.0,0.7438969258589512,0.08333333333333333,0.049789029535864976,0.9050632911392406,0.24050632911392406,0.14556962025316456
-471.936355,158,5584.710838,37.0,0.7755274261603375,0.0949367088607595,0.05116033755274262,0.8544303797468354,0.24050632911392406,0.0949367088607595
-518.276537,158,5587.730332,10.0,0.9388185654008437,0.06645569620253164,0.06582278481012659,0.7848101265822784,0.24050632911392406,0.02531645569620253
-495.728883,158,5590.79778,14.0,0.9182489451476792,0.0759493670886076,0.059493670886075954,0.8227848101265823,0.24050632911392406,0.06329113924050633
-447.970774,158,5593.813704,62.0,0.6244725738396625,0.10021097046413502,0.06983122362869199,0.9113924050632911,0.2468354430379747,0.15822784810126583
-415.808805,158,5596.825336,69.0,0.594831223628692,0.11392405063291139,0.06497890295358649,0.9556962025316456,0.24050632911392406,0.1962025316455696
-433.331409,158,5599.829248,41.0,0.7521097046413503,0.08016877637130801,0.059915611814345994,0.9430379746835443,0.24050632911392406,0.18354430379746836
-440.472139,158,5602.804032,14.0,0.9113924050632911,0.06329113924050633,0.056962025316455694,0.930379746835443,0.24050632911392406,0.17088607594936708
-444.020268,158,5605.806155,9.0,0.9430379746835443,0.06645569620253164,0.06118143459915611,0.9177215189873418,0.24050632911392406,0.15822784810126583
-480.631014,158,5608.813615,13.0,0.9189873417721518,0.06540084388185653,0.04588607594936709,0.8607594936708861,0.24050632911392406,0.10126582278481013
-481.000009,158,5611.787254,15.0,0.9050632911392406,0.06329113924050633,0.04430379746835443,0.8164556962025317,0.24050632911392406,0.056962025316455694
-502.831728,158,5614.783218,9.0,0.9430379746835443,0.06329113924050633,0.06329113924050633,0.7721518987341772,0.24050632911392406,0.012658227848101266
-502.645644,158,5617.780986,17.0,0.8924050632911392,0.06329113924050633,0.056962025316455694,0.7658227848101266,0.24050632911392406,0.006329113924050633
-495.998851,158,5620.771832,15.0,0.9066455696202531,0.06645569620253164,0.0590717299578059,0.7721518987341772,0.2468354430379747,0.0189873417721519
-495.650654,158,5623.794085,23.0,0.8565400843881855,0.06540084388185653,0.0590717299578059,0.759493670886076,0.2468354430379747,0.006329113924050633
-482.723567,158,5626.826853,47.0,0.7151898734177216,0.08438818565400844,0.06522001205545509,0.7721518987341772,0.2468354430379747,0.0189873417721519
-504.172405,158,5629.8604,40.0,0.7505274261603375,0.06856540084388185,0.06118143459915611,0.759493670886076,0.25316455696202533,0.012658227848101266
-502.699844,158,5632.908673,36.0,0.7742616033755275,0.06540084388185653,0.05274261603375527,0.7721518987341772,0.24050632911392406,0.012658227848101266
-501.006766,158,5635.911733,11.0,0.9335443037974683,0.06540084388185653,0.06582278481012659,0.7721518987341772,0.2468354430379747,0.0189873417721519
-500.471323,158,5638.953805,17.0,0.8939873417721519,0.07067510548523206,0.053496081977094635,0.7784810126582279,0.24050632911392406,0.0189873417721519
-502.085977,158,5641.910771,10.0,0.9367088607594937,0.06329113924050633,0.06329113924050633,0.7848101265822784,0.2468354430379747,0.03164556962025317
-495.517562,158,5644.944305,12.0,0.9253164556962025,0.06962025316455696,0.06540084388185655,0.7784810126582279,0.24050632911392406,0.0189873417721519
-495.024543,158,5647.94313,14.0,0.9150843881856539,0.07278481012658228,0.06835443037974684,0.7848101265822784,0.24050632911392406,0.02531645569620253
-499.709633,158,5650.944266,9.0,0.9430379746835443,0.06329113924050633,0.05063291139240506,0.7721518987341772,0.24050632911392406,0.012658227848101266
-495.709385,158,5653.905162,3.0,0.9810126582278481,0.06329113924050633,0.06329113924050633,0.7658227848101266,0.24050632911392406,0.006329113924050633
-510.262359,158,5656.875254,11.0,0.930379746835443,0.06329113924050633,0.056962025316455694,0.7658227848101266,0.24050632911392406,0.006329113924050633
-499.027319,158,5659.909568,13.0,0.9177215189873418,0.06329113924050633,0.05063291139240506,0.7658227848101266,0.24050632911392406,0.006329113924050633
-499.523622,158,5662.915206,9.0,0.9430379746835443,0.06329113924050633,0.056962025316455694,0.7721518987341772,0.26582278481012656,0.0379746835443038
-497.181379,158,5665.935765,12.0,0.9240506329113924,0.06962025316455696,0.06962025316455696,0.7784810126582279,0.25949367088607594,0.0379746835443038
-501.613887,158,5668.963508,23.0,0.8544303797468354,0.06329113924050633,0.06329113924050633,0.7911392405063291,0.25316455696202533,0.04430379746835443
-463.640484,158,5672.002492,53.0,0.6835443037974683,0.09388185654008438,0.07953586497890296,0.7784810126582279,0.24050632911392406,0.0189873417721519
-494.713857,158,5675.025185,38.0,0.7779535864978903,0.09282700421940929,0.08924050632911393,0.7911392405063291,0.24050632911392406,0.03164556962025317
-497.645241,158,5678.030959,42.0,0.7460443037974683,0.08438818565400845,0.05864978902953586,0.7911392405063291,0.24050632911392406,0.03164556962025317
-483.07249,158,5681.058268,48.0,0.7105033152501508,0.0981012658227848,0.06023206751054852,0.7974683544303798,0.24050632911392406,0.0379746835443038
-493.879809,158,5684.075681,50.0,0.6947257383966243,0.08227848101265822,0.032569821177416115,0.8354430379746836,0.24050632911392406,0.0759493670886076
-500.613239,158,5687.105707,17.0,0.8976793248945146,0.07278481012658228,0.070042194092827,0.8417721518987342,0.24050632911392406,0.08227848101265822
-488.942129,158,5690.056318,27.0,0.8438818565400843,0.09177215189873418,0.08441832429174202,0.8481012658227848,0.24050632911392406,0.08860759493670886
-492.629171,158,5693.069508,24.0,0.8581223628691984,0.0780590717299578,0.07426160337552744,0.8417721518987342,0.24050632911392406,0.08227848101265822
-487.748678,158,5696.017517,29.0,0.8268535262206148,0.08122362869198312,0.07478902953586498,0.8037974683544303,0.24050632911392406,0.04430379746835443
-499.482836,158,5698.970966,31.0,0.8164556962025317,0.08227848101265822,0.08670886075949366,0.7848101265822784,0.24050632911392406,0.02531645569620253
-503.256519,158,5701.951594,16.0,0.9071729957805906,0.07383966244725738,0.07151898734177216,0.7911392405063291,0.24050632911392406,0.03164556962025317
-512.300476,158,5704.913407,9.0,0.9440928270042195,0.06645569620253164,0.06487341772151899,0.7848101265822784,0.2468354430379747,0.03164556962025317
-515.674695,158,5707.889914,13.0,0.918776371308017,0.06645569620253164,0.05221518987341772,0.7848101265822784,0.25316455696202533,0.0379746835443038
-498.664075,158,5710.869177,11.0,0.930379746835443,0.06329113924050633,0.06329113924050633,0.8164556962025317,0.2468354430379747,0.06329113924050633
-494.645476,158,5713.862017,24.0,0.8512658227848101,0.06962025316455696,0.06751054852320675,0.8417721518987342,0.24050632911392406,0.08227848101265822
-494.472188,158,5716.822699,21.0,0.870253164556962,0.06540084388185653,0.06582278481012659,0.8481012658227848,0.24050632911392406,0.08860759493670886
-485.282577,158,5719.804511,32.0,0.8048523206751055,0.07911392405063292,0.07320675105485232,0.8417721518987342,0.24050632911392406,0.08227848101265822
-493.12291,158,5722.850551,40.0,0.7600210970464135,0.08227848101265822,0.06772151898734177,0.8417721518987342,0.24050632911392406,0.08227848101265822
-482.027834,158,5725.865288,52.0,0.6786919831223628,0.08016877637130801,0.0772302591922845,0.8354430379746836,0.24050632911392406,0.0759493670886076
-484.511422,158,5728.810014,48.0,0.7114978902953587,0.08755274261603375,0.0839662447257384,0.8227848101265823,0.2468354430379747,0.06962025316455696
-433.129831,158,5731.873053,69.0,0.5806962025316456,0.09071729957805906,0.05539481615430983,0.7974683544303798,0.24050632911392406,0.0379746835443038
-473.64857,158,5734.907399,38.0,0.7716244725738396,0.08333333333333333,0.04947257383966244,0.7974683544303798,0.24050632911392406,0.0379746835443038
-497.959608,158,5737.911715,15.0,0.9082278481012658,0.0759493670886076,0.06751054852320675,0.7911392405063291,0.24050632911392406,0.03164556962025317
-501.303698,158,5740.96403,8.0,0.9493670886075949,0.06329113924050633,0.05063291139240506,0.7848101265822784,0.24050632911392406,0.02531645569620253
-494.292735,158,5743.957989,9.0,0.9430379746835443,0.06329113924050633,0.05063291139240506,0.7721518987341772,0.24050632911392406,0.012658227848101266
-511.819319,158,5746.993213,5.0,0.9683544303797469,0.06329113924050633,0.0379746835443038,0.759493670886076,0.24050632911392406,0.0
-502.052637,158,5750.004574,15.0,0.9087552742616033,0.06962025316455696,0.048945147679324896,0.759493670886076,0.2468354430379747,0.006329113924050633
-492.148369,158,5752.981517,21.0,0.8683544303797468,0.0759493670886076,0.059071729957805914,0.759493670886076,0.2911392405063291,0.05063291139240506
-507.073347,158,5756.252413,10.0,0.9382911392405063,0.06962025316455696,0.06582278481012659,0.759493670886076,0.26582278481012656,0.02531645569620253
-497.012986,158,5759.245832,12.0,0.9274261603375528,0.06962025316455696,0.06763110307414105,0.7784810126582279,0.26582278481012656,0.04430379746835443
-496.604988,158,5762.195619,8.0,0.9493670886075949,0.06645569620253164,0.06751054852320675,0.7848101265822784,0.24050632911392406,0.02531645569620253
-485.987582,158,5765.207025,9.0,0.9477848101265823,0.06962025316455696,0.06856540084388185,0.7848101265822784,0.25316455696202533,0.0379746835443038
-498.441769,158,5768.168431,8.0,0.9493670886075949,0.06329113924050633,0.05063291139240506,0.8037974683544303,0.24050632911392406,0.04430379746835443
-479.086805,158,5771.161964,23.0,0.8591772151898734,0.06962025316455696,0.06223628691983121,0.7911392405063291,0.24050632911392406,0.03164556962025317
-487.582627,158,5774.153941,27.0,0.8291139240506329,0.06645569620253164,0.04852320675105485,0.7658227848101266,0.2468354430379747,0.012658227848101266
-490.551044,158,5777.070774,21.0,0.870253164556962,0.06645569620253164,0.03481012658227848,0.7658227848101266,0.25949367088607594,0.02531645569620253
-500.61083,158,5780.015799,15.0,0.9105485232067511,0.07489451476793248,0.054339963833634715,0.7658227848101266,0.25316455696202533,0.0189873417721519
-501.343638,158,5782.983299,8.0,0.9493670886075949,0.06329113924050633,0.056962025316455694,0.759493670886076,0.25949367088607594,0.0189873417721519
-495.611529,158,5785.925092,2.0,0.9873417721518988,0.06329113924050633,0.056962025316455694,0.759493670886076,0.26582278481012656,0.02531645569620253
-490.686189,158,5788.912315,2.0,0.9873417721518988,0.06329113924050633,0.056962025316455694,0.759493670886076,0.24050632911392406,0.0
-512.668875,158,5791.90878,1.0,0.9936708860759493,0.06329113924050633,0.06329113924050633,0.759493670886076,0.24050632911392406,0.0
-507.306901,158,5794.910533,1.0,0.9936708860759493,0.06329113924050633,0.06329113924050633,0.759493670886076,0.25316455696202533,0.012658227848101266
-502.46394,158,5797.879265,0.0,1.0,0.06329113924050633,0.06329113924050633,0.759493670886076,0.25316455696202533,0.012658227848101266
-512.630956,158,5800.868036,3.0,0.9810126582278481,0.06329113924050633,0.04430379746835443,0.759493670886076,0.25316455696202533,0.012658227848101266
-508.12169,158,5803.858643,8.0,0.9493670886075949,0.06329113924050633,0.056962025316455694,0.759493670886076,0.2721518987341772,0.03164556962025317
-508.943369,158,5806.894757,14.0,0.9113924050632911,0.06329113924050633,0.056962025316455694,0.759493670886076,0.25316455696202533,0.012658227848101266
-492.631075,158,5809.888607,4.0,0.9746835443037974,0.06329113924050633,0.06329113924050633,0.7784810126582279,0.24050632911392406,0.0189873417721519
-508.31794,158,5812.92005,5.0,0.9683544303797469,0.06329113924050633,0.056962025316455694,0.7721518987341772,0.24050632911392406,0.012658227848101266
-506.942581,158,5815.883876,4.0,0.9746835443037974,0.06329113924050633,0.06329113924050633,0.7721518987341772,0.24050632911392406,0.012658227848101266
-505.695087,158,5818.861789,10.0,0.9435654008438817,0.07172995780590717,0.05168776371308016,0.7721518987341772,0.24050632911392406,0.012658227848101266
-507.657277,158,5821.873373,10.0,0.9430379746835443,0.06856540084388185,0.0689873417721519,0.7784810126582279,0.24050632911392406,0.0189873417721519
-507.894024,158,5824.896018,13.0,0.9219409282700423,0.0759493670886076,0.056962025316455694,0.7721518987341772,0.24050632911392406,0.012658227848101266
-490.478476,158,5827.89251,16.0,0.9050632911392406,0.06856540084388185,0.06265822784810127,0.8037974683544303,0.2468354430379747,0.05063291139240506
-483.200636,158,5830.856014,47.0,0.7135021097046413,0.08122362869198312,0.031133212778782397,0.8037974683544303,0.24050632911392406,0.04430379746835443
-488.254634,158,5833.901094,33.0,0.7964135021097046,0.07172995780590717,0.04725738396624472,0.8037974683544303,0.24050632911392406,0.04430379746835443
-500.215039,158,5836.904905,16.0,0.9008438818565402,0.06645569620253164,0.059493670886075954,0.7911392405063291,0.24050632911392406,0.03164556962025317
-506.332335,158,5839.87897,17.0,0.8984177215189872,0.07067510548523206,0.05678119349005425,0.7911392405063291,0.2468354430379747,0.0379746835443038
-510.474358,158,5842.852022,10.0,0.9388185654008437,0.06645569620253164,0.059493670886075954,0.7784810126582279,0.2468354430379747,0.02531645569620253
-511.048377,158,5845.833033,9.0,0.9430379746835443,0.06329113924050633,0.056962025316455694,0.759493670886076,0.25316455696202533,0.012658227848101266
-519.758923,158,5848.815354,12.0,0.9240506329113924,0.06645569620253164,0.06751054852320675,0.759493670886076,0.25949367088607594,0.0189873417721519
-512.509319,158,5851.728137,5.0,0.9683544303797469,0.06329113924050633,0.06329113924050633,0.759493670886076,0.25949367088607594,0.0189873417721519
-500.310414,158,5854.704014,4.0,0.9746835443037974,0.06329113924050633,0.06329113924050633,0.759493670886076,0.26582278481012656,0.02531645569620253
-514.37921,158,5857.684045,3.0,0.9810126582278481,0.06329113924050633,0.06329113924050633,0.759493670886076,0.25316455696202533,0.012658227848101266
-513.322296,158,5860.698663,6.0,0.9620253164556962,0.06329113924050633,0.06329113924050633,0.7658227848101266,0.2468354430379747,0.012658227848101266
-511.907467,158,5863.699997,1.0,0.9936708860759493,0.06962025316455696,0.06962025316455696,0.7784810126582279,0.2468354430379747,0.02531645569620253
-500.77376,158,5866.654734,7.0,0.9556962025316456,0.06329113924050633,0.06329113924050633,0.810126582278481,0.2468354430379747,0.056962025316455694
-504.198198,158,5869.680319,3.0,0.9841772151898734,0.06962025316455696,0.06751054852320675,0.7848101265822784,0.25949367088607594,0.04430379746835443
-498.293376,158,5872.70051,2.0,0.9873417721518988,0.06329113924050633,0.06329113924050633,0.7784810126582279,0.27848101265822783,0.056962025316455694
-492.557186,158,5875.766972,2.0,0.9873417721518988,0.06329113924050633,0.06329113924050633,0.7658227848101266,0.31645569620253167,0.08227848101265822
-481.618228,158,5878.769955,2.0,0.9873417721518988,0.06329113924050633,0.06329113924050633,0.759493670886076,0.33544303797468356,0.0949367088607595
-491.97371,158,5881.800911,2.0,0.9873417721518988,0.06329113924050633,0.06329113924050633,0.759493670886076,0.33544303797468356,0.0949367088607595
-504.462122,158,5884.802943,1.0,0.9936708860759493,0.06329113924050633,0.06329113924050633,0.759493670886076,0.2911392405063291,0.05063291139240506
-509.920091,158,5887.732685,2.0,0.9873417721518988,0.06329113924050633,0.06329113924050633,0.759493670886076,0.25316455696202533,0.012658227848101266
-493.847296,158,5890.803127,7.0,0.9556962025316456,0.07172995780590717,0.06645569620253164,0.759493670886076,0.3037974683544304,0.06329113924050633
-496.029208,158,5893.798731,7.0,0.9588607594936709,0.06540084388185653,0.06582278481012659,0.759493670886076,0.3037974683544304,0.06329113924050633
-493.510244,158,5896.803609,10.0,0.9419831223628691,0.06751054852320675,0.0679324894514768,0.759493670886076,0.2911392405063291,0.05063291139240506
-490.154994,158,5899.82625,7.0,0.9556962025316456,0.06329113924050633,0.06329113924050633,0.759493670886076,0.2974683544303797,0.056962025316455694
-496.575801,158,5902.791767,7.0,0.9556962025316456,0.06329113924050633,0.06329113924050633,0.759493670886076,0.2974683544303797,0.056962025316455694
-492.697544,158,5905.828794,8.0,0.9493670886075949,0.06329113924050633,0.06329113924050633,0.759493670886076,0.3227848101265823,0.08227848101265822
-495.400818,158,5908.847208,10.0,0.9367088607594937,0.06329113924050633,0.06329113924050633,0.759493670886076,0.310126582278481,0.06962025316455696
-505.250884,158,5911.774888,8.0,0.9493670886075949,0.06329113924050633,0.056962025316455694,0.759493670886076,0.2911392405063291,0.05063291139240506
-496.519031,158,5914.77697,8.0,0.9493670886075949,0.06962025316455696,0.06329113924050633,0.759493670886076,0.2721518987341772,0.03164556962025317
-493.2872,158,5917.756323,4.0,0.9746835443037974,0.06962025316455696,0.06962025316455696,0.759493670886076,0.27848101265822783,0.0379746835443038
-501.152427,158,5920.766614,16.0,0.90084388185654,0.06645569620253164,0.059493670886075954,0.759493670886076,0.2721518987341772,0.03164556962025317
-486.464842,158,5923.779383,2.0,0.9873417721518988,0.06329113924050633,0.06329113924050633,0.759493670886076,0.2848101265822785,0.04430379746835443
-502.058368,158,5926.740643,0.0,1.0,0.06329113924050633,0.06329113924050633,0.759493670886076,0.26582278481012656,0.02531645569620253
-502.156655,158,5929.7208,2.0,0.990506329113924,0.06962025316455696,0.06751054852320675,0.759493670886076,0.25949367088607594,0.0189873417721519
-515.583142,158,5932.745453,20.0,0.8765822784810127,0.06645569620253164,0.05379746835443038,0.759493670886076,0.2721518987341772,0.03164556962025317
-497.175331,158,5935.717347,8.0,0.9493670886075949,0.06540084388185653,0.06645569620253164,0.759493670886076,0.2721518987341772,0.03164556962025317
-496.132283,158,5938.695763,9.0,0.9462025316455697,0.06962025316455696,0.06751054852320675,0.759493670886076,0.27848101265822783,0.0379746835443038
-499.038201,158,5941.622211,4.0,0.9767932489451477,0.06962025316455696,0.06645569620253164,0.759493670886076,0.27848101265822783,0.0379746835443038
-511.449976,158,5944.603002,1.0,0.9936708860759493,0.06329113924050633,0.06329113924050633,0.759493670886076,0.27848101265822783,0.0379746835443038
-483.270805,158,5947.818497,0.0,1.0,0.06329113924050633,0.06329113924050633,0.759493670886076,0.2974683544303797,0.056962025316455694
-497.031522,158,5950.866487,1.0,0.9936708860759493,0.06329113924050633,0.06329113924050633,0.759493670886076,0.2911392405063291,0.05063291139240506
-485.589561,158,5953.9181,0.0,1.0,0.06329113924050633,0.06329113924050633,0.759493670886076,0.2848101265822785,0.04430379746835443
-489.955679,158,5956.947946,0.0,1.0,0.06329113924050633,0.06329113924050633,0.759493670886076,0.27848101265822783,0.0379746835443038
-482.99324,158,5959.961489,0.0,1.0,0.06329113924050633,0.06329113924050633,0.759493670886076,0.2721518987341772,0.03164556962025317
-491.241909,158,5962.978999,0.0,1.0,0.06329113924050633,0.06329113924050633,0.759493670886076,0.25316455696202533,0.012658227848101266
-503.890669,158,5966.008357,3.0,0.9810126582278481,0.06329113924050633,0.06329113924050633,0.759493670886076,0.25316455696202533,0.012658227848101266
-483.868221,158,5969.035018,5.0,0.970464135021097,0.06540084388185653,0.06540084388185653,0.759493670886076,0.2911392405063291,0.05063291139240506
-486.62977,158,5972.074059,20.0,0.8734177215189873,0.06329113924050633,0.06329113924050633,0.759493670886076,0.2848101265822785,0.04430379746835443
-488.42771,158,5975.181342,34.0,0.7913502109704641,0.08016877637130801,0.07335744424352018,0.759493670886076,0.2468354430379747,0.006329113924050633
-493.763295,158,5978.188994,0.0,1.0,0.06329113924050633,0.06329113924050633,0.759493670886076,0.26582278481012656,0.02531645569620253
-499.817371,158,5981.170533,0.0,1.0,0.06329113924050633,0.06329113924050633,0.759493670886076,0.25316455696202533,0.012658227848101266
-498.767452,158,5984.137718,2.0,0.9873417721518988,0.06329113924050633,0.06329113924050633,0.759493670886076,0.25316455696202533,0.012658227848101266
-498.749694,158,5987.144775,2.0,0.9873417721518988,0.06329113924050633,0.06329113924050633,0.759493670886076,0.25316455696202533,0.012658227848101266
-500.439598,158,5990.13399,4.0,0.9746835443037974,0.06329113924050633,0.06329113924050633,0.759493670886076,0.2468354430379747,0.006329113924050633
-499.01562,158,5993.14673,1.0,0.9936708860759493,0.06329113924050633,0.06329113924050633,0.7658227848101266,0.25316455696202533,0.0189873417721519
-505.012421,158,5996.145668,0.0,1.0,0.06329113924050633,0.06329113924050633,0.759493670886076,0.2468354430379747,0.006329113924050633
-493.031326,158,5999.120307,5.0,0.9683544303797469,0.06329113924050633,0.056962025316455694,0.759493670886076,0.25949367088607594,0.0189873417721519
-494.15807,158,6002.167564,3.0,0.9810126582278481,0.06329113924050633,0.06329113924050633,0.7658227848101266,0.25316455696202533,0.0189873417721519
-501.715739,158,6005.104486,1.0,0.9936708860759493,0.06329113924050633,0.06329113924050633,0.7721518987341772,0.2468354430379747,0.0189873417721519
-499.908355,158,6008.055516,2.0,0.9873417721518988,0.06329113924050633,0.06329113924050633,0.7721518987341772,0.2468354430379747,0.0189873417721519
-502.029144,158,6011.010153,0.0,1.0,0.06329113924050633,0.06329113924050633,0.7784810126582279,0.2468354430379747,0.02531645569620253
-502.030944,158,6013.957803,0.0,1.0,0.06329113924050633,0.06329113924050633,0.7784810126582279,0.2468354430379747,0.02531645569620253
-500.142636,158,6016.915181,2.0,0.9873417721518988,0.06329113924050633,0.06329113924050633,0.7911392405063291,0.2468354430379747,0.0379746835443038
-494.138863,158,6019.900745,6.0,0.9620253164556962,0.06329113924050633,0.06329113924050633,0.8354430379746836,0.2468354430379747,0.08227848101265822
-474.100719,158,6022.923894,10.0,0.9367088607594937,0.06329113924050633,0.06329113924050633,0.8544303797468354,0.2468354430379747,0.10126582278481013
-484.842705,158,6025.942588,15.0,0.9082278481012658,0.06645569620253164,0.060126582278481014,0.8734177215189873,0.24050632911392406,0.11392405063291139
-493.248844,158,6028.982697,5.0,0.9683544303797469,0.06329113924050633,0.06329113924050633,0.8544303797468354,0.24050632911392406,0.0949367088607595
-488.637157,158,6031.920431,6.0,0.9620253164556962,0.06329113924050633,0.06329113924050633,0.810126582278481,0.24050632911392406,0.05063291139240506
-499.904758,158,6034.921471,4.0,0.9746835443037974,0.06329113924050633,0.06329113924050633,0.810126582278481,0.25316455696202533,0.06329113924050633
-489.946546,158,6037.867797,15.0,0.9050632911392406,0.06329113924050633,0.056962025316455694,0.8037974683544303,0.2468354430379747,0.05063291139240506
-510.964715,158,6040.85434,16.0,0.9018987341772152,0.06962025316455696,0.06751054852320675,0.7658227848101266,0.25316455696202533,0.0189873417721519
-506.142003,158,6043.849677,12.0,0.9240506329113924,0.06329113924050633,0.06329113924050633,0.7721518987341772,0.2468354430379747,0.0189873417721519
-514.215115,158,6046.821242,10.0,0.9367088607594937,0.06329113924050633,0.06329113924050633,0.7658227848101266,0.2468354430379747,0.012658227848101266
-504.826057,158,6049.802029,16.0,0.8987341772151899,0.06329113924050633,0.06329113924050633,0.7721518987341772,0.2468354430379747,0.0189873417721519
-510.659229,158,6052.811614,9.0,0.9462025316455697,0.06962025316455696,0.06751054852320675,0.759493670886076,0.24050632911392406,0.0
-507.001427,158,6055.804573,7.0,0.9556962025316456,0.06540084388185653,0.06645569620253164,0.7658227848101266,0.2468354430379747,0.012658227848101266
-488.404025,158,6058.810165,3.0,0.9810126582278481,0.06329113924050633,0.06329113924050633,0.7658227848101266,0.25316455696202533,0.0189873417721519
-492.121677,158,6061.767388,6.0,0.9620253164556962,0.06329113924050633,0.06329113924050633,0.7658227848101266,0.25949367088607594,0.02531645569620253
-496.651252,158,6064.789875,3.0,0.9810126582278481,0.06329113924050633,0.06329113924050633,0.7658227848101266,0.25316455696202533,0.0189873417721519
-488.660634,158,6067.763143,7.0,0.960970464135021,0.06962025316455696,0.06863572433192687,0.7658227848101266,0.25949367088607594,0.02531645569620253
-497.628608,158,6070.762598,7.0,0.9556962025316456,0.06329113924050633,0.06329113924050633,0.7784810126582279,0.25949367088607594,0.0379746835443038
-508.493875,158,6073.825005,9.0,0.9430379746835443,0.06329113924050633,0.06329113924050633,0.7658227848101266,0.25316455696202533,0.0189873417721519
-489.40763,158,6076.896828,16.0,0.9034810126582279,0.07331223628691982,0.07225738396624472,0.759493670886076,0.2468354430379747,0.006329113924050633
-487.144119,158,6079.955205,31.0,0.8048523206751055,0.06962025316455696,0.058770343580470154,0.7911392405063291,0.25316455696202533,0.04430379746835443
-481.280987,158,6082.978141,5.0,0.9715189873417721,0.06540084388185653,0.06582278481012659,0.7974683544303798,0.24050632911392406,0.0379746835443038
-486.628083,158,6086.060645,18.0,0.8860759493670886,0.06329113924050633,0.06329113924050633,0.8037974683544303,0.24050632911392406,0.04430379746835443
-479.407156,158,6089.07726,15.0,0.9050632911392406,0.06645569620253164,0.06751054852320675,0.7784810126582279,0.24050632911392406,0.0189873417721519
-478.959583,158,6092.124313,1.0,0.9936708860759493,0.06329113924050633,0.06329113924050633,0.7721518987341772,0.24050632911392406,0.012658227848101266
-489.856662,158,6095.131627,3.0,0.9841772151898734,0.06645569620253164,0.06645569620253164,0.7658227848101266,0.24050632911392406,0.006329113924050633
-502.894574,158,6098.147604,1.0,0.9936708860759493,0.06329113924050633,0.06329113924050633,0.7658227848101266,0.24050632911392406,0.006329113924050633
-486.155698,158,6101.184312,4.0,0.9746835443037974,0.06329113924050633,0.06329113924050633,0.7848101265822784,0.24050632911392406,0.02531645569620253
-485.823214,158,6104.241294,4.0,0.9746835443037974,0.06329113924050633,0.056962025316455694,0.7848101265822784,0.24050632911392406,0.02531645569620253
-485.722025,158,6107.230531,0.0,1.0,0.06329113924050633,0.06329113924050633,0.7848101265822784,0.24050632911392406,0.02531645569620253
-494.091983,158,6110.279611,9.0,0.9462025316455697,0.06645569620253164,0.06645569620253164,0.7658227848101266,0.24050632911392406,0.006329113924050633
-497.646985,158,6113.311698,14.0,0.9113924050632911,0.06329113924050633,0.05063291139240506,0.7658227848101266,0.2468354430379747,0.012658227848101266
-491.299926,158,6116.31763,16.0,0.9071729957805906,0.0759493670886076,0.07320675105485232,0.759493670886076,0.25316455696202533,0.012658227848101266
-485.728088,158,6119.380414,15.0,0.9082278481012658,0.06645569620253164,0.06645569620253164,0.759493670886076,0.2721518987341772,0.03164556962025317
-498.298213,158,6122.453053,13.0,0.9177215189873418,0.06329113924050633,0.056962025316455694,0.759493670886076,0.25316455696202533,0.012658227848101266
-496.991811,158,6125.47436,11.0,0.9367088607594937,0.07383966244725738,0.07320675105485232,0.759493670886076,0.25316455696202533,0.012658227848101266
-502.363827,158,6128.426494,14.0,0.9198312236286919,0.08122362869198312,0.0710970464135021,0.759493670886076,0.26582278481012656,0.02531645569620253
-480.6122,158,6131.459932,9.0,0.9430379746835443,0.06329113924050633,0.06329113924050633,0.759493670886076,0.2721518987341772,0.03164556962025317
-493.760084,158,6134.459445,10.0,0.9367088607594937,0.06329113924050633,0.06329113924050633,0.759493670886076,0.26582278481012656,0.02531645569620253
-483.975927,158,6137.472815,6.0,0.9651898734177216,0.06540084388185653,0.06582278481012659,0.759493670886076,0.2721518987341772,0.03164556962025317
-478.451422,158,6140.556336,0.0,1.0,0.06329113924050633,0.06329113924050633,0.759493670886076,0.25949367088607594,0.0189873417721519
-477.034486,158,6143.606277,2.0,0.9873417721518988,0.06329113924050633,0.06329113924050633,0.759493670886076,0.25949367088607594,0.0189873417721519
-483.925061,158,6146.855624,2.0,0.9873417721518988,0.06329113924050633,0.06329113924050633,0.7721518987341772,0.26582278481012656,0.0379746835443038
-490.573852,158,6149.904409,8.0,0.9525316455696202,0.06645569620253164,0.060126582278481014,0.7721518987341772,0.2911392405063291,0.06329113924050633
-488.194589,158,6152.930707,10.0,0.9388185654008437,0.06540084388185653,0.06540084388185653,0.7721518987341772,0.3291139240506329,0.10126582278481013
-494.208995,158,6156.180637,15.0,0.9059674502712477,0.06540084388185653,0.06455696202531645,0.7658227848101266,0.35443037974683544,0.12025316455696203
-479.050731,158,6159.216667,21.0,0.8670886075949367,0.06329113924050633,0.03164556962025317,0.7658227848101266,0.34810126582278483,0.11392405063291139
-476.621313,158,6162.124766,3.0,0.9841772151898734,0.06962025316455696,0.06118143459915611,0.759493670886076,0.34810126582278483,0.10759493670886076
-489.65433,158,6165.09536,7.0,0.9588607594936709,0.06540084388185653,0.04683544303797468,0.759493670886076,0.3227848101265823,0.08227848101265822
-499.475607,158,6168.04959,4.0,0.9762658227848101,0.06962025316455696,0.053164556962025315,0.7658227848101266,0.2974683544303797,0.06329113924050633
-486.592376,158,6171.078933,5.0,0.9683544303797469,0.06329113924050633,0.05063291139240506,0.759493670886076,0.2468354430379747,0.006329113924050633
-504.169182,158,6174.086026,12.0,0.9287974683544303,0.07278481012658228,0.04367088607594937,0.759493670886076,0.2468354430379747,0.006329113924050633
-507.967609,158,6177.0727,25.0,0.8481012658227848,0.08227848101265822,0.04725738396624472,0.759493670886076,0.2468354430379747,0.006329113924050633
-496.253995,158,6180.055098,9.0,0.9451476793248946,0.06962025316455696,0.05379746835443038,0.7721518987341772,0.2468354430379747,0.0189873417721519
-501.879345,158,6183.004869,10.0,0.939873417721519,0.06962025316455696,0.05485232067510548,0.7974683544303798,0.2468354430379747,0.04430379746835443
-496.370027,158,6185.968232,10.0,0.9367088607594937,0.06329113924050633,0.056962025316455694,0.7911392405063291,0.25316455696202533,0.04430379746835443
-496.41756,158,6188.998199,7.0,0.9556962025316456,0.06329113924050633,0.06329113924050633,0.8164556962025317,0.25949367088607594,0.0759493670886076
-500.683563,158,6192.04458,2.0,0.9873417721518988,0.06329113924050633,0.06329113924050633,0.7974683544303798,0.31645569620253167,0.11392405063291139
-493.53084,158,6195.049011,4.0,0.9746835443037974,0.06329113924050633,0.06329113924050633,0.7974683544303798,0.26582278481012656,0.06329113924050633
-484.867967,158,6198.028151,10.0,0.939873417721519,0.06540084388185653,0.06582278481012659,0.7911392405063291,0.2911392405063291,0.08227848101265822
-489.732062,158,6200.985531,6.0,0.9641350210970463,0.06645569620253164,0.06582278481012659,0.7974683544303798,0.25949367088607594,0.056962025316455694
-504.103247,158,6203.930143,10.0,0.9367088607594937,0.06329113924050633,0.06329113924050633,0.8227848101265823,0.24050632911392406,0.06329113924050633
-490.828836,158,6206.902984,30.0,0.8164556962025317,0.0780590717299578,0.043369499698613624,0.8227848101265823,0.24050632911392406,0.06329113924050633
-482.914444,158,6209.925043,34.0,0.7939873417721519,0.08227848101265822,0.06856540084388185,0.7721518987341772,0.25949367088607594,0.03164556962025317
-480.426943,158,6212.898534,9.0,0.9430379746835443,0.06329113924050633,0.04430379746835443,0.7848101265822784,0.25949367088607594,0.04430379746835443
-505.948365,158,6215.870547,8.0,0.9493670886075949,0.06329113924050633,0.06329113924050633,0.7784810126582279,0.25316455696202533,0.03164556962025317
-504.618697,158,6218.842334,2.0,0.990506329113924,0.0759493670886076,0.06835443037974684,0.7658227848101266,0.25316455696202533,0.0189873417721519
-498.544408,158,6221.733541,0.0,1.0,0.06329113924050633,0.06329113924050633,0.7658227848101266,0.25316455696202533,0.0189873417721519
-506.768051,158,6224.708465,1.0,0.9936708860759493,0.06329113924050633,0.06329113924050633,0.759493670886076,0.25949367088607594,0.0189873417721519
-503.147379,158,6227.751051,3.0,0.9810126582278481,0.06329113924050633,0.06329113924050633,0.759493670886076,0.2721518987341772,0.03164556962025317
-511.049706,158,6230.717641,10.0,0.9367088607594937,0.06329113924050633,0.06329113924050633,0.759493670886076,0.25316455696202533,0.012658227848101266
-495.333347,158,6233.745031,11.0,0.9319620253164557,0.06645569620253164,0.06540084388185653,0.759493670886076,0.25949367088607594,0.0189873417721519
-500.492178,158,6236.79821,27.0,0.8306962025316456,0.06962025316455696,0.06582278481012659,0.759493670886076,0.2468354430379747,0.006329113924050633
-500.722205,158,6239.793176,21.0,0.8829113924050633,0.09282700421940927,0.09041591320072333,0.759493670886076,0.25949367088607594,0.0189873417721519
-500.800562,158,6242.802015,23.0,0.8556962025316455,0.07172995780590717,0.06856540084388187,0.759493670886076,0.24050632911392406,0.0
-499.311548,158,6245.822456,24.0,0.8502109704641349,0.06645569620253164,0.06582278481012659,0.7721518987341772,0.2468354430379747,0.0189873417721519
-504.70604,158,6248.869284,11.0,0.9312839059674503,0.06540084388185653,0.06455696202531645,0.7658227848101266,0.2468354430379747,0.012658227848101266
-505.152514,158,6251.8816,10.0,0.9367088607594937,0.06329113924050633,0.06329113924050633,0.7721518987341772,0.24050632911392406,0.012658227848101266
-491.290702,158,6254.937084,3.0,0.9810126582278481,0.06329113924050633,0.056962025316455694,0.7784810126582279,0.24050632911392406,0.0189873417721519
-503.233847,158,6257.912083,5.0,0.9683544303797469,0.06329113924050633,0.06329113924050633,0.7784810126582279,0.24050632911392406,0.0189873417721519
-498.698457,158,6260.873049,3.0,0.9810126582278481,0.06329113924050633,0.06329113924050633,0.7721518987341772,0.24050632911392406,0.012658227848101266
-502.453752,158,6263.901381,6.0,0.9620253164556962,0.06329113924050633,0.06329113924050633,0.7721518987341772,0.2468354430379747,0.0189873417721519
-500.557302,158,6266.942424,32.0,0.8175105485232067,0.08860759493670886,0.062482419127988756,0.759493670886076,0.31645569620253167,0.0759493670886076
-499.665954,158,6269.943218,21.0,0.8686708860759493,0.06962025316455696,0.057504520795660034,0.759493670886076,0.27848101265822783,0.0379746835443038
-486.283074,158,6272.972922,28.0,0.8376582278481012,0.08438818565400844,0.08039481615430982,0.759493670886076,0.3227848101265823,0.08227848101265822
-485.076943,158,6275.991077,27.0,0.8386075949367089,0.07383966244725738,0.0729957805907173,0.7658227848101266,0.35443037974683544,0.12025316455696203
-487.891198,158,6279.014355,37.0,0.7718354430379747,0.07172995780590717,0.05748945147679324,0.759493670886076,0.34810126582278483,0.10759493670886076
-483.876608,158,6282.086871,30.0,0.814873417721519,0.07172995780590717,0.053164556962025315,0.759493670886076,0.3037974683544304,0.06329113924050633
-488.727796,158,6285.103809,29.0,0.8233122362869197,0.07172995780590717,0.04535864978902953,0.759493670886076,0.31645569620253167,0.0759493670886076
-501.187175,158,6288.143225,12.0,0.9293248945147679,0.06856540084388185,0.055907172995780595,0.759493670886076,0.2974683544303797,0.056962025316455694
-496.939342,158,6291.109903,5.0,0.9683544303797469,0.06329113924050633,0.056962025316455694,0.759493670886076,0.2911392405063291,0.05063291139240506
-497.551822,158,6294.130863,1.0,0.9936708860759493,0.06329113924050633,0.06329113924050633,0.7658227848101266,0.2468354430379747,0.012658227848101266
-510.49689,158,6297.121545,7.0,0.9556962025316456,0.06329113924050633,0.06329113924050633,0.759493670886076,0.24050632911392406,0.0
-500.887954,158,6300.090372,15.0,0.9087552742616033,0.06856540084388185,0.06751054852320675,0.759493670886076,0.2911392405063291,0.05063291139240506
-498.167312,158,6303.093592,24.0,0.8512658227848101,0.06962025316455696,0.06118143459915611,0.759493670886076,0.2721518987341772,0.03164556962025317
-498.08538,158,6306.084476,37.0,0.7832278481012658,0.08122362869198312,0.08037974683544304,0.759493670886076,0.25949367088607594,0.0189873417721519
-501.520858,158,6309.107553,35.0,0.785337552742616,0.0759493670886076,0.05886075949367089,0.759493670886076,0.25316455696202533,0.012658227848101266
-495.430492,158,6312.092302,37.0,0.7721518987341772,0.07172995780590717,0.06687763713080169,0.7658227848101266,0.25949367088607594,0.02531645569620253
-492.905805,158,6315.123486,40.0,0.7579113924050633,0.09388185654008438,0.09324894514767933,0.759493670886076,0.2468354430379747,0.006329113924050633
-480.251497,158,6318.101464,38.0,0.7670886075949367,0.08755274261603375,0.08640747438215793,0.759493670886076,0.25949367088607594,0.0189873417721519
-487.797238,158,6321.116665,75.0,0.5392405063291139,0.10232067510548522,0.0663652802893309,0.7784810126582279,0.24050632911392406,0.0189873417721519
-494.974945,158,6324.109785,51.0,0.6962025316455697,0.0949367088607595,0.0740506329113924,0.7784810126582279,0.24050632911392406,0.0189873417721519
-506.157712,158,6327.140519,34.0,0.7927215189873418,0.0770042194092827,0.06877637130801688,0.7848101265822784,0.24050632911392406,0.02531645569620253
-508.538006,158,6330.174381,36.0,0.7774261603375529,0.06856540084388185,0.049578059071729956,0.7784810126582279,0.24050632911392406,0.0189873417721519
-511.916801,158,6333.403314,11.0,0.9324894514767931,0.06645569620253164,0.06582278481012659,0.759493670886076,0.24050632911392406,0.0
-510.220217,158,6336.426731,5.0,0.9683544303797469,0.06329113924050633,0.06329113924050633,0.7658227848101266,0.24050632911392406,0.006329113924050633
-511.035155,158,6339.369735,5.0,0.9683544303797469,0.06329113924050633,0.06329113924050633,0.759493670886076,0.2468354430379747,0.006329113924050633
-498.489877,158,6342.293652,9.0,0.9462025316455697,0.06645569620253164,0.06645569620253164,0.759493670886076,0.24050632911392406,0.0
-510.963241,158,6345.322342,11.0,0.9324894514767933,0.06962025316455696,0.06645569620253164,0.759493670886076,0.25316455696202533,0.012658227848101266
-511.563197,158,6348.349475,21.0,0.869198312236287,0.06645569620253164,0.06582278481012659,0.759493670886076,0.25949367088607594,0.0189873417721519
-498.654126,158,6351.380203,24.0,0.8525316455696201,0.06962025316455696,0.06193490054249547,0.759493670886076,0.34810126582278483,0.10759493670886076
-506.995554,158,6354.402836,18.0,0.8860759493670886,0.06329113924050633,0.06329113924050633,0.759493670886076,0.34177215189873417,0.10126582278481013
-494.142222,158,6357.423735,22.0,0.8683544303797468,0.0759493670886076,0.0661543098251959,0.759493670886076,0.34177215189873417,0.10126582278481013
-491.077216,158,6360.489294,24.0,0.8502109704641351,0.07278481012658228,0.07215189873417721,0.759493670886076,0.33544303797468356,0.0949367088607595
-507.242213,158,6363.611276,24.0,0.849005424954792,0.06962025316455696,0.03955696202531646,0.759493670886076,0.31645569620253167,0.0759493670886076
-493.931415,158,6366.65222,3.0,0.9810126582278481,0.06329113924050633,0.06329113924050633,0.759493670886076,0.27848101265822783,0.0379746835443038
-488.91015,158,6369.745171,9.0,0.9451476793248944,0.06645569620253164,0.04683544303797468,0.759493670886076,0.2721518987341772,0.03164556962025317
-498.833012,158,6372.83419,12.0,0.9261603375527425,0.06540084388185653,0.05274261603375527,0.759493670886076,0.26582278481012656,0.02531645569620253
-491.980217,158,6375.891012,2.0,0.9873417721518988,0.06329113924050633,0.056962025316455694,0.7658227848101266,0.25316455696202533,0.0189873417721519
-498.670665,158,6378.947801,2.0,0.9873417721518988,0.06329113924050633,0.06329113924050633,0.7658227848101266,0.24050632911392406,0.006329113924050633
-500.750307,158,6382.001559,7.0,0.9556962025316456,0.06329113924050633,0.056962025316455694,0.7658227848101266,0.24050632911392406,0.006329113924050633
-475.549327,158,6384.993945,11.0,0.9356540084388184,0.06962025316455696,0.056329113924050635,0.7658227848101266,0.2468354430379747,0.012658227848101266
-478.852363,158,6388.059712,17.0,0.8987341772151899,0.06962025316455696,0.05063291139240506,0.7658227848101266,0.24050632911392406,0.006329113924050633
-492.471303,158,6391.081233,20.0,0.8734177215189873,0.06329113924050633,0.0379746835443038,0.7658227848101266,0.2468354430379747,0.012658227848101266
-470.387816,158,6394.128388,24.0,0.8523206751054854,0.07278481012658228,0.059599156118143454,0.7658227848101266,0.25316455696202533,0.0189873417721519
-487.228871,158,6397.276488,26.0,0.8354430379746836,0.06645569620253164,0.06118143459915611,0.759493670886076,0.2848101265822785,0.04430379746835443
-496.587053,158,6400.423766,37.0,0.7679324894514767,0.06962025316455696,0.02573839662447257,0.7658227848101266,0.3291139240506329,0.0949367088607595
-498.102694,158,6403.497047,28.0,0.8291139240506329,0.06962025316455696,0.056962025316455694,0.7784810126582279,0.25316455696202533,0.03164556962025317
-497.741445,158,6406.557607,38.0,0.770042194092827,0.0759493670886076,0.055696202531645575,0.759493670886076,0.2721518987341772,0.03164556962025317
-498.249138,158,6409.584563,33.0,0.7943037974683544,0.06962025316455696,0.0580168776371308,0.759493670886076,0.27848101265822783,0.0379746835443038
-484.829372,158,6412.590608,30.0,0.810126582278481,0.06329113924050633,0.04430379746835443,0.759493670886076,0.2911392405063291,0.05063291139240506
-503.849594,158,6415.636043,31.0,0.8037974683544303,0.06329113924050633,0.06329113924050633,0.7784810126582279,0.25316455696202533,0.03164556962025317
-498.105258,158,6418.715433,25.0,0.8486286919831224,0.08122362869198312,0.0630801687763713,0.7721518987341772,0.25316455696202533,0.02531645569620253
-497.710525,158,6421.772199,17.0,0.8924050632911392,0.06329113924050633,0.04430379746835443,0.7784810126582279,0.25949367088607594,0.0379746835443038
-483.322711,158,6424.773196,32.0,0.7974683544303798,0.06329113924050633,0.02531645569620253,0.7848101265822784,0.2468354430379747,0.03164556962025317
-489.246858,158,6427.852559,17.0,0.8924050632911392,0.06329113924050633,0.04430379746835443,0.7784810126582279,0.25949367088607594,0.0379746835443038
-491.630221,158,6430.88758,22.0,0.8628691983122362,0.06645569620253164,0.04683544303797468,0.7784810126582279,0.25949367088607594,0.0379746835443038
-496.042595,158,6433.95191,31.0,0.8090717299578059,0.07278481012658228,0.05063291139240506,0.7721518987341772,0.25316455696202533,0.02531645569620253
-509.138323,158,6436.953924,24.0,0.8517932489451475,0.07278481012658228,0.04936708860759494,0.759493670886076,0.2468354430379747,0.006329113924050633
-511.934911,158,6439.933635,15.0,0.9071729957805906,0.06540084388185653,0.04641350210970464,0.7784810126582279,0.2468354430379747,0.02531645569620253
-498.466366,158,6442.967829,26.0,0.8417721518987342,0.06962025316455696,0.04430379746835443,0.759493670886076,0.26582278481012656,0.02531645569620253
-493.301053,158,6445.965429,47.0,0.7167721518987342,0.08016877637130801,0.04020494273658831,0.7658227848101266,0.26582278481012656,0.03164556962025317
-489.470625,158,6448.976001,39.0,0.7626582278481012,0.0759493670886076,0.04852320675105485,0.759493670886076,0.2848101265822785,0.04430379746835443
-482.732355,158,6452.025108,54.0,0.670042194092827,0.08438818565400844,0.026582278481012654,0.759493670886076,0.2721518987341772,0.03164556962025317
-495.180624,158,6455.043327,28.0,0.8285864978902953,0.0780590717299578,0.06856540084388185,0.759493670886076,0.27848101265822783,0.0379746835443038
-505.841015,158,6458.030788,20.0,0.879746835443038,0.07278481012658228,0.05822784810126582,0.759493670886076,0.2721518987341772,0.03164556962025317
-482.734513,158,6461.039942,23.0,0.8649789029535866,0.08438818565400844,0.08270042194092826,0.759493670886076,0.310126582278481,0.06962025316455696
-502.528427,158,6464.058053,10.0,0.9367088607594937,0.06329113924050633,0.06329113924050633,0.759493670886076,0.2974683544303797,0.056962025316455694
-501.414706,158,6467.146562,28.0,0.8306962025316456,0.07383966244725738,0.05189873417721518,0.7658227848101266,0.27848101265822783,0.04430379746835443
-510.473922,158,6470.252277,15.0,0.9063291139240506,0.0780590717299578,0.07489451476793249,0.7721518987341772,0.24050632911392406,0.012658227848101266
-509.797338,158,6473.274452,8.0,0.9493670886075949,0.06329113924050633,0.06329113924050633,0.759493670886076,0.25949367088607594,0.0189873417721519
-504.632237,158,6476.311335,15.0,0.9050632911392406,0.06329113924050633,0.06329113924050633,0.759493670886076,0.2468354430379747,0.006329113924050633
-514.943332,158,6479.315613,16.0,0.8987341772151899,0.06540084388185653,0.06645569620253164,0.759493670886076,0.25316455696202533,0.012658227848101266
-499.635924,158,6482.38075,22.0,0.8660337552742615,0.06751054852320675,0.06793248945147679,0.759493670886076,0.26582278481012656,0.02531645569620253
-491.286023,158,6485.395486,14.0,0.9135021097046412,0.06962025316455696,0.070042194092827,0.759493670886076,0.2721518987341772,0.03164556962025317
-504.632305,158,6488.349385,23.0,0.8586497890295358,0.0780590717299578,0.07637130801687764,0.759493670886076,0.26582278481012656,0.02531645569620253
-511.656412,158,6491.341708,20.0,0.8783755274261603,0.0759493670886076,0.0701627486437613,0.759493670886076,0.2468354430379747,0.006329113924050633
-508.72305,158,6494.328759,24.0,0.8496835443037974,0.07172995780590717,0.0689873417721519,0.7658227848101266,0.24050632911392406,0.006329113924050633
-507.916643,158,6497.289261,34.0,0.7879746835443038,0.06540084388185653,0.053164556962025315,0.7658227848101266,0.2468354430379747,0.012658227848101266
-470.031553,158,6500.393148,31.0,0.8122362869198311,0.08016877637130801,0.07362869198312236,0.7658227848101266,0.2721518987341772,0.0379746835443038
-491.465971,158,6503.388057,23.0,0.8575949367088608,0.08755274261603375,0.08755274261603375,0.759493670886076,0.3227848101265823,0.08227848101265822
-498.725609,158,6506.32918,15.0,0.9135021097046412,0.07278481012658228,0.07215189873417721,0.759493670886076,0.3227848101265823,0.08227848101265822
-496.498294,158,6509.309986,13.0,0.9198312236286919,0.06962025316455696,0.070042194092827,0.759493670886076,0.2974683544303797,0.056962025316455694
-489.625751,158,6512.302361,13.0,0.9198312236286921,0.06645569620253164,0.06582278481012659,0.759493670886076,0.27848101265822783,0.0379746835443038
-484.303173,158,6515.326558,10.0,0.9367088607594937,0.06329113924050633,0.06329113924050633,0.7658227848101266,0.25949367088607594,0.02531645569620253
-488.646554,158,6518.316592,5.0,0.9683544303797469,0.06329113924050633,0.06329113924050633,0.7721518987341772,0.25316455696202533,0.02531645569620253
-481.034938,158,6521.526956,9.0,0.9430379746835443,0.06329113924050633,0.06329113924050633,0.7784810126582279,0.2468354430379747,0.02531645569620253
-477.403519,158,6524.493486,13.0,0.9177215189873418,0.06329113924050633,0.06329113924050633,0.810126582278481,0.25316455696202533,0.06329113924050633
-496.411089,158,6527.461386,7.0,0.9578059071729956,0.06962025316455696,0.070042194092827,0.8037974683544303,0.25316455696202533,0.056962025316455694
-483.105373,158,6530.464943,12.0,0.9240506329113924,0.06645569620253164,0.06751054852320675,0.7848101265822784,0.2468354430379747,0.03164556962025317
-493.634288,158,6533.542787,9.0,0.9462025316455697,0.06645569620253164,0.06645569620253164,0.7784810126582279,0.25316455696202533,0.03164556962025317
-504.04465,158,6536.523765,13.0,0.9198312236286919,0.06645569620253164,0.059493670886075954,0.7911392405063291,0.25316455696202533,0.04430379746835443
-493.340518,158,6539.546,24.0,0.8565400843881855,0.07753164556962025,0.06624472573839663,0.7848101265822784,0.24050632911392406,0.02531645569620253
-502.936278,158,6542.611666,22.0,0.8620253164556961,0.06856540084388185,0.04927667269439421,0.7848101265822784,0.24050632911392406,0.02531645569620253
-506.954507,158,6545.624999,26.0,0.8364978902953588,0.06645569620253164,0.03322784810126582,0.7848101265822784,0.24050632911392406,0.02531645569620253
-503.224645,158,6548.632929,13.0,0.9177215189873418,0.07278481012658228,0.06751054852320675,0.7784810126582279,0.2468354430379747,0.02531645569620253
-503.415342,158,6551.621392,11.0,0.930379746835443,0.06329113924050633,0.05063291139240506,0.7721518987341772,0.2468354430379747,0.0189873417721519
-494.084098,158,6554.642533,4.0,0.9746835443037974,0.06962025316455696,0.06962025316455696,0.7721518987341772,0.2721518987341772,0.04430379746835443
-501.237065,158,6557.683487,13.0,0.9177215189873418,0.06329113924050633,0.05063291139240506,0.759493670886076,0.25316455696202533,0.012658227848101266
-499.376554,158,6560.672147,6.0,0.9620253164556962,0.06645569620253164,0.05485232067510548,0.759493670886076,0.2468354430379747,0.006329113924050633
-494.741235,158,6563.767387,16.0,0.9082278481012658,0.0759493670886076,0.06118143459915611,0.759493670886076,0.25316455696202533,0.012658227848101266
-508.837316,158,6566.813183,12.0,0.9240506329113924,0.06645569620253164,0.05485232067510548,0.759493670886076,0.25949367088607594,0.0189873417721519
-503.312088,158,6569.863653,7.0,0.9556962025316456,0.06329113924050633,0.06329113924050633,0.759493670886076,0.25949367088607594,0.0189873417721519
-508.133474,158,6572.940752,6.0,0.9620253164556962,0.06329113924050633,0.056962025316455694,0.7721518987341772,0.25316455696202533,0.02531645569620253
-504.268065,158,6575.944236,3.0,0.9841772151898734,0.06645569620253164,0.06645569620253164,0.7721518987341772,0.25316455696202533,0.02531645569620253
-488.145002,158,6578.994764,12.0,0.9256329113924051,0.06645569620253164,0.06540084388185653,0.7721518987341772,0.25316455696202533,0.02531645569620253
-505.600885,158,6581.920931,21.0,0.8670886075949367,0.06329113924050633,0.0379746835443038,0.759493670886076,0.25949367088607594,0.0189873417721519
-506.249413,158,6584.877385,18.0,0.8924050632911392,0.07489451476793248,0.06139240506329113,0.7658227848101266,0.26582278481012656,0.03164556962025317
-503.101307,158,6587.837553,11.0,0.9335443037974683,0.07278481012658228,0.07489451476793248,0.7658227848101266,0.310126582278481,0.0759493670886076
-498.395013,158,6590.848408,7.0,0.9588607594936709,0.06645569620253164,0.06645569620253164,0.7784810126582279,0.27848101265822783,0.056962025316455694
-506.414052,158,6593.809635,5.0,0.9683544303797469,0.06329113924050633,0.06329113924050633,0.759493670886076,0.25949367088607594,0.0189873417721519
-500.938584,158,6596.79081,3.0,0.9810126582278481,0.06329113924050633,0.06329113924050633,0.7658227848101266,0.25316455696202533,0.0189873417721519
-497.341828,158,6599.769912,2.0,0.9873417721518988,0.06329113924050633,0.05063291139240506,0.7721518987341772,0.25949367088607594,0.03164556962025317
-513.507846,158,6602.856669,3.0,0.9810126582278481,0.06329113924050633,0.06329113924050633,0.7721518987341772,0.25949367088607594,0.03164556962025317
-505.263988,158,6605.836906,3.0,0.9810126582278481,0.06329113924050633,0.06329113924050633,0.7721518987341772,0.25949367088607594,0.03164556962025317
-501.134657,158,6608.835371,1.0,0.9936708860759493,0.06645569620253164,0.06751054852320675,0.7721518987341772,0.26582278481012656,0.0379746835443038
-504.149283,158,6611.864516,3.0,0.9810126582278481,0.06329113924050633,0.06329113924050633,0.7911392405063291,0.25316455696202533,0.04430379746835443
-506.506516,158,6614.888149,9.0,0.9430379746835443,0.06329113924050633,0.05063291139240506,0.7721518987341772,0.2468354430379747,0.0189873417721519
-496.271453,158,6617.878518,9.0,0.9430379746835443,0.06329113924050633,0.06329113924050633,0.7848101265822784,0.26582278481012656,0.05063291139240506
-485.912805,158,6620.859573,9.0,0.9430379746835443,0.06329113924050633,0.06329113924050633,0.7974683544303798,0.25949367088607594,0.056962025316455694
-499.540842,158,6623.80777,7.0,0.9556962025316456,0.06329113924050633,0.056962025316455694,0.7911392405063291,0.25949367088607594,0.05063291139240506
-491.300952,158,6626.760269,1.0,0.9936708860759493,0.06329113924050633,0.06329113924050633,0.7658227848101266,0.3037974683544304,0.06962025316455696
-490.798345,158,6629.783636,0.0,1.0,0.06329113924050633,0.06329113924050633,0.7721518987341772,0.35443037974683544,0.12658227848101267
-486.863188,158,6632.790299,3.0,0.9841772151898734,0.06540084388185653,0.06582278481012659,0.7658227848101266,0.3860759493670886,0.1518987341772152
-468.625957,158,6635.742131,4.0,0.9746835443037974,0.06329113924050633,0.05063291139240506,0.7658227848101266,0.41139240506329117,0.17721518987341772
-490.486884,158,6638.698036,6.0,0.9620253164556962,0.06329113924050633,0.06329113924050633,0.759493670886076,0.37341772151898733,0.13291139240506328
-494.923899,158,6641.654292,11.0,0.930379746835443,0.06329113924050633,0.05063291139240506,0.759493670886076,0.33544303797468356,0.0949367088607595
-504.688198,158,6644.649897,8.0,0.9525316455696202,0.06645569620253164,0.060126582278481014,0.7658227848101266,0.27848101265822783,0.04430379746835443
-493.158389,158,6647.659144,11.0,0.930379746835443,0.06329113924050633,0.056962025316455694,0.7721518987341772,0.25949367088607594,0.03164556962025317
-491.15735,158,6650.673875,11.0,0.930379746835443,0.06329113924050633,0.056962025316455694,0.7848101265822784,0.24050632911392406,0.02531645569620253
-488.533429,158,6653.705782,12.0,0.929324894514768,0.07172995780590717,0.056962025316455694,0.7784810126582279,0.25949367088607594,0.0379746835443038
-483.79719,158,6656.701049,14.0,0.9145569620253164,0.06645569620253164,0.05379746835443038,0.7721518987341772,0.25949367088607594,0.03164556962025317
-498.888096,158,6659.739176,10.0,0.9413502109704642,0.08227848101265822,0.06552139843279084,0.7721518987341772,0.2468354430379747,0.0189873417721519
-479.358785,158,6662.816561,14.0,0.9193037974683544,0.0759493670886076,0.060126582278481014,0.7721518987341772,0.26582278481012656,0.0379746835443038
-489.025412,158,6665.854649,27.0,0.8322784810126582,0.06962025316455696,0.07067510548523206,0.7658227848101266,0.2974683544303797,0.06329113924050633
-502.164349,158,6668.992947,38.0,0.7621308016877637,0.06962025316455696,0.06698312236286919,0.7721518987341772,0.31645569620253167,0.08860759493670886
-496.447392,158,6671.967112,29.0,0.8175105485232069,0.06540084388185653,0.06469760900140646,0.7784810126582279,0.2848101265822785,0.06329113924050633
-503.520198,158,6674.98287,19.0,0.8823839662447258,0.06856540084388185,0.06680731364275667,0.7911392405063291,0.25949367088607594,0.05063291139240506
-501.201618,158,6678.017722,33.0,0.7974683544303798,0.07383966244725738,0.057504520795660034,0.7911392405063291,0.25316455696202533,0.04430379746835443
-497.442743,158,6681.066735,35.0,0.7955696202531645,0.08860759493670886,0.08239903556359253,0.7784810126582279,0.2721518987341772,0.05063291139240506
-481.072086,158,6684.060629,37.0,0.7863924050632911,0.10232067510548525,0.091289933694997,0.7911392405063291,0.27848101265822783,0.06962025316455696
-497.222739,158,6687.136185,31.0,0.8116033755274262,0.0759493670886076,0.06017179023508137,0.7784810126582279,0.2848101265822785,0.06329113924050633
-491.212083,158,6690.135601,36.0,0.7737341772151899,0.06645569620253164,0.040084388185654005,0.7911392405063291,0.27848101265822783,0.06962025316455696
-489.120852,158,6693.196393,32.0,0.7987341772151899,0.07278481012658228,0.058770343580470154,0.7974683544303798,0.310126582278481,0.10759493670886076
-486.368018,158,6696.212579,12.0,0.9272151898734177,0.06856540084388185,0.056962025316455694,0.7784810126582279,0.33544303797468356,0.11392405063291139
-464.02868,158,6699.24434,8.0,0.950632911392405,0.06645569620253164,0.058770343580470154,0.759493670886076,0.4936708860759494,0.25316455696202533
-453.210719,158,6702.228992,2.0,0.9915611814345993,0.06751054852320675,0.06751054852320675,0.7658227848101266,0.5569620253164557,0.3227848101265823
-494.462972,158,6705.225089,7.0,0.9556962025316456,0.06329113924050633,0.06329113924050633,0.7658227848101266,0.3291139240506329,0.0949367088607595
-498.60667,158,6708.442126,9.0,0.9483122362869197,0.0759493670886076,0.05168776371308016,0.7658227848101266,0.2974683544303797,0.06329113924050633
-497.508922,158,6711.515794,4.0,0.9754746835443038,0.06962025316455696,0.0520393811533052,0.7974683544303798,0.25949367088607594,0.056962025316455694
-492.299609,158,6714.541337,9.0,0.9443037974683544,0.06962025316455696,0.03375527426160338,0.8164556962025317,0.25949367088607594,0.0759493670886076
-496.167538,158,6717.590834,8.0,0.9493670886075949,0.06329113924050633,0.0379746835443038,0.8291139240506329,0.25316455696202533,0.08227848101265822
-489.604004,158,6720.588045,8.0,0.9493670886075949,0.06329113924050633,0.04430379746835443,0.8481012658227848,0.25316455696202533,0.10126582278481013
-493.334906,158,6723.579967,6.0,0.9620253164556962,0.06329113924050633,0.056962025316455694,0.8227848101265823,0.25316455696202533,0.0759493670886076
-488.05055,158,6726.588443,4.0,0.9746835443037974,0.06329113924050633,0.05063291139240506,0.8354430379746836,0.25316455696202533,0.08860759493670886
-482.254519,158,6729.566005,6.0,0.9620253164556962,0.06329113924050633,0.06329113924050633,0.8291139240506329,0.2468354430379747,0.0759493670886076
-485.599094,158,6732.484791,10.0,0.9367088607594937,0.06329113924050633,0.06329113924050633,0.8164556962025317,0.24050632911392406,0.056962025316455694
-501.149275,158,6735.492645,6.0,0.9620253164556962,0.06329113924050633,0.056962025316455694,0.7784810126582279,0.24050632911392406,0.0189873417721519
-502.297853,158,6738.510988,10.0,0.9367088607594937,0.06329113924050633,0.04430379746835443,0.7974683544303798,0.24050632911392406,0.0379746835443038
-499.518533,158,6741.503265,9.0,0.9430379746835443,0.06329113924050633,0.0379746835443038,0.7721518987341772,0.24050632911392406,0.012658227848101266
-505.505551,158,6744.583783,6.0,0.9620253164556962,0.06329113924050633,0.05063291139240506,0.7658227848101266,0.2468354430379747,0.012658227848101266
-507.923418,158,6747.593571,6.0,0.9620253164556962,0.06329113924050633,0.056962025316455694,0.7658227848101266,0.2468354430379747,0.012658227848101266
-501.081006,158,6750.610575,9.0,0.9430379746835443,0.06645569620253164,0.06118143459915611,0.7721518987341772,0.25316455696202533,0.02531645569620253
-503.907553,158,6753.614441,9.0,0.9430379746835443,0.06329113924050633,0.05063291139240506,0.7658227848101266,0.25316455696202533,0.0189873417721519
-498.054686,158,6756.5967,5.0,0.9715189873417721,0.06645569620253164,0.060126582278481014,0.7784810126582279,0.25316455696202533,0.03164556962025317
-500.914026,158,6759.598521,6.0,0.9620253164556962,0.06329113924050633,0.05063291139240506,0.7721518987341772,0.2468354430379747,0.0189873417721519
-503.939812,158,6762.597156,4.0,0.9746835443037974,0.06329113924050633,0.05063291139240506,0.7658227848101266,0.25316455696202533,0.0189873417721519
-479.758268,158,6765.636261,4.0,0.9746835443037974,0.06329113924050633,0.06329113924050633,0.7974683544303798,0.2468354430379747,0.04430379746835443
-491.707569,158,6768.667697,7.0,0.9556962025316456,0.06645569620253164,0.06118143459915611,0.7848101265822784,0.2721518987341772,0.056962025316455694
-493.482395,158,6771.649537,6.0,0.9651898734177216,0.06540084388185653,0.06582278481012659,0.7974683544303798,0.2721518987341772,0.06962025316455696
-480.77718,158,6774.650127,7.0,0.9588607594936709,0.06962025316455696,0.05485232067510548,0.810126582278481,0.25949367088607594,0.06962025316455696
-476.678904,158,6777.695521,2.0,0.9873417721518988,0.06329113924050633,0.06329113924050633,0.8227848101265823,0.25316455696202533,0.0759493670886076
-475.431498,158,6780.709552,0.0,1.0,0.06329113924050633,0.06329113924050633,0.810126582278481,0.25316455696202533,0.06329113924050633
-479.648101,158,6783.712929,5.0,0.9683544303797469,0.06329113924050633,0.056962025316455694,0.7974683544303798,0.25316455696202533,0.05063291139240506
-482.71409,158,6786.736781,6.0,0.9620253164556962,0.06645569620253164,0.06751054852320675,0.7784810126582279,0.25949367088607594,0.0379746835443038
-490.607728,158,6789.760102,5.0,0.9715189873417721,0.06645569620253164,0.06645569620253164,0.7848101265822784,0.26582278481012656,0.05063291139240506
-487.43078,158,6792.75008,5.0,0.9683544303797469,0.06329113924050633,0.06329113924050633,0.7784810126582279,0.25949367088607594,0.0379746835443038
-484.777732,158,6795.783976,12.0,0.9261603375527425,0.06645569620253164,0.06582278481012659,0.7721518987341772,0.2848101265822785,0.056962025316455694
-478.868321,158,6798.827623,16.0,0.8987341772151899,0.06329113924050633,0.05063291139240506,0.7721518987341772,0.2911392405063291,0.06329113924050633
-466.187597,158,6801.83563,19.0,0.879746835443038,0.06329113924050633,0.04430379746835443,0.7658227848101266,0.3291139240506329,0.0949367088607595
-481.110632,158,6804.876376,25.0,0.8430379746835442,0.06645569620253164,0.0461121157323689,0.7658227848101266,0.33544303797468356,0.10126582278481013
-484.245701,158,6807.86361,14.0,0.9113924050632911,0.06329113924050633,0.056962025316455694,0.759493670886076,0.3227848101265823,0.08227848101265822
-499.106884,158,6810.830527,11.0,0.9356540084388184,0.07067510548523206,0.06311030741410488,0.759493670886076,0.2911392405063291,0.05063291139240506
-506.998867,158,6813.838288,12.0,0.9240506329113924,0.06329113924050633,0.0379746835443038,0.759493670886076,0.2721518987341772,0.03164556962025317
-512.901764,158,6816.808222,14.0,0.9113924050632911,0.06329113924050633,0.04430379746835443,0.759493670886076,0.25316455696202533,0.012658227848101266
-501.426726,158,6819.790128,0.0,1.0,0.06329113924050633,0.06329113924050633,0.7658227848101266,0.2721518987341772,0.0379746835443038
-499.371608,158,6822.793291,2.0,0.9873417721518988,0.06329113924050633,0.06329113924050633,0.7848101265822784,0.26582278481012656,0.05063291139240506
-509.632048,158,6825.747179,2.0,0.9873417721518988,0.06329113924050633,0.06329113924050633,0.7721518987341772,0.2468354430379747,0.0189873417721519
-500.172039,158,6828.712275,6.0,0.9620253164556962,0.06329113924050633,0.06329113924050633,0.7721518987341772,0.2468354430379747,0.0189873417721519
-503.180618,158,6831.684842,12.0,0.9240506329113924,0.06329113924050633,0.06329113924050633,0.759493670886076,0.27848101265822783,0.0379746835443038
-496.132831,158,6834.786226,9.0,0.9451476793248944,0.06645569620253164,0.06582278481012659,0.7658227848101266,0.27848101265822783,0.04430379746835443
-501.369064,158,6837.785203,7.0,0.9556962025316456,0.06329113924050633,0.06329113924050633,0.7658227848101266,0.2721518987341772,0.0379746835443038
-501.255548,158,6840.721214,10.0,0.9367088607594937,0.06645569620253164,0.06118143459915611,0.7658227848101266,0.26582278481012656,0.03164556962025317
-497.38,158,6843.715775,21.0,0.871308016877637,0.07911392405063292,0.07531645569620253,0.759493670886076,0.25949367088607594,0.0189873417721519
-503.343116,158,6846.74878,9.0,0.9430379746835443,0.06329113924050633,0.06329113924050633,0.7721518987341772,0.2468354430379747,0.0189873417721519
-498.660074,158,6849.81069,17.0,0.8955696202531646,0.06645569620253164,0.05379746835443038,0.8037974683544303,0.2468354430379747,0.05063291139240506
-489.291326,158,6852.787332,6.0,0.9632911392405062,0.06962025316455696,0.059071729957805914,0.7974683544303798,0.2468354430379747,0.04430379746835443
-496.911624,158,6855.750562,7.0,0.9556962025316456,0.06329113924050633,0.056962025316455694,0.7911392405063291,0.27848101265822783,0.06962025316455696
-492.982564,158,6858.713877,9.0,0.9462025316455697,0.06540084388185653,0.06582278481012659,0.7721518987341772,0.2848101265822785,0.056962025316455694
-496.040643,158,6861.65158,8.0,0.9493670886075949,0.06645569620253164,0.04852320675105485,0.7658227848101266,0.310126582278481,0.0759493670886076
-496.773761,158,6864.646936,3.0,0.9810126582278481,0.06329113924050633,0.05063291139240506,0.759493670886076,0.31645569620253167,0.0759493670886076
-483.23023,158,6867.615248,5.0,0.970464135021097,0.06540084388185653,0.046413502109704644,0.7721518987341772,0.310126582278481,0.08227848101265822
-497.486645,158,6870.608279,10.0,0.9367088607594937,0.06329113924050633,0.05063291139240506,0.7911392405063291,0.2974683544303797,0.08860759493670886
-484.384043,158,6873.579144,39.0,0.7563291139240507,0.06645569620253164,0.06645569620253164,0.8670886075949367,0.2468354430379747,0.11392405063291139
-499.835518,158,6876.602635,34.0,0.7945147679324894,0.08122362869198312,0.06835443037974684,0.8481012658227848,0.24050632911392406,0.08860759493670886
-496.436031,158,6879.593847,17.0,0.8955696202531646,0.06540084388185653,0.06582278481012659,0.7848101265822784,0.24050632911392406,0.02531645569620253
-493.177684,158,6882.620934,32.0,0.8101265822784809,0.08438818565400844,0.07215189873417721,0.7658227848101266,0.2468354430379747,0.012658227848101266
-503.060818,158,6885.617744,30.0,0.8117088607594937,0.07911392405063292,0.07637130801687764,0.7658227848101266,0.25316455696202533,0.0189873417721519
-498.950787,158,6888.565364,32.0,0.8043248945147679,0.07489451476793248,0.04578059071729958,0.759493670886076,0.2721518987341772,0.03164556962025317
-498.592489,158,6891.565596,35.0,0.7809674502712477,0.06962025316455696,0.04149085794655415,0.759493670886076,0.2911392405063291,0.05063291139240506
-492.11398,158,6894.539383,25.0,0.8417721518987342,0.06329113924050633,0.04430379746835443,0.759493670886076,0.2911392405063291,0.05063291139240506
-500.881605,158,6897.534292,3.0,0.9841772151898734,0.06962025316455696,0.06751054852320675,0.7721518987341772,0.2468354430379747,0.0189873417721519
-503.875097,158,6900.735196,15.0,0.9066455696202531,0.06645569620253164,0.0590717299578059,0.7658227848101266,0.25949367088607594,0.02531645569620253
-497.252747,158,6903.737474,9.0,0.9430379746835443,0.06329113924050633,0.056962025316455694,0.7658227848101266,0.25316455696202533,0.0189873417721519
-499.485699,158,6906.686221,1.0,0.9936708860759493,0.06329113924050633,0.06329113924050633,0.7721518987341772,0.2468354430379747,0.0189873417721519
-497.920358,158,6909.64419,1.0,0.9936708860759493,0.06329113924050633,0.06329113924050633,0.7911392405063291,0.25316455696202533,0.04430379746835443
-499.432871,158,6912.699274,1.0,0.9936708860759493,0.06329113924050633,0.06329113924050633,0.7848101265822784,0.25316455696202533,0.0379746835443038
-493.350232,158,6915.632404,3.0,0.9810126582278481,0.06329113924050633,0.06329113924050633,0.7974683544303798,0.2468354430379747,0.04430379746835443
-501.521593,158,6918.582747,8.0,0.9493670886075949,0.06329113924050633,0.06329113924050633,0.7784810126582279,0.2468354430379747,0.02531645569620253
-504.254621,158,6921.535893,18.0,0.8971518987341772,0.0780590717299578,0.07531645569620252,0.7721518987341772,0.24050632911392406,0.012658227848101266
-507.186124,158,6924.522384,11.0,0.930379746835443,0.06329113924050633,0.056962025316455694,0.7658227848101266,0.24050632911392406,0.006329113924050633
-505.462341,158,6927.487612,6.0,0.9651898734177216,0.06856540084388185,0.06962025316455696,0.7721518987341772,0.24050632911392406,0.012658227848101266
-500.503134,158,6930.50078,6.0,0.9620253164556962,0.06329113924050633,0.06329113924050633,0.7848101265822784,0.24050632911392406,0.02531645569620253
-503.384469,158,6933.476181,16.0,0.9013713080168776,0.06856540084388185,0.060352622061482813,0.7721518987341772,0.24050632911392406,0.012658227848101266
-505.258591,158,6936.419512,8.0,0.9493670886075949,0.06329113924050633,0.06329113924050633,0.7974683544303798,0.24050632911392406,0.0379746835443038
-498.667684,158,6939.375803,13.0,0.9177215189873418,0.06329113924050633,0.06329113924050633,0.7911392405063291,0.24050632911392406,0.03164556962025317
-510.807019,158,6942.372393,5.0,0.9683544303797469,0.06329113924050633,0.06329113924050633,0.8037974683544303,0.24050632911392406,0.04430379746835443
-485.751694,158,6945.419216,26.0,0.8417721518987342,0.07911392405063292,0.07594936708860758,0.7721518987341772,0.2721518987341772,0.04430379746835443
-498.530694,158,6948.40857,24.0,0.8512658227848101,0.06962025316455696,0.06751054852320675,0.7721518987341772,0.2721518987341772,0.04430379746835443
-492.620724,158,6951.438569,15.0,0.9050632911392406,0.06329113924050633,0.056962025316455694,0.7658227848101266,0.27848101265822783,0.04430379746835443
-502.169493,158,6954.405477,10.0,0.9367088607594937,0.06329113924050633,0.06329113924050633,0.7658227848101266,0.25949367088607594,0.02531645569620253
-501.698716,158,6957.363933,1.0,0.9936708860759493,0.06329113924050633,0.06329113924050633,0.7721518987341772,0.26582278481012656,0.0379746835443038
-505.936281,158,6960.366843,3.0,0.9810126582278481,0.06329113924050633,0.06329113924050633,0.7848101265822784,0.25316455696202533,0.0379746835443038
-503.49441,158,6963.335071,6.0,0.9620253164556962,0.06329113924050633,0.06329113924050633,0.7911392405063291,0.2468354430379747,0.0379746835443038
-503.198031,158,6966.270361,0.0,1.0,0.06329113924050633,0.06329113924050633,0.7721518987341772,0.2468354430379747,0.0189873417721519
-483.754082,158,6969.217155,0.0,1.0,0.06329113924050633,0.06329113924050633,0.7784810126582279,0.2468354430379747,0.02531645569620253
-485.002778,158,6972.188537,2.0,0.9873417721518988,0.06329113924050633,0.06329113924050633,0.7784810126582279,0.2468354430379747,0.02531645569620253
-464.927312,158,6975.178181,2.0,0.9873417721518988,0.06329113924050633,0.06329113924050633,0.7784810126582279,0.24050632911392406,0.0189873417721519
-478.97834,158,6978.166114,6.0,0.9620253164556962,0.06329113924050633,0.056962025316455694,0.7911392405063291,0.24050632911392406,0.03164556962025317
-483.94723,158,6981.226017,16.0,0.8987341772151899,0.06329113924050633,0.06329113924050633,0.7784810126582279,0.2468354430379747,0.02531645569620253
-489.755968,158,6984.233452,17.0,0.8924050632911392,0.06645569620253164,0.06751054852320675,0.7721518987341772,0.2848101265822785,0.056962025316455694
-501.291823,158,6987.198798,15.0,0.9071729957805906,0.06962025316455696,0.06645569620253164,0.7721518987341772,0.2721518987341772,0.04430379746835443
-509.542069,158,6990.155298,9.0,0.9430379746835443,0.06329113924050633,0.05063291139240506,0.7784810126582279,0.24050632911392406,0.0189873417721519
-507.354902,158,6993.174558,9.0,0.9430379746835443,0.06329113924050633,0.06329113924050633,0.7848101265822784,0.25316455696202533,0.0379746835443038
-514.033393,158,6996.203967,3.0,0.9810126582278481,0.06329113924050633,0.056962025316455694,0.7784810126582279,0.2468354430379747,0.02531645569620253
-511.414468,158,6999.240182,1.0,0.9936708860759493,0.06329113924050633,0.06329113924050633,0.7911392405063291,0.2468354430379747,0.0379746835443038
-504.689617,158,7002.23672,6.0,0.9620253164556962,0.06329113924050633,0.04430379746835443,0.7784810126582279,0.2721518987341772,0.05063291139240506
-491.153059,158,7005.18674,9.0,0.9430379746835443,0.06329113924050633,0.056962025316455694,0.7848101265822784,0.26582278481012656,0.05063291139240506
-502.356003,158,7008.162369,10.0,0.938818565400844,0.06962025316455696,0.060126582278481014,0.7974683544303798,0.2721518987341772,0.06962025316455696
-513.825471,158,7011.12506,14.0,0.9113924050632911,0.06329113924050633,0.04430379746835443,0.7911392405063291,0.25949367088607594,0.05063291139240506
-494.50323,158,7014.111847,16.0,0.8987341772151899,0.06329113924050633,0.04430379746835443,0.7974683544303798,0.24050632911392406,0.0379746835443038
-489.435894,158,7017.103714,9.0,0.9430379746835443,0.06329113924050633,0.05063291139240506,0.7974683544303798,0.25949367088607594,0.056962025316455694
-448.973595,158,7020.131837,38.0,0.7808016877637131,0.10759493670886076,0.053285111512959615,0.7911392405063291,0.27848101265822783,0.06962025316455696
-501.607274,158,7023.160794,18.0,0.8860759493670886,0.06329113924050633,0.0379746835443038,0.7911392405063291,0.2911392405063291,0.08227848101265822
-500.820404,158,7026.238361,30.0,0.811392405063291,0.06540084388185653,0.06487341772151899,0.810126582278481,0.25316455696202533,0.06329113924050633
-486.024451,158,7029.32156,27.0,0.8324894514767932,0.07278481012658228,0.07185051235684146,0.8164556962025317,0.25949367088607594,0.0759493670886076
-501.817369,158,7032.337309,25.0,0.8475738396624474,0.07172995780590717,0.0321880650994575,0.8164556962025317,0.24050632911392406,0.056962025316455694
-500.51428,158,7035.394851,21.0,0.8691983122362869,0.06645569620253164,0.04683544303797468,0.7974683544303798,0.2468354430379747,0.04430379746835443
-506.162129,158,7038.436075,22.0,0.8639240506329114,0.06645569620253164,0.04746835443037975,0.8037974683544303,0.25316455696202533,0.056962025316455694
-480.009865,158,7041.529954,21.0,0.8670886075949367,0.06329113924050633,0.0379746835443038,0.810126582278481,0.2468354430379747,0.056962025316455694
-505.240805,158,7044.612883,15.0,0.9066455696202531,0.06645569620253164,0.04641350210970464,0.8037974683544303,0.25316455696202533,0.056962025316455694
-492.668822,158,7047.679806,16.0,0.9018987341772152,0.06645569620253164,0.05379746835443038,0.7911392405063291,0.24050632911392406,0.03164556962025317
-503.77635,158,7050.70183,12.0,0.9240506329113924,0.06329113924050633,0.0379746835443038,0.7721518987341772,0.24050632911392406,0.012658227848101266
-496.721467,158,7053.769704,22.0,0.8639240506329114,0.06645569620253164,0.04113924050632911,0.7911392405063291,0.24050632911392406,0.03164556962025317
-507.622039,158,7056.813869,5.0,0.9683544303797469,0.06329113924050633,0.06329113924050633,0.7721518987341772,0.24050632911392406,0.012658227848101266
-514.934768,158,7059.911809,12.0,0.9287974683544303,0.06962025316455696,0.06223628691983121,0.7658227848101266,0.2468354430379747,0.012658227848101266
-513.96355,158,7062.961558,6.0,0.9620253164556962,0.06329113924050633,0.06329113924050633,0.7721518987341772,0.25316455696202533,0.02531645569620253
-503.622979,158,7065.934782,7.0,0.9629294755877034,0.0759493670886076,0.07524613220815753,0.7848101265822784,0.24050632911392406,0.02531645569620253
-509.882466,158,7068.965931,16.0,0.9050632911392406,0.06962025316455696,0.056962025316455694,0.7848101265822784,0.24050632911392406,0.02531645569620253
-500.754749,158,7072.025254,10.0,0.939873417721519,0.06540084388185653,0.06582278481012659,0.7721518987341772,0.24050632911392406,0.012658227848101266
-513.131553,158,7075.076591,22.0,0.8623417721518988,0.06645569620253164,0.06540084388185653,0.7974683544303798,0.24050632911392406,0.0379746835443038
-503.696009,158,7078.177161,14.0,0.9156118143459917,0.06962025316455696,0.0680379746835443,0.7974683544303798,0.24050632911392406,0.0379746835443038
-504.55907,158,7081.282021,11.0,0.930379746835443,0.06329113924050633,0.06329113924050633,0.7974683544303798,0.24050632911392406,0.0379746835443038
-506.355617,158,7084.342969,8.0,0.950632911392405,0.06645569620253164,0.06509945750452079,0.7911392405063291,0.24050632911392406,0.03164556962025317
-476.52567,158,7087.341394,10.0,0.941139240506329,0.07489451476793248,0.07248342374924653,0.7911392405063291,0.2468354430379747,0.0379746835443038
-493.386371,158,7090.449692,10.0,0.939873417721519,0.06962025316455696,0.06751054852320675,0.810126582278481,0.24050632911392406,0.05063291139240506
-501.849197,158,7093.566215,12.0,0.9240506329113924,0.06329113924050633,0.06329113924050633,0.7974683544303798,0.24050632911392406,0.0379746835443038
-498.729327,158,7096.862781,5.0,0.9715189873417721,0.06645569620253164,0.06645569620253164,0.7848101265822784,0.24050632911392406,0.02531645569620253
-495.246447,158,7099.911418,9.0,0.9430379746835443,0.06329113924050633,0.06329113924050633,0.7721518987341772,0.25316455696202533,0.02531645569620253
-462.983209,158,7102.935668,4.0,0.9746835443037974,0.06329113924050633,0.06329113924050633,0.7784810126582279,0.25949367088607594,0.0379746835443038
-488.347743,158,7105.987508,7.0,0.9572784810126582,0.06962025316455696,0.06962025316455696,0.7784810126582279,0.25949367088607594,0.0379746835443038
-493.96439,158,7109.015158,6.0,0.9641350210970463,0.06645569620253164,0.06582278481012659,0.7784810126582279,0.25316455696202533,0.03164556962025317
-483.435855,158,7112.062358,4.0,0.9762658227848101,0.06645569620253164,0.06540084388185653,0.7784810126582279,0.25949367088607594,0.0379746835443038
-489.610352,158,7115.061052,10.0,0.9388185654008437,0.06645569620253164,0.06582278481012659,0.759493670886076,0.27848101265822783,0.0379746835443038
-494.174164,158,7118.050878,5.0,0.9683544303797469,0.06329113924050633,0.06329113924050633,0.7658227848101266,0.34810126582278483,0.11392405063291139
-479.920003,158,7121.029431,5.0,0.969409282700422,0.06645569620253164,0.06487341772151899,0.759493670886076,0.35443037974683544,0.11392405063291139
-488.343789,158,7124.016624,6.0,0.9662447257383967,0.07278481012658228,0.06909282700421941,0.759493670886076,0.37341772151898733,0.13291139240506328
-488.756621,158,7127.003792,9.0,0.9451476793248944,0.06645569620253164,0.06582278481012659,0.759493670886076,0.34810126582278483,0.10759493670886076
-494.901351,158,7129.992142,13.0,0.9198312236286919,0.06645569620253164,0.059493670886075954,0.7658227848101266,0.3291139240506329,0.0949367088607595
-498.631855,158,7133.012234,16.0,0.90084388185654,0.06645569620253164,0.059493670886075954,0.7658227848101266,0.3037974683544304,0.06962025316455696
-490.6272,158,7136.062057,18.0,0.8897679324894515,0.07278481012658228,0.06856540084388185,0.7721518987341772,0.310126582278481,0.08227848101265822
-486.007097,158,7139.094873,11.0,0.944620253164557,0.08491561181434598,0.08143459915611814,0.7784810126582279,0.3291139240506329,0.10759493670886076
-489.755008,158,7142.057596,14.0,0.9124472573839664,0.06645569620253164,0.058544303797468354,0.7974683544303798,0.2974683544303797,0.0949367088607595
-484.051083,158,7145.061792,15.0,0.9050632911392406,0.06329113924050633,0.06329113924050633,0.7974683544303798,0.3037974683544304,0.10126582278481013
-492.229822,158,7148.036478,11.0,0.9335443037974683,0.06645569620253164,0.06645569620253164,0.8164556962025317,0.2721518987341772,0.08860759493670886
-499.360323,158,7151.03821,9.0,0.9430379746835443,0.06329113924050633,0.06329113924050633,0.8164556962025317,0.25316455696202533,0.06962025316455696
-483.59236,158,7154.000749,6.0,0.9672995780590716,0.06856540084388185,0.06835443037974684,0.8291139240506329,0.25316455696202533,0.08227848101265822
-500.971625,158,7156.962219,10.0,0.9367088607594937,0.06540084388185653,0.06645569620253164,0.8607594936708861,0.24050632911392406,0.10126582278481013
-499.269717,158,7160.028553,7.0,0.9556962025316456,0.06329113924050633,0.06329113924050633,0.8544303797468354,0.25949367088607594,0.11392405063291139
-485.664469,158,7163.025864,4.0,0.9746835443037974,0.06329113924050633,0.06329113924050633,0.8481012658227848,0.25949367088607594,0.10759493670886076
-482.821962,158,7166.081508,4.0,0.9746835443037974,0.06329113924050633,0.06329113924050633,0.8481012658227848,0.25316455696202533,0.10126582278481013
-489.143569,158,7169.16021,6.0,0.9620253164556962,0.06329113924050633,0.06329113924050633,0.8481012658227848,0.26582278481012656,0.11392405063291139
-485.083698,158,7172.129167,8.0,0.9567510548523208,0.06962025316455696,0.06371308016877637,0.8227848101265823,0.25949367088607594,0.08227848101265822
-489.32677,158,7175.127397,16.0,0.8987341772151899,0.06329113924050633,0.06329113924050633,0.7974683544303798,0.2974683544303797,0.0949367088607595
-510.089724,158,7178.165244,7.0,0.9556962025316456,0.06329113924050633,0.06329113924050633,0.7911392405063291,0.26582278481012656,0.056962025316455694
-497.45561,158,7181.144257,22.0,0.8628691983122362,0.07067510548523206,0.06645569620253164,0.8037974683544303,0.25949367088607594,0.06329113924050633
-497.350683,158,7184.170672,19.0,0.879746835443038,0.06329113924050633,0.056962025316455694,0.7848101265822784,0.2911392405063291,0.0759493670886076
-495.611032,158,7187.203768,29.0,0.8259493670886076,0.07911392405063292,0.05379746835443038,0.8037974683544303,0.27848101265822783,0.08227848101265822
-490.35133,158,7190.266333,9.0,0.9430379746835443,0.06645569620253164,0.06118143459915611,0.8227848101265823,0.2911392405063291,0.11392405063291139
-504.179467,158,7193.263114,6.0,0.9620253164556962,0.06329113924050633,0.06329113924050633,0.8164556962025317,0.25949367088607594,0.0759493670886076
-510.780971,158,7196.296217,11.0,0.930379746835443,0.06329113924050633,0.056962025316455694,0.7974683544303798,0.25949367088607594,0.056962025316455694
-514.649816,158,7199.336645,13.0,0.9177215189873418,0.06329113924050633,0.06329113924050633,0.7911392405063291,0.25949367088607594,0.05063291139240506
-513.97155,158,7202.411784,11.0,0.9335443037974683,0.06645569620253164,0.05379746835443038,0.7974683544303798,0.25316455696202533,0.05063291139240506
-502.813057,158,7205.44564,9.0,0.9430379746835443,0.06329113924050633,0.056962025316455694,0.8164556962025317,0.25316455696202533,0.06962025316455696
-509.702303,158,7208.477536,8.0,0.9493670886075949,0.06329113924050633,0.056962025316455694,0.8037974683544303,0.25316455696202533,0.056962025316455694
-508.070687,158,7211.443268,6.0,0.9651898734177216,0.06645569620253164,0.06645569620253164,0.7911392405063291,0.25316455696202533,0.04430379746835443
-506.292807,158,7214.442458,5.0,0.9715189873417721,0.06645569620253164,0.06645569620253164,0.7974683544303798,0.2468354430379747,0.04430379746835443
-499.050938,158,7217.45751,8.0,0.9493670886075949,0.06329113924050633,0.056962025316455694,0.8037974683544303,0.24050632911392406,0.04430379746835443
-502.001963,158,7220.434509,5.0,0.9683544303797469,0.06329113924050633,0.06329113924050633,0.7911392405063291,0.24050632911392406,0.03164556962025317
-512.324592,158,7223.403114,6.0,0.9651898734177216,0.06645569620253164,0.06645569620253164,0.7911392405063291,0.24050632911392406,0.03164556962025317
-501.623941,158,7226.369145,12.0,0.9293248945147679,0.07278481012658228,0.070042194092827,0.7848101265822784,0.24050632911392406,0.02531645569620253
-517.76713,158,7229.413881,9.0,0.9430379746835443,0.06329113924050633,0.06329113924050633,0.7911392405063291,0.24050632911392406,0.03164556962025317
-501.572077,158,7232.455255,14.0,0.9145569620253164,0.06962025316455696,0.06751054852320675,0.7784810126582279,0.25316455696202533,0.03164556962025317
-514.895399,158,7235.402992,11.0,0.930379746835443,0.06329113924050633,0.056962025316455694,0.7848101265822784,0.25316455696202533,0.0379746835443038
-505.585352,158,7238.435723,8.0,0.9514767932489451,0.06962025316455696,0.06645569620253164,0.7848101265822784,0.24050632911392406,0.02531645569620253
-509.091552,158,7241.385715,7.0,0.9556962025316456,0.06329113924050633,0.06329113924050633,0.7784810126582279,0.24050632911392406,0.0189873417721519
-511.04376,158,7244.358332,8.0,0.9493670886075949,0.06329113924050633,0.06329113924050633,0.7974683544303798,0.24050632911392406,0.0379746835443038
-509.445018,158,7247.35763,6.0,0.9651898734177216,0.07172995780590717,0.07067510548523206,0.7848101265822784,0.2468354430379747,0.03164556962025317
-492.371744,158,7250.369088,11.0,0.9324894514767931,0.06645569620253164,0.06582278481012659,0.7974683544303798,0.2468354430379747,0.04430379746835443
-497.505363,158,7253.414579,8.0,0.9493670886075949,0.06329113924050633,0.06329113924050633,0.7911392405063291,0.25949367088607594,0.05063291139240506
-508.863446,158,7256.450056,10.0,0.9388185654008437,0.06645569620253164,0.06582278481012659,0.8037974683544303,0.25316455696202533,0.056962025316455694
-499.670718,158,7259.422663,15.0,0.9050632911392406,0.06329113924050633,0.056962025316455694,0.810126582278481,0.25949367088607594,0.06962025316455696
-499.121202,158,7262.494555,11.0,0.9335443037974683,0.06645569620253164,0.06645569620253164,0.8037974683544303,0.25316455696202533,0.056962025316455694
-515.450988,158,7265.492264,4.0,0.9746835443037974,0.06329113924050633,0.05063291139240506,0.7974683544303798,0.25316455696202533,0.05063291139240506
-516.939937,158,7268.513061,8.0,0.9493670886075949,0.06329113924050633,0.06329113924050633,0.7911392405063291,0.25316455696202533,0.04430379746835443
-516.962455,158,7271.564162,7.0,0.959563994374121,0.0759493670886076,0.056118143459915615,0.7974683544303798,0.25316455696202533,0.05063291139240506
-516.852232,158,7274.592254,14.0,0.9126582278481012,0.06962025316455696,0.059071729957805914,0.7974683544303798,0.2468354430379747,0.04430379746835443
-513.358596,158,7277.619597,44.0,0.7267932489451477,0.07172995780590717,0.03481012658227848,0.8037974683544303,0.2468354430379747,0.05063291139240506
-516.202021,158,7280.580354,25.0,0.8438818565400843,0.06645569620253164,0.04050632911392405,0.810126582278481,0.2468354430379747,0.056962025316455694
-510.932465,158,7283.596382,21.0,0.870253164556962,0.07278481012658228,0.03481012658227848,0.8037974683544303,0.24050632911392406,0.04430379746835443
-489.732701,158,7286.651591,21.0,0.871308016877637,0.08333333333333333,0.057172995780590714,0.8164556962025317,0.24050632911392406,0.056962025316455694
-499.791476,158,7289.817375,17.0,0.8955696202531646,0.06540084388185653,0.06582278481012659,0.8291139240506329,0.24050632911392406,0.06962025316455696
-508.772113,158,7292.821506,29.0,0.8164556962025317,0.06329113924050633,0.05063291139240506,0.8417721518987342,0.24050632911392406,0.08227848101265822
-503.706421,158,7295.738159,18.0,0.8860759493670886,0.06329113924050633,0.056962025316455694,0.8607594936708861,0.2468354430379747,0.10759493670886076
-504.604677,158,7298.717669,31.0,0.8069620253164557,0.06540084388185653,0.04683544303797468,0.8291139240506329,0.24050632911392406,0.06962025316455696
-504.169413,158,7301.723222,26.0,0.8354430379746836,0.06329113924050633,0.056962025316455694,0.8227848101265823,0.24050632911392406,0.06329113924050633
-510.283338,158,7304.773368,27.0,0.8291139240506329,0.06329113924050633,0.06329113924050633,0.7974683544303798,0.2468354430379747,0.04430379746835443
-501.142231,158,7307.79,23.0,0.8544303797468354,0.06329113924050633,0.056962025316455694,0.8227848101265823,0.24050632911392406,0.06329113924050633
-506.705289,158,7310.845563,25.0,0.8430379746835442,0.06856540084388185,0.04294755877034358,0.7911392405063291,0.24050632911392406,0.03164556962025317
-508.923446,158,7313.884014,19.0,0.8829113924050633,0.07278481012658228,0.07489451476793248,0.8037974683544303,0.24050632911392406,0.04430379746835443
-507.551874,158,7316.905107,12.0,0.9240506329113924,0.06329113924050633,0.06329113924050633,0.810126582278481,0.24050632911392406,0.05063291139240506
-502.292416,158,7319.932043,14.0,0.9113924050632911,0.06329113924050633,0.06329113924050633,0.8227848101265823,0.24050632911392406,0.06329113924050633
-512.561531,158,7322.912683,12.0,0.9240506329113924,0.06329113924050633,0.06329113924050633,0.8164556962025317,0.2468354430379747,0.06329113924050633
-509.191473,158,7325.860445,13.0,0.9189873417721518,0.06856540084388185,0.06909282700421941,0.7911392405063291,0.2468354430379747,0.0379746835443038
-514.047529,158,7328.802674,24.0,0.8533755274261602,0.06856540084388185,0.06835443037974684,0.7848101265822784,0.25949367088607594,0.04430379746835443
-502.530902,158,7331.765429,29.0,0.8277426160337552,0.07700421940928269,0.07521097046413502,0.8417721518987342,0.24050632911392406,0.08227848101265822
-497.366295,158,7334.800437,27.0,0.8356540084388185,0.07172995780590717,0.07056962025316456,0.8670886075949367,0.24050632911392406,0.10759493670886076
-495.668622,158,7337.890908,23.0,0.8565400843881855,0.06645569620253164,0.053164556962025315,0.8734177215189873,0.24050632911392406,0.11392405063291139
-498.756903,158,7340.950272,27.0,0.8291139240506329,0.06329113924050633,0.04430379746835443,0.8544303797468354,0.24050632911392406,0.0949367088607595
-491.501614,158,7344.017677,22.0,0.8607594936708861,0.06329113924050633,0.05063291139240506,0.8607594936708861,0.24050632911392406,0.10126582278481013
-350.729989,158,7347.012259,54.0,0.6893459915611814,0.12236286919831223,0.06977094635322484,0.8481012658227848,0.24050632911392406,0.08860759493670886
-477.047508,158,7350.031,24.0,0.8481012658227848,0.06645569620253164,0.04852320675105485,0.8227848101265823,0.2468354430379747,0.06962025316455696
-500.372815,158,7353.103759,29.0,0.8164556962025317,0.06329113924050633,0.03164556962025317,0.7721518987341772,0.25316455696202533,0.02531645569620253
-479.937467,158,7356.164234,39.0,0.7610759493670886,0.08227848101265822,0.0482218203737191,0.7721518987341772,0.25949367088607594,0.03164556962025317
-493.652703,158,7359.225855,35.0,0.7816455696202531,0.06540084388185653,0.04050632911392405,0.759493670886076,0.25949367088607594,0.0189873417721519
-496.819997,158,7362.269702,18.0,0.8860759493670886,0.06329113924050633,0.0379746835443038,0.7911392405063291,0.24050632911392406,0.03164556962025317
-471.353988,158,7365.290669,12.0,0.9240506329113924,0.06329113924050633,0.0379746835443038,0.8164556962025317,0.24050632911392406,0.056962025316455694
-508.303225,158,7368.315533,13.0,0.9208860759493671,0.06645569620253164,0.04746835443037975,0.8037974683544303,0.2468354430379747,0.05063291139240506
-520.243105,158,7371.282654,12.0,0.9240506329113924,0.06329113924050633,0.06329113924050633,0.8037974683544303,0.24050632911392406,0.04430379746835443
-510.120232,158,7374.307257,10.0,0.9367088607594937,0.06645569620253164,0.05485232067510548,0.8037974683544303,0.24050632911392406,0.04430379746835443
-511.908389,158,7377.328292,12.0,0.9240506329113924,0.06329113924050633,0.056962025316455694,0.8037974683544303,0.24050632911392406,0.04430379746835443
-502.609777,158,7380.387419,10.0,0.9367088607594937,0.06329113924050633,0.05063291139240506,0.7911392405063291,0.24050632911392406,0.03164556962025317
-514.368612,158,7383.38853,12.0,0.9251054852320676,0.06962025316455696,0.058770343580470154,0.7974683544303798,0.2468354430379747,0.04430379746835443
-498.990589,158,7386.409435,7.0,0.960970464135021,0.06856540084388185,0.06223628691983121,0.7974683544303798,0.24050632911392406,0.0379746835443038
-515.171625,158,7389.423465,11.0,0.930379746835443,0.06329113924050633,0.056962025316455694,0.7721518987341772,0.24050632911392406,0.012658227848101266
-497.650265,158,7392.442057,11.0,0.930379746835443,0.06329113924050633,0.0379746835443038,0.810126582278481,0.24050632911392406,0.05063291139240506
-504.308419,158,7395.453781,9.0,0.9430379746835443,0.06329113924050633,0.056962025316455694,0.7848101265822784,0.2468354430379747,0.03164556962025317
-513.844536,158,7398.427217,9.0,0.9430379746835443,0.06329113924050633,0.04430379746835443,0.7784810126582279,0.25316455696202533,0.03164556962025317
-527.257363,158,7401.383018,9.0,0.9430379746835443,0.06329113924050633,0.056962025316455694,0.7784810126582279,0.26582278481012656,0.04430379746835443
-515.022363,158,7404.36397,25.0,0.8417721518987342,0.06329113924050633,0.05063291139240506,0.7848101265822784,0.27848101265822783,0.06329113924050633
-497.347288,158,7407.391308,24.0,0.8496835443037974,0.06962025316455696,0.04050632911392405,0.7784810126582279,0.2848101265822785,0.06329113924050633
-505.18798,158,7410.384946,23.0,0.8597046413502111,0.06751054852320675,0.048945147679324896,0.7784810126582279,0.2848101265822785,0.06329113924050633
-522.564369,158,7413.349668,24.0,0.8502109704641349,0.06540084388185653,0.040084388185654005,0.7658227848101266,0.3037974683544304,0.06962025316455696
-517.219851,158,7416.335143,22.0,0.8618143459915613,0.06962025316455696,0.039783001808318265,0.7721518987341772,0.310126582278481,0.08227848101265822
-504.421563,158,7419.307081,19.0,0.8839662447257385,0.07278481012658228,0.04294755877034358,0.759493670886076,0.34810126582278483,0.10759493670886076
-493.344495,158,7422.278684,12.0,0.9272151898734177,0.07278481012658228,0.048945147679324896,0.759493670886076,0.3670886075949367,0.12658227848101267
-518.40446,158,7425.248397,16.0,0.8987341772151899,0.06329113924050633,0.04430379746835443,0.759493670886076,0.3670886075949367,0.12658227848101267
-498.994699,158,7428.200088,20.0,0.881012658227848,0.0759493670886076,0.053496081977094635,0.759493670886076,0.33544303797468356,0.0949367088607595
-514.607174,158,7431.147521,15.0,0.9082278481012658,0.06962025316455696,0.04219409282700422,0.759493670886076,0.3670886075949367,0.12658227848101267
-489.046701,158,7434.139728,13.0,0.9198312236286919,0.0759493670886076,0.07278481012658228,0.759493670886076,0.4050632911392405,0.16455696202531644
-490.445545,158,7437.093656,20.0,0.8755274261603374,0.06962025316455696,0.06645569620253164,0.759493670886076,0.3987341772151899,0.15822784810126583
-502.263094,158,7440.074104,20.0,0.8778481012658227,0.07383966244725738,0.06268836648583484,0.7658227848101266,0.3860759493670886,0.1518987341772152
-485.025419,158,7443.078997,22.0,0.865506329113924,0.0759493670886076,0.070042194092827,0.7658227848101266,0.3860759493670886,0.1518987341772152
-483.706203,158,7446.014823,22.0,0.8691983122362869,0.07067510548523206,0.05843881856540085,0.7784810126582279,0.3670886075949367,0.14556962025316456
-490.445882,158,7449.039353,24.0,0.8533755274261602,0.07067510548523206,0.039873417721518985,0.7911392405063291,0.3291139240506329,0.12025316455696203
-485.137248,158,7452.021616,19.0,0.879746835443038,0.06329113924050633,0.04430379746835443,0.8607594936708861,0.2974683544303797,0.15822784810126583
-487.609309,158,7455.049192,8.0,0.9493670886075949,0.06329113924050633,0.06329113924050633,0.879746835443038,0.2721518987341772,0.1518987341772152
-481.935471,158,7458.105529,13.0,0.9177215189873418,0.06329113924050633,0.056962025316455694,0.8544303797468354,0.25949367088607594,0.11392405063291139
-495.703379,158,7461.146055,8.0,0.9541139240506329,0.07172995780590717,0.06835443037974684,0.8037974683544303,0.26582278481012656,0.06962025316455696
-503.815461,158,7464.178511,22.0,0.8639240506329114,0.06540084388185653,0.059493670886075954,0.7911392405063291,0.2468354430379747,0.0379746835443038
-508.945054,158,7467.17208,27.0,0.8291139240506329,0.06329113924050633,0.05063291139240506,0.7721518987341772,0.25949367088607594,0.03164556962025317
-501.975407,158,7470.166523,16.0,0.8987341772151899,0.06329113924050633,0.056962025316455694,0.7658227848101266,0.25949367088607594,0.02531645569620253
-510.314823,158,7473.350053,10.0,0.9367088607594937,0.06329113924050633,0.06329113924050633,0.759493670886076,0.26582278481012656,0.02531645569620253
-505.31236,158,7476.31567,18.0,0.8924050632911392,0.0780590717299578,0.07489451476793248,0.7658227848101266,0.2911392405063291,0.056962025316455694
-501.803751,158,7479.293037,20.0,0.8860759493670886,0.08122362869198312,0.07109704641350212,0.759493670886076,0.3037974683544304,0.06329113924050633
-488.993144,158,7482.277607,12.0,0.9314345991561183,0.08069620253164557,0.0781796262808921,0.7848101265822784,0.2721518987341772,0.056962025316455694
-500.674917,158,7485.216201,12.0,0.9261603375527425,0.06962025316455696,0.06645569620253164,0.7848101265822784,0.2848101265822785,0.06962025316455696
-506.995822,158,7488.193377,16.0,0.90084388185654,0.06962025316455696,0.05379746835443038,0.7784810126582279,0.2721518987341772,0.05063291139240506
-497.957671,158,7491.190093,11.0,0.9337552742616033,0.06698312236286919,0.04781997187060478,0.7848101265822784,0.25316455696202533,0.0379746835443038
-493.026826,158,7494.302162,17.0,0.8955696202531646,0.06962025316455696,0.035864978902953586,0.7848101265822784,0.26582278481012656,0.05063291139240506
-516.769826,158,7497.302187,11.0,0.930379746835443,0.06329113924050633,0.04430379746835443,0.7658227848101266,0.26582278481012656,0.03164556962025317
-504.700953,158,7500.361336,4.0,0.9746835443037974,0.06329113924050633,0.04430379746835443,0.759493670886076,0.2848101265822785,0.04430379746835443
-508.54316,158,7503.383323,11.0,0.930379746835443,0.06329113924050633,0.04430379746835443,0.7721518987341772,0.27848101265822783,0.05063291139240506
-499.39925,158,7506.398812,10.0,0.9367088607594937,0.06329113924050633,0.05063291139240506,0.7721518987341772,0.26582278481012656,0.0379746835443038
-511.402248,158,7509.423073,13.0,0.9221518987341771,0.07278481012658228,0.06298975286317059,0.7784810126582279,0.25949367088607594,0.0379746835443038
-498.772823,158,7512.512123,25.0,0.8433544303797469,0.06962025316455696,0.04683544303797468,0.7848101265822784,0.2468354430379747,0.03164556962025317
-497.251904,158,7515.590313,25.0,0.8417721518987342,0.06329113924050633,0.04430379746835443,0.810126582278481,0.2468354430379747,0.056962025316455694
-482.142919,158,7518.601631,19.0,0.879746835443038,0.06329113924050633,0.04430379746835443,0.8607594936708861,0.24050632911392406,0.10126582278481013
-489.004081,158,7521.653913,24.0,0.8481012658227848,0.06962025316455696,0.04430379746835443,0.8417721518987342,0.24050632911392406,0.08227848101265822
-502.460342,158,7524.697129,16.0,0.9018987341772152,0.06540084388185653,0.053164556962025315,0.8354430379746836,0.24050632911392406,0.0759493670886076
-481.255271,158,7527.781323,20.0,0.8765822784810127,0.06751054852320675,0.0689873417721519,0.8481012658227848,0.24050632911392406,0.08860759493670886
-503.394511,158,7530.81666,38.0,0.7626582278481012,0.06540084388185653,0.053164556962025315,0.8354430379746836,0.24050632911392406,0.0759493670886076
-500.917745,158,7533.86099,29.0,0.819620253164557,0.07278481012658228,0.04746835443037975,0.8291139240506329,0.2468354430379747,0.0759493670886076
-506.631126,158,7536.912687,35.0,0.7816455696202531,0.06540084388185653,0.059493670886075954,0.810126582278481,0.24050632911392406,0.05063291139240506
-492.531638,158,7539.945963,27.0,0.831223628691983,0.07489451476793248,0.07383966244725738,0.8227848101265823,0.24050632911392406,0.06329113924050633
-485.602644,158,7542.974326,18.0,0.8860759493670886,0.06329113924050633,0.06329113924050633,0.8417721518987342,0.2468354430379747,0.08860759493670886
-498.892602,158,7546.042755,31.0,0.8075949367088607,0.07383966244725738,0.04957805907172996,0.8291139240506329,0.2468354430379747,0.0759493670886076
-509.239741,158,7549.033519,22.0,0.8670886075949367,0.07383966244725738,0.06763110307414104,0.7784810126582279,0.2721518987341772,0.05063291139240506
-491.259476,158,7552.052062,60.0,0.6366033755274262,0.09071729957805906,0.032067510548523206,0.7911392405063291,0.2721518987341772,0.06329113924050633
-484.594869,158,7555.069793,30.0,0.8143459915611814,0.07172995780590717,0.05316455696202531,0.8037974683544303,0.26582278481012656,0.06962025316455696
-480.021932,158,7558.078624,32.0,0.8008438818565402,0.06856540084388185,0.0482218203737191,0.8227848101265823,0.2468354430379747,0.06962025316455696
-500.033653,158,7561.122478,28.0,0.8264767932489452,0.06856540084388185,0.04864376130198915,0.7848101265822784,0.2468354430379747,0.03164556962025317
-498.689724,158,7564.117189,34.0,0.7879746835443038,0.06962025316455696,0.06118143459915611,0.7721518987341772,0.25949367088607594,0.03164556962025317
-492.8193,158,7567.140535,40.0,0.7552742616033756,0.08333333333333333,0.05539481615430982,0.7658227848101266,0.2848101265822785,0.05063291139240506
-494.747053,158,7570.133775,25.0,0.8433544303797469,0.06645569620253164,0.0590717299578059,0.7721518987341772,0.3291139240506329,0.10126582278481013
-492.833097,158,7573.152155,18.0,0.8908227848101266,0.06856540084388185,0.0682640144665461,0.7658227848101266,0.2848101265822785,0.05063291139240506
-504.528068,158,7576.124866,19.0,0.879746835443038,0.06329113924050633,0.06329113924050633,0.7721518987341772,0.26582278481012656,0.0379746835443038
-498.44115,158,7579.165452,17.0,0.8924050632911392,0.06487341772151899,0.04683544303797468,0.7721518987341772,0.25316455696202533,0.02531645569620253
-501.040856,158,7582.210762,8.0,0.9493670886075949,0.06329113924050633,0.06329113924050633,0.7974683544303798,0.26582278481012656,0.06329113924050633
-502.954882,158,7585.273947,9.0,0.9430379746835443,0.06329113924050633,0.06329113924050633,0.7848101265822784,0.25316455696202533,0.0379746835443038
-504.239769,158,7588.30879,7.0,0.9556962025316456,0.06329113924050633,0.06329113924050633,0.7911392405063291,0.25316455696202533,0.04430379746835443
-495.672284,158,7591.255231,9.0,0.9430379746835443,0.06329113924050633,0.06329113924050633,0.7848101265822784,0.25316455696202533,0.0379746835443038
-496.389061,158,7594.233118,8.0,0.9493670886075949,0.06329113924050633,0.06329113924050633,0.7974683544303798,0.25949367088607594,0.056962025316455694
-495.852756,158,7597.190248,11.0,0.930379746835443,0.06329113924050633,0.06329113924050633,0.7784810126582279,0.25949367088607594,0.0379746835443038
-500.623979,158,7600.160722,15.0,0.9082278481012658,0.06751054852320675,0.06265822784810127,0.7658227848101266,0.25316455696202533,0.0189873417721519
-511.759374,158,7603.186226,30.0,0.8164556962025317,0.07172995780590717,0.06645569620253164,0.7658227848101266,0.26582278481012656,0.03164556962025317
-510.871766,158,7606.167638,28.0,0.8248945147679325,0.07383966244725738,0.07700421940928269,0.759493670886076,0.24050632911392406,0.0
-496.117948,158,7609.232503,23.0,0.8544303797468354,0.06329113924050633,0.06329113924050633,0.759493670886076,0.2721518987341772,0.03164556962025317
-506.474663,158,7612.265825,16.0,0.8999999999999999,0.06645569620253164,0.058770343580470154,0.759493670886076,0.2911392405063291,0.05063291139240506
-508.312895,158,7615.339818,23.0,0.8623417721518988,0.07489451476793248,0.06856540084388185,0.759493670886076,0.2911392405063291,0.05063291139240506
-492.063927,158,7618.38095,31.0,0.8085443037974683,0.06856540084388185,0.05560578661844484,0.759493670886076,0.3037974683544304,0.06329113924050633
-511.296001,158,7621.418637,12.0,0.9272151898734177,0.06645569620253164,0.06645569620253164,0.759493670886076,0.2721518987341772,0.03164556962025317
-510.200223,158,7624.414628,13.0,0.9189873417721518,0.06540084388185653,0.058544303797468354,0.759493670886076,0.25316455696202533,0.012658227848101266
-509.84696,158,7627.370907,6.0,0.9620253164556962,0.06329113924050633,0.056962025316455694,0.7658227848101266,0.24050632911392406,0.006329113924050633
-507.652194,158,7630.406623,15.0,0.9082278481012658,0.06540084388185653,0.059493670886075954,0.7658227848101266,0.24050632911392406,0.006329113924050633
-518.156628,158,7633.429721,18.0,0.8881856540084387,0.06645569620253164,0.04683544303797468,0.7658227848101266,0.24050632911392406,0.006329113924050633
-517.694311,158,7636.427852,14.0,0.9113924050632911,0.06329113924050633,0.056962025316455694,0.759493670886076,0.2468354430379747,0.006329113924050633
-508.645101,158,7639.448392,15.0,0.9050632911392406,0.06645569620253164,0.06118143459915613,0.759493670886076,0.2468354430379747,0.006329113924050633
-506.036431,158,7642.471143,14.0,0.9113924050632911,0.06329113924050633,0.04430379746835443,0.7658227848101266,0.25949367088607594,0.02531645569620253
-495.208436,158,7645.467197,12.0,0.9240506329113924,0.06645569620253164,0.04852320675105485,0.759493670886076,0.2468354430379747,0.006329113924050633
-514.089972,158,7648.46353,21.0,0.8776371308016879,0.08122362869198312,0.07573839662447257,0.7784810126582279,0.2468354430379747,0.02531645569620253
-507.160151,158,7651.491983,18.0,0.8881856540084387,0.06645569620253164,0.06582278481012659,0.7721518987341772,0.25949367088607594,0.03164556962025317
-517.562955,158,7654.696323,46.0,0.7246835443037974,0.08122362869198312,0.0628691983122363,0.759493670886076,0.2721518987341772,0.03164556962025317
-516.45567,158,7657.736591,49.0,0.6977848101265823,0.07172995780590717,0.05244122965641952,0.759493670886076,0.26582278481012656,0.02531645569620253
-516.903748,158,7660.790785,29.0,0.8188291139240507,0.08016877637130801,0.06967048422744625,0.759493670886076,0.31645569620253167,0.0759493670886076
-505.594908,158,7663.841619,23.0,0.8575949367088608,0.06645569620253164,0.05379746835443038,0.759493670886076,0.33544303797468356,0.0949367088607595
-517.882371,158,7666.901573,21.0,0.8670886075949367,0.06329113924050633,0.04430379746835443,0.7658227848101266,0.2974683544303797,0.06329113924050633
-486.164968,158,7669.854683,19.0,0.8892405063291139,0.08649789029535865,0.06669680530440024,0.759493670886076,0.2911392405063291,0.05063291139240506
-499.954345,158,7672.84481,17.0,0.8955696202531646,0.06962025316455696,0.04219409282700422,0.759493670886076,0.310126582278481,0.06962025316455696
-496.387099,158,7675.852351,5.0,0.9683544303797469,0.06962025316455696,0.06962025316455696,0.759493670886076,0.36075949367088606,0.12025316455696203
-499.978817,158,7678.809086,2.0,0.9873417721518988,0.06329113924050633,0.06329113924050633,0.759493670886076,0.31645569620253167,0.0759493670886076
-509.672568,158,7681.794681,2.0,0.9873417721518988,0.06329113924050633,0.06329113924050633,0.759493670886076,0.2721518987341772,0.03164556962025317
-504.204915,158,7684.789315,5.0,0.9683544303797469,0.06329113924050633,0.05063291139240506,0.759493670886076,0.2848101265822785,0.04430379746835443
-512.427927,158,7687.82325,3.0,0.9810126582278481,0.06329113924050633,0.06329113924050633,0.7658227848101266,0.2848101265822785,0.05063291139240506
-511.773488,158,7690.859556,6.0,0.9620253164556962,0.06329113924050633,0.06329113924050633,0.759493670886076,0.2974683544303797,0.056962025316455694
-502.257387,158,7693.893786,5.0,0.9683544303797469,0.06329113924050633,0.06329113924050633,0.7721518987341772,0.34810126582278483,0.12025316455696203
-504.900409,158,7696.876468,9.0,0.9462025316455697,0.06645569620253164,0.06645569620253164,0.7721518987341772,0.3291139240506329,0.10126582278481013
-491.253161,158,7699.899281,9.0,0.9483122362869197,0.06962025316455696,0.0689873417721519,0.7721518987341772,0.2848101265822785,0.056962025316455694
-504.10259,158,7702.96777,13.0,0.9177215189873418,0.06329113924050633,0.06329113924050633,0.759493670886076,0.25316455696202533,0.012658227848101266
-504.427484,158,7706.047697,30.0,0.8154008438818564,0.08122362869198312,0.07320675105485232,0.7721518987341772,0.24050632911392406,0.012658227848101266
-510.433425,158,7709.128617,37.0,0.7658227848101266,0.06856540084388185,0.06434599156118144,0.7911392405063291,0.24050632911392406,0.03164556962025317
-503.752289,158,7712.137427,11.0,0.930379746835443,0.06329113924050633,0.06329113924050633,0.7974683544303798,0.24050632911392406,0.0379746835443038
-504.04141,158,7715.125413,3.0,0.9810126582278481,0.06329113924050633,0.06329113924050633,0.7848101265822784,0.24050632911392406,0.02531645569620253
-504.479693,158,7718.10119,9.0,0.9430379746835443,0.06329113924050633,0.06329113924050633,0.7658227848101266,0.25316455696202533,0.0189873417721519
-499.318246,158,7721.102063,13.0,0.9177215189873418,0.06329113924050633,0.06329113924050633,0.759493670886076,0.2721518987341772,0.03164556962025317
-514.427825,158,7724.110945,6.0,0.9620253164556962,0.06329113924050633,0.06329113924050633,0.759493670886076,0.2911392405063291,0.05063291139240506
-515.615131,158,7727.086775,2.0,0.9889240506329114,0.06962025316455696,0.06582278481012659,0.759493670886076,0.3037974683544304,0.06329113924050633
-504.379979,158,7730.105033,2.0,0.9873417721518988,0.06329113924050633,0.06329113924050633,0.7721518987341772,0.310126582278481,0.08227848101265822
-499.632678,158,7733.110298,7.0,0.9556962025316456,0.06329113924050633,0.056962025316455694,0.7721518987341772,0.3037974683544304,0.0759493670886076
-486.180863,158,7736.11339,17.0,0.8987341772151899,0.06751054852320675,0.06202531645569621,0.7784810126582279,0.25316455696202533,0.03164556962025317
-494.695133,158,7739.145372,13.0,0.9177215189873418,0.06329113924050633,0.0379746835443038,0.7658227848101266,0.25949367088607594,0.02531645569620253
-484.621589,158,7742.138719,11.0,0.930379746835443,0.06329113924050633,0.04430379746835443,0.759493670886076,0.26582278481012656,0.02531645569620253
-474.110311,158,7745.208116,6.0,0.9620253164556962,0.06329113924050633,0.06329113924050633,0.759493670886076,0.2721518987341772,0.03164556962025317
-482.719839,158,7748.300342,17.0,0.8987341772151899,0.07278481012658228,0.048523206751054856,0.759493670886076,0.2721518987341772,0.03164556962025317
-497.73637,158,7751.32279,28.0,0.8259493670886076,0.06645569620253164,0.05379746835443038,0.7721518987341772,0.25949367088607594,0.03164556962025317
-503.429954,158,7754.351249,23.0,0.8623417721518988,0.07172995780590717,0.05843881856540085,0.7784810126582279,0.24050632911392406,0.0189873417721519
-507.631113,158,7757.383316,24.0,0.8481012658227848,0.06645569620253164,0.05485232067510548,0.7911392405063291,0.24050632911392406,0.03164556962025317
-502.232744,158,7760.476246,16.0,0.90084388185654,0.06645569620253164,0.059493670886075954,0.7784810126582279,0.24050632911392406,0.0189873417721519
-508.820085,158,7763.50814,9.0,0.9430379746835443,0.06329113924050633,0.06329113924050633,0.7721518987341772,0.24050632911392406,0.012658227848101266
-491.282742,158,7766.526405,13.0,0.9193037974683544,0.06645569620253164,0.06540084388185653,0.7658227848101266,0.2468354430379747,0.012658227848101266
-487.791018,158,7769.517097,40.0,0.7542194092827005,0.07067510548523206,0.06434599156118143,0.7658227848101266,0.24050632911392406,0.006329113924050633
-507.837631,158,7772.44128,6.0,0.9620253164556962,0.06329113924050633,0.06329113924050633,0.759493670886076,0.2468354430379747,0.006329113924050633
-501.594689,158,7775.454768,0.0,1.0,0.06329113924050633,0.06329113924050633,0.759493670886076,0.25949367088607594,0.0189873417721519
-503.222962,158,7778.451225,10.0,0.9367088607594937,0.06329113924050633,0.05063291139240506,0.759493670886076,0.310126582278481,0.06962025316455696
-509.196261,158,7781.428862,12.0,0.9240506329113924,0.06329113924050633,0.056962025316455694,0.759493670886076,0.31645569620253167,0.0759493670886076
-506.024648,158,7784.44056,9.0,0.9451476793248944,0.06645569620253164,0.059493670886075954,0.759493670886076,0.27848101265822783,0.0379746835443038
-514.31947,158,7787.477692,13.0,0.9177215189873418,0.06329113924050633,0.05063291139240506,0.7721518987341772,0.25316455696202533,0.02531645569620253
-517.740873,158,7790.502345,9.0,0.9430379746835443,0.06329113924050633,0.056962025316455694,0.7721518987341772,0.24050632911392406,0.012658227848101266
-503.974735,158,7793.540365,8.0,0.9493670886075949,0.06329113924050633,0.04430379746835443,0.7721518987341772,0.24050632911392406,0.012658227848101266
-454.311101,158,7796.517032,17.0,0.914451476793249,0.09018987341772151,0.06782700421940928,0.8291139240506329,0.24050632911392406,0.06962025316455696
-458.502435,158,7799.489891,13.0,0.9198312236286919,0.06540084388185653,0.06540084388185653,0.810126582278481,0.24050632911392406,0.05063291139240506
-464.762288,158,7802.483005,8.0,0.9525316455696202,0.06487341772151899,0.06540084388185653,0.8481012658227848,0.24050632911392406,0.08860759493670886
-452.717919,158,7805.481123,7.0,0.9556962025316456,0.06329113924050633,0.06329113924050633,0.8417721518987342,0.24050632911392406,0.08227848101265822
-461.478225,158,7808.546256,14.0,0.9113924050632911,0.06329113924050633,0.06329113924050633,0.8227848101265823,0.24050632911392406,0.06329113924050633
-467.007773,158,7811.517988,14.0,0.9145569620253164,0.06487341772151899,0.06540084388185653,0.7721518987341772,0.25949367088607594,0.03164556962025317
-475.75781,158,7814.567039,13.0,0.9198312236286919,0.06487341772151899,0.06509945750452079,0.7658227848101266,0.31645569620253167,0.08227848101265822
-488.447793,158,7817.595726,14.0,0.9129746835443038,0.06487341772151899,0.06487341772151899,0.7658227848101266,0.34810126582278483,0.11392405063291139
-501.447638,158,7820.580377,9.0,0.9430379746835443,0.06329113924050633,0.056962025316455694,0.759493670886076,0.3291139240506329,0.08860759493670886
-501.300448,158,7823.559661,14.0,0.9198312236286919,0.07120253164556962,0.052260397830018075,0.759493670886076,0.34177215189873417,0.10126582278481013
-500.071353,158,7826.540565,12.0,0.9240506329113924,0.06329113924050633,0.0379746835443038,0.759493670886076,0.35443037974683544,0.11392405063291139
-504.333919,158,7829.525855,1.0,0.9936708860759493,0.06329113924050633,0.06329113924050633,0.759493670886076,0.2911392405063291,0.05063291139240506
-509.162936,158,7832.544593,0.0,1.0,0.06329113924050633,0.06329113924050633,0.759493670886076,0.25316455696202533,0.012658227848101266
-509.22482,158,7835.541685,0.0,1.0,0.06329113924050633,0.06329113924050633,0.759493670886076,0.25316455696202533,0.012658227848101266
-507.312047,158,7838.659042,1.0,0.9936708860759493,0.06329113924050633,0.06329113924050633,0.7658227848101266,0.25316455696202533,0.0189873417721519
-508.220107,158,7841.895716,0.0,1.0,0.06329113924050633,0.06329113924050633,0.759493670886076,0.2468354430379747,0.006329113924050633
-504.561841,158,7844.913981,11.0,0.9401446654611212,0.07489451476793248,0.07301084990958409,0.7658227848101266,0.2721518987341772,0.0379746835443038
-500.972545,158,7847.955631,9.0,0.9462025316455697,0.06962025316455696,0.06751054852320675,0.759493670886076,0.27848101265822783,0.0379746835443038
-510.366468,158,7850.996239,8.0,0.9493670886075949,0.06329113924050633,0.05063291139240506,0.759493670886076,0.2721518987341772,0.03164556962025317
-509.863779,158,7854.017328,11.0,0.930379746835443,0.06329113924050633,0.06329113924050633,0.759493670886076,0.25316455696202533,0.012658227848101266
-502.779272,158,7857.080274,14.0,0.9177215189873418,0.06962025316455696,0.06329113924050633,0.7911392405063291,0.2468354430379747,0.0379746835443038
-500.162001,158,7860.105122,17.0,0.8924050632911392,0.06329113924050633,0.05063291139240506,0.810126582278481,0.2468354430379747,0.056962025316455694
-505.879807,158,7863.11253,6.0,0.9620253164556962,0.06329113924050633,0.06329113924050633,0.7848101265822784,0.2468354430379747,0.03164556962025317
-500.038912,158,7866.08867,2.0,0.9873417721518988,0.06329113924050633,0.06329113924050633,0.7658227848101266,0.2468354430379747,0.012658227848101266
-492.631872,158,7869.079423,1.0,0.9936708860759493,0.06329113924050633,0.06329113924050633,0.7721518987341772,0.25316455696202533,0.02531645569620253
-490.186582,158,7872.081704,1.0,0.9936708860759493,0.06329113924050633,0.06329113924050633,0.7848101265822784,0.25949367088607594,0.04430379746835443
-494.510441,158,7875.073447,1.0,0.9936708860759493,0.06329113924050633,0.06329113924050633,0.7658227848101266,0.25316455696202533,0.0189873417721519
-490.241862,158,7878.096078,0.0,1.0,0.06329113924050633,0.06329113924050633,0.7658227848101266,0.26582278481012656,0.03164556962025317
-478.736714,158,7881.128303,1.0,0.9936708860759493,0.06329113924050633,0.06329113924050633,0.7784810126582279,0.2848101265822785,0.06329113924050633
-508.208461,158,7884.116216,0.0,1.0,0.06329113924050633,0.06329113924050633,0.7658227848101266,0.2911392405063291,0.056962025316455694
-498.284079,158,7887.09047,2.0,0.9873417721518988,0.06329113924050633,0.06329113924050633,0.7658227848101266,0.2848101265822785,0.05063291139240506
-499.34221,158,7890.063376,3.0,0.9810126582278481,0.06329113924050633,0.06329113924050633,0.759493670886076,0.2911392405063291,0.05063291139240506
-501.836287,158,7893.085729,1.0,0.9936708860759493,0.06329113924050633,0.056962025316455694,0.759493670886076,0.2911392405063291,0.05063291139240506
-506.598509,158,7896.074393,3.0,0.9873417721518988,0.06962025316455696,0.06962025316455696,0.759493670886076,0.27848101265822783,0.0379746835443038
-501.331964,158,7899.030167,3.0,0.9810126582278481,0.06329113924050633,0.06329113924050633,0.759493670886076,0.2721518987341772,0.03164556962025317
-500.245998,158,7902.016479,5.0,0.9683544303797469,0.06329113924050633,0.06329113924050633,0.759493670886076,0.26582278481012656,0.02531645569620253
-498.955392,158,7904.989496,3.0,0.9810126582278481,0.06329113924050633,0.06329113924050633,0.7658227848101266,0.27848101265822783,0.04430379746835443
-508.25547,158,7907.97113,4.0,0.9746835443037974,0.06329113924050633,0.056962025316455694,0.7658227848101266,0.2721518987341772,0.0379746835443038
-477.497088,158,7910.929909,3.0,0.9810126582278481,0.06329113924050633,0.06329113924050633,0.7658227848101266,0.2848101265822785,0.05063291139240506
-481.116337,158,7913.968584,0.0,1.0,0.06329113924050633,0.06329113924050633,0.759493670886076,0.27848101265822783,0.0379746835443038
-487.890837,158,7917.005883,3.0,0.9810126582278481,0.06329113924050633,0.056962025316455694,0.7784810126582279,0.2721518987341772,0.05063291139240506
-478.043638,158,7920.071006,3.0,0.9810126582278481,0.06329113924050633,0.056962025316455694,0.7721518987341772,0.2468354430379747,0.0189873417721519
-473.019173,158,7923.124331,3.0,0.9810126582278481,0.06329113924050633,0.06329113924050633,0.7658227848101266,0.25316455696202533,0.0189873417721519
-463.880928,158,7926.096573,8.0,0.9525316455696202,0.06540084388185653,0.059493670886075954,0.7784810126582279,0.25949367088607594,0.0379746835443038
-472.169384,158,7929.150283,8.0,0.9509493670886076,0.06540084388185653,0.05244122965641952,0.7721518987341772,0.25316455696202533,0.02531645569620253
-482.01767,158,7932.186899,5.0,0.9683544303797469,0.06329113924050633,0.05063291139240506,0.7848101265822784,0.24050632911392406,0.02531645569620253
-479.678932,158,7935.208434,11.0,0.9319620253164557,0.06962025316455696,0.04050632911392405,0.7721518987341772,0.26582278481012656,0.0379746835443038
-491.46377,158,7938.194537,11.0,0.9324894514767933,0.06645569620253164,0.059493670886075954,0.7721518987341772,0.27848101265822783,0.05063291139240506
-491.02184,158,7941.189671,6.0,0.9620253164556962,0.06329113924050633,0.05063291139240506,0.7721518987341772,0.2911392405063291,0.06329113924050633
-511.88776,158,7944.178303,9.0,0.9462025316455697,0.06645569620253164,0.06645569620253164,0.7721518987341772,0.25949367088607594,0.03164556962025317
-506.057866,158,7947.185822,8.0,0.9525316455696202,0.06540084388185653,0.059493670886075954,0.7658227848101266,0.2468354430379747,0.012658227848101266
-506.785831,158,7950.232913,12.0,0.9272151898734177,0.06540084388185653,0.059493670886075954,0.7784810126582279,0.2468354430379747,0.02531645569620253
-519.870479,158,7953.257921,9.0,0.9430379746835443,0.06329113924050633,0.05063291139240506,0.7721518987341772,0.2468354430379747,0.0189873417721519
-517.022737,158,7956.229971,5.0,0.9683544303797469,0.06329113924050633,0.056962025316455694,0.7784810126582279,0.25949367088607594,0.0379746835443038
-514.532424,158,7959.231591,6.0,0.9620253164556962,0.06329113924050633,0.0379746835443038,0.7848101265822784,0.26582278481012656,0.05063291139240506
-512.204227,158,7962.292021,6.0,0.9620253164556962,0.06329113924050633,0.03164556962025317,0.7911392405063291,0.25949367088607594,0.05063291139240506
-508.078333,158,7965.299382,4.0,0.9746835443037974,0.06329113924050633,0.0379746835443038,0.7974683544303798,0.25949367088607594,0.056962025316455694
-505.49745,158,7968.336657,4.0,0.9746835443037974,0.06329113924050633,0.0379746835443038,0.7658227848101266,0.25949367088607594,0.02531645569620253
-510.199584,158,7971.330786,0.0,1.0,0.06329113924050633,0.06329113924050633,0.7658227848101266,0.2468354430379747,0.012658227848101266
-497.247667,158,7974.322259,0.0,1.0,0.06329113924050633,0.06329113924050633,0.7658227848101266,0.25949367088607594,0.02531645569620253
-504.823477,158,7977.330195,0.0,1.0,0.06329113924050633,0.06329113924050633,0.7658227848101266,0.24050632911392406,0.006329113924050633
-504.810103,158,7980.308431,5.0,0.9683544303797469,0.06329113924050633,0.056962025316455694,0.7658227848101266,0.25316455696202533,0.0189873417721519
-509.38634,158,7983.248785,14.0,0.9135021097046414,0.06645569620253164,0.059493670886075954,0.759493670886076,0.25949367088607594,0.0189873417721519
-489.207572,158,7986.249567,15.0,0.9050632911392406,0.06329113924050633,0.056962025316455694,0.7784810126582279,0.25316455696202533,0.03164556962025317
-502.847611,158,7989.282128,8.0,0.9493670886075949,0.06540084388185653,0.060126582278481014,0.7848101265822784,0.2468354430379747,0.03164556962025317
-504.829122,158,7992.303,4.0,0.9746835443037974,0.06329113924050633,0.06329113924050633,0.7784810126582279,0.25949367088607594,0.0379746835443038
-502.998578,158,7995.320102,8.0,0.9525316455696202,0.06540084388185653,0.06582278481012659,0.7721518987341772,0.26582278481012656,0.0379746835443038
-489.685898,158,7998.329003,6.0,0.9620253164556962,0.06329113924050633,0.06329113924050633,0.7784810126582279,0.25949367088607594,0.0379746835443038
-502.038184,158,8001.355844,9.0,0.9462025316455697,0.06962025316455696,0.07215189873417721,0.7784810126582279,0.27848101265822783,0.056962025316455694
-504.571318,158,8004.405248,22.0,0.8639240506329114,0.06909282700421941,0.05886075949367089,0.7721518987341772,0.2848101265822785,0.056962025316455694
-499.254732,158,8007.398608,9.0,0.944620253164557,0.06645569620253164,0.06540084388185653,0.759493670886076,0.2974683544303797,0.056962025316455694
-504.78692,158,8010.360254,12.0,0.9240506329113924,0.06329113924050633,0.06329113924050633,0.759493670886076,0.27848101265822783,0.0379746835443038
-497.878724,158,8013.309602,4.0,0.9746835443037974,0.06329113924050633,0.06329113924050633,0.759493670886076,0.25316455696202533,0.012658227848101266
-506.386222,158,8016.301681,10.0,0.9367088607594937,0.06329113924050633,0.05063291139240506,0.759493670886076,0.25949367088607594,0.0189873417721519
-500.961802,158,8019.277676,10.0,0.939873417721519,0.06751054852320675,0.056329113924050635,0.759493670886076,0.26582278481012656,0.02531645569620253
-505.806614,158,8022.279354,3.0,0.9810126582278481,0.06329113924050633,0.06329113924050633,0.759493670886076,0.25949367088607594,0.0189873417721519
-500.018772,158,8025.279147,9.0,0.9430379746835443,0.06329113924050633,0.06329113924050633,0.759493670886076,0.25316455696202533,0.012658227848101266
-501.726326,158,8028.213648,3.0,0.9810126582278481,0.06329113924050633,0.06329113924050633,0.7658227848101266,0.26582278481012656,0.03164556962025317
-498.358122,158,8031.243302,2.0,0.9873417721518988,0.06329113924050633,0.05063291139240506,0.7658227848101266,0.25316455696202533,0.0189873417721519
-505.194121,158,8034.266187,6.0,0.9620253164556962,0.06329113924050633,0.0379746835443038,0.7658227848101266,0.24050632911392406,0.006329113924050633
-502.940793,158,8037.510366,1.0,0.9936708860759493,0.06329113924050633,0.06329113924050633,0.759493670886076,0.2468354430379747,0.006329113924050633
-506.783257,158,8040.534008,5.0,0.9683544303797469,0.06329113924050633,0.056962025316455694,0.759493670886076,0.25316455696202533,0.012658227848101266
-500.276276,158,8043.522323,3.0,0.9810126582278481,0.06329113924050633,0.04430379746835443,0.759493670886076,0.2721518987341772,0.03164556962025317
-496.801062,158,8046.592254,6.0,0.9620253164556962,0.06329113924050633,0.056962025316455694,0.759493670886076,0.27848101265822783,0.0379746835443038
-487.482654,158,8049.599185,15.0,0.9050632911392406,0.06329113924050633,0.0379746835443038,0.759493670886076,0.2848101265822785,0.04430379746835443
-486.0226,158,8052.566372,19.0,0.8881856540084387,0.07489451476793248,0.06582278481012659,0.759493670886076,0.2974683544303797,0.056962025316455694
-496.921978,158,8055.539531,15.0,0.9082278481012658,0.06540084388185653,0.06582278481012659,0.759493670886076,0.25949367088607594,0.0189873417721519
-490.793263,158,8058.516281,15.0,0.9113924050632911,0.07383966244725738,0.06160337552742615,0.759493670886076,0.25949367088607594,0.0189873417721519
-489.025827,158,8061.498457,11.0,0.9335443037974683,0.06540084388185653,0.06582278481012659,0.759493670886076,0.2721518987341772,0.03164556962025317
-502.956568,158,8064.503397,12.0,0.9240506329113924,0.06329113924050633,0.05063291139240506,0.759493670886076,0.2721518987341772,0.03164556962025317
-485.159823,158,8067.524898,11.0,0.930379746835443,0.06329113924050633,0.06329113924050633,0.759493670886076,0.2848101265822785,0.04430379746835443
-494.522764,158,8070.582616,7.0,0.9556962025316456,0.06329113924050633,0.06329113924050633,0.759493670886076,0.2848101265822785,0.04430379746835443
-485.138719,158,8073.608294,11.0,0.930379746835443,0.06329113924050633,0.06329113924050633,0.759493670886076,0.25316455696202533,0.012658227848101266
-488.380772,158,8076.670612,11.0,0.930379746835443,0.06329113924050633,0.056962025316455694,0.759493670886076,0.2468354430379747,0.006329113924050633
-484.310463,158,8079.71584,7.0,0.9556962025316456,0.06329113924050633,0.06329113924050633,0.7658227848101266,0.2468354430379747,0.012658227848101266
-500.405321,158,8082.759386,3.0,0.9810126582278481,0.06329113924050633,0.06329113924050633,0.7658227848101266,0.2468354430379747,0.012658227848101266
-495.628917,158,8085.855467,5.0,0.9683544303797469,0.06645569620253164,0.06118143459915611,0.759493670886076,0.24050632911392406,0.0
-500.379872,158,8088.919391,11.0,0.930379746835443,0.06329113924050633,0.06329113924050633,0.759493670886076,0.25949367088607594,0.0189873417721519
-497.365814,158,8091.963224,12.0,0.9256329113924051,0.06540084388185653,0.05244122965641952,0.759493670886076,0.2721518987341772,0.03164556962025317
-496.764034,158,8094.966757,16.0,0.8987341772151899,0.06329113924050633,0.05063291139240506,0.759493670886076,0.26582278481012656,0.02531645569620253
-503.085047,158,8098.01101,8.0,0.9493670886075949,0.06329113924050633,0.056962025316455694,0.759493670886076,0.2721518987341772,0.03164556962025317
-502.262973,158,8101.063298,18.0,0.8892405063291139,0.07278481012658228,0.0590717299578059,0.759493670886076,0.24050632911392406,0.0
-518.542959,158,8104.108485,9.0,0.9430379746835443,0.06645569620253164,0.06751054852320675,0.759493670886076,0.25316455696202533,0.012658227848101266
-512.477382,158,8107.153644,8.0,0.9525316455696202,0.06540084388185653,0.06582278481012659,0.759493670886076,0.25949367088607594,0.0189873417721519
-507.944616,158,8110.200484,18.0,0.8982067510548523,0.08544303797468354,0.07510548523206752,0.759493670886076,0.25949367088607594,0.0189873417721519
-513.002047,158,8113.201641,9.0,0.944620253164557,0.06962025316455696,0.053164556962025315,0.759493670886076,0.25316455696202533,0.012658227848101266
-512.560316,158,8116.161196,5.0,0.9683544303797469,0.06329113924050633,0.056962025316455694,0.7721518987341772,0.24050632911392406,0.012658227848101266
-510.405603,158,8119.154526,9.0,0.9430379746835443,0.06540084388185653,0.06645569620253164,0.7721518987341772,0.24050632911392406,0.012658227848101266
-515.878928,158,8122.15964,8.0,0.9493670886075949,0.06329113924050633,0.056962025316455694,0.7721518987341772,0.24050632911392406,0.012658227848101266
-515.925202,158,8125.107571,8.0,0.9514767932489451,0.07278481012658228,0.07215189873417721,0.759493670886076,0.24050632911392406,0.0
-501.403234,158,8128.112737,11.0,0.930379746835443,0.06329113924050633,0.05063291139240506,0.7721518987341772,0.24050632911392406,0.012658227848101266
-500.413324,158,8131.137805,25.0,0.8565400843881857,0.08333333333333333,0.06940928270042195,0.7784810126582279,0.24050632911392406,0.0189873417721519
-502.633911,158,8134.143689,9.0,0.9430379746835443,0.06329113924050633,0.056962025316455694,0.7784810126582279,0.2468354430379747,0.02531645569620253
-506.512193,158,8137.167033,14.0,0.9113924050632911,0.06329113924050633,0.05063291139240506,0.7848101265822784,0.24050632911392406,0.02531645569620253
-511.608202,158,8140.107593,8.0,0.9493670886075949,0.06540084388185653,0.06645569620253164,0.7911392405063291,0.2468354430379747,0.0379746835443038
-500.065577,158,8143.083693,28.0,0.8291139240506329,0.07700421940928269,0.06223628691983121,0.7658227848101266,0.26582278481012656,0.03164556962025317
-500.433339,158,8146.053853,10.0,0.9382911392405063,0.06856540084388185,0.055907172995780595,0.7658227848101266,0.27848101265822783,0.04430379746835443
-501.395859,158,8149.049011,4.0,0.9746835443037974,0.06329113924050633,0.06329113924050633,0.7658227848101266,0.27848101265822783,0.04430379746835443
-502.86229,158,8152.020837,4.0,0.9746835443037974,0.06329113924050633,0.056962025316455694,0.759493670886076,0.2721518987341772,0.03164556962025317
-503.546361,158,8155.07656,4.0,0.9746835443037974,0.06329113924050633,0.06329113924050633,0.759493670886076,0.25949367088607594,0.0189873417721519
-504.01365,158,8158.023043,0.0,1.0,0.06329113924050633,0.06329113924050633,0.759493670886076,0.25949367088607594,0.0189873417721519
-504.497805,158,8160.994794,0.0,1.0,0.06329113924050633,0.06329113924050633,0.759493670886076,0.2468354430379747,0.006329113924050633
-506.376428,158,8163.960435,1.0,0.9936708860759493,0.06329113924050633,0.06329113924050633,0.759493670886076,0.2468354430379747,0.006329113924050633
-503.628203,158,8166.93812,6.0,0.9620253164556962,0.06329113924050633,0.056962025316455694,0.759493670886076,0.25316455696202533,0.012658227848101266
-494.708825,158,8169.937779,17.0,0.8955696202531646,0.06645569620253164,0.06645569620253164,0.759493670886076,0.3037974683544304,0.06329113924050633
-502.34243,158,8172.949661,9.0,0.9430379746835443,0.06329113924050633,0.06329113924050633,0.759493670886076,0.3291139240506329,0.08860759493670886
-489.58971,158,8175.996482,0.0,1.0,0.06329113924050633,0.06329113924050633,0.7658227848101266,0.25949367088607594,0.02531645569620253
-498.106248,158,8178.996124,6.0,0.9620253164556962,0.06329113924050633,0.06329113924050633,0.7721518987341772,0.25316455696202533,0.02531645569620253
-508.920951,158,8181.999103,3.0,0.9810126582278481,0.06329113924050633,0.06329113924050633,0.7658227848101266,0.2468354430379747,0.012658227848101266
-494.220527,158,8184.977728,1.0,0.9936708860759493,0.06329113924050633,0.06329113924050633,0.759493670886076,0.27848101265822783,0.0379746835443038
-492.604625,158,8187.928705,3.0,0.9810126582278481,0.06329113924050633,0.06329113924050633,0.759493670886076,0.2974683544303797,0.056962025316455694
-504.472583,158,8190.929824,4.0,0.9746835443037974,0.06329113924050633,0.06329113924050633,0.759493670886076,0.27848101265822783,0.0379746835443038
-488.984469,158,8193.927548,2.0,0.9873417721518988,0.06329113924050633,0.056962025316455694,0.759493670886076,0.26582278481012656,0.02531645569620253
-499.412737,158,8196.876478,4.0,0.9746835443037974,0.06329113924050633,0.06329113924050633,0.759493670886076,0.2974683544303797,0.056962025316455694
-491.527001,158,8199.820752,1.0,0.9936708860759493,0.06329113924050633,0.06329113924050633,0.759493670886076,0.2721518987341772,0.03164556962025317
-499.261141,158,8202.774091,1.0,0.9936708860759493,0.06329113924050633,0.06329113924050633,0.759493670886076,0.2911392405063291,0.05063291139240506
-505.295404,158,8205.709633,2.0,0.9873417721518988,0.06329113924050633,0.06329113924050633,0.7658227848101266,0.2974683544303797,0.06329113924050633
-495.619406,158,8208.650384,5.0,0.9683544303797469,0.06329113924050633,0.056962025316455694,0.759493670886076,0.31645569620253167,0.0759493670886076
-502.371296,158,8211.610892,0.0,1.0,0.06329113924050633,0.06329113924050633,0.759493670886076,0.34177215189873417,0.10126582278481013
-508.959314,158,8214.589009,6.0,0.9620253164556962,0.06329113924050633,0.056962025316455694,0.759493670886076,0.3037974683544304,0.06329113924050633
-516.905554,158,8217.571914,14.0,0.9113924050632911,0.06329113924050633,0.06329113924050633,0.7658227848101266,0.26582278481012656,0.03164556962025317
-513.853238,158,8220.570859,15.0,0.9063291139240506,0.06962025316455696,0.059071729957805914,0.7658227848101266,0.27848101265822783,0.04430379746835443
-500.460062,158,8223.584021,17.0,0.8986814345991562,0.08860759493670886,0.07431183443841671,0.7658227848101266,0.25949367088607594,0.02531645569620253
-495.842095,158,8226.539723,15.0,0.9061181434599157,0.06962025316455696,0.05244122965641952,0.759493670886076,0.25949367088607594,0.0189873417721519
-514.570608,158,8229.717128,9.0,0.9451476793248944,0.06540084388185653,0.0590717299578059,0.759493670886076,0.26582278481012656,0.02531645569620253
-505.001902,158,8232.642252,10.0,0.9421940928270043,0.07911392405063292,0.05843881856540085,0.759493670886076,0.2848101265822785,0.04430379746835443
-496.395829,158,8235.621525,9.0,0.9462025316455697,0.06962025316455696,0.05485232067510548,0.759493670886076,0.2911392405063291,0.05063291139240506
-508.899629,158,8238.638881,6.0,0.9641350210970463,0.07278481012658228,0.07215189873417721,0.759493670886076,0.2974683544303797,0.056962025316455694
-506.375708,158,8241.63136,20.0,0.8802742616033754,0.0759493670886076,0.053164556962025315,0.759493670886076,0.310126582278481,0.06962025316455696
-481.615294,158,8244.623503,23.0,0.8544303797468354,0.06329113924050633,0.04430379746835443,0.759493670886076,0.3291139240506329,0.08860759493670886
-495.159717,158,8247.561539,21.0,0.8734177215189873,0.07278481012658228,0.06434599156118144,0.759493670886076,0.3291139240506329,0.08860759493670886
-498.797089,158,8250.515738,22.0,0.8644514767932489,0.0759493670886076,0.05,0.759493670886076,0.34177215189873417,0.10126582278481013
-478.144694,158,8253.526789,27.0,0.8364978902953586,0.07911392405063292,0.07637130801687764,0.759493670886076,0.35443037974683544,0.11392405063291139
-482.870164,158,8256.519789,20.0,0.8818565400843881,0.07489451476793248,0.06962025316455696,0.759493670886076,0.33544303797468356,0.0949367088607595
-494.191609,158,8259.467695,21.0,0.870253164556962,0.06540084388185653,0.04683544303797468,0.759493670886076,0.3670886075949367,0.12658227848101267
-492.354769,158,8262.435907,13.0,0.9177215189873418,0.06329113924050633,0.06329113924050633,0.759493670886076,0.35443037974683544,0.11392405063291139
-489.105015,158,8265.391318,15.0,0.9066455696202531,0.06645569620253164,0.0590717299578059,0.759493670886076,0.3670886075949367,0.12658227848101267
-499.035242,158,8268.361649,16.0,0.8987341772151899,0.06329113924050633,0.056962025316455694,0.759493670886076,0.36075949367088606,0.12025316455696203
-488.483764,158,8271.297563,22.0,0.8670886075949367,0.07172995780590717,0.06371308016877637,0.7658227848101266,0.33544303797468356,0.10126582278481013
-483.378599,158,8274.226666,13.0,0.9224683544303798,0.06962025316455696,0.05590717299578058,0.759493670886076,0.34177215189873417,0.10126582278481013
-505.736029,158,8277.172866,24.0,0.8512658227848101,0.06645569620253164,0.05379746835443038,0.7658227848101266,0.36075949367088606,0.12658227848101267
-488.564676,158,8280.163965,21.0,0.8755274261603376,0.07172995780590717,0.05886075949367089,0.759493670886076,0.31645569620253167,0.0759493670886076
-498.480975,158,8283.234295,17.0,0.8924050632911392,0.06329113924050633,0.06329113924050633,0.7658227848101266,0.34810126582278483,0.11392405063291139
-507.257793,158,8286.245711,13.0,0.9177215189873418,0.06329113924050633,0.06329113924050633,0.759493670886076,0.26582278481012656,0.02531645569620253
-508.043299,158,8289.278538,12.0,0.9240506329113924,0.06329113924050633,0.056962025316455694,0.759493670886076,0.25949367088607594,0.0189873417721519
-495.246542,158,8292.302274,12.0,0.9293248945147679,0.07278481012658228,0.057383966244725734,0.7721518987341772,0.2848101265822785,0.056962025316455694
-502.478456,158,8295.263001,11.0,0.930379746835443,0.06645569620253164,0.06118143459915611,0.759493670886076,0.3037974683544304,0.06329113924050633
-501.879485,158,8298.261634,12.0,0.9240506329113924,0.06329113924050633,0.056962025316455694,0.7658227848101266,0.2848101265822785,0.05063291139240506
-507.163554,158,8301.271559,16.0,0.8987341772151899,0.06329113924050633,0.05063291139240506,0.759493670886076,0.3037974683544304,0.06329113924050633
-492.959668,158,8304.297044,20.0,0.879746835443038,0.06962025316455696,0.06329113924050633,0.7658227848101266,0.2848101265822785,0.05063291139240506
-500.044461,158,8307.290434,22.0,0.8623417721518988,0.06645569620253164,0.06540084388185653,0.7721518987341772,0.26582278481012656,0.0379746835443038
-487.990167,158,8310.257682,23.0,0.8556962025316455,0.06540084388185653,0.04588607594936709,0.7658227848101266,0.26582278481012656,0.03164556962025317
-495.725474,158,8313.273976,37.0,0.7721518987341772,0.0759493670886076,0.06856540084388185,0.759493670886076,0.2848101265822785,0.04430379746835443
-480.371221,158,8316.266878,30.0,0.8238396624472574,0.08122362869198312,0.07151898734177216,0.7848101265822784,0.2848101265822785,0.06962025316455696
-481.417759,158,8319.268217,22.0,0.8665611814345991,0.0759493670886076,0.06202531645569619,0.7721518987341772,0.2911392405063291,0.06329113924050633
-491.064021,158,8322.246469,13.0,0.9224683544303798,0.07278481012658228,0.06645569620253164,0.7784810126582279,0.2911392405063291,0.06962025316455696
-489.478475,158,8325.219356,9.0,0.9430379746835443,0.06329113924050633,0.06329113924050633,0.7848101265822784,0.2721518987341772,0.056962025316455694
-484.521237,158,8328.22418,7.0,0.9556962025316456,0.06329113924050633,0.06329113924050633,0.7721518987341772,0.2848101265822785,0.056962025316455694
-494.594021,158,8331.227908,11.0,0.930379746835443,0.06329113924050633,0.04430379746835443,0.7911392405063291,0.2848101265822785,0.0759493670886076
-486.869276,158,8334.236588,8.0,0.9493670886075949,0.06329113924050633,0.06329113924050633,0.7848101265822784,0.25949367088607594,0.04430379746835443
-478.542589,158,8337.217081,9.0,0.9430379746835443,0.06329113924050633,0.06329113924050633,0.7911392405063291,0.2721518987341772,0.06329113924050633
-477.015112,158,8340.203104,6.0,0.9620253164556962,0.06329113924050633,0.06329113924050633,0.8227848101265823,0.24050632911392406,0.06329113924050633
-495.72653,158,8343.210947,4.0,0.9746835443037974,0.06329113924050633,0.06329113924050633,0.8037974683544303,0.2468354430379747,0.05063291139240506
-496.419445,158,8346.194581,11.0,0.930379746835443,0.06329113924050633,0.056962025316455694,0.7658227848101266,0.2468354430379747,0.012658227848101266
-496.379637,158,8349.273351,20.0,0.8734177215189873,0.06329113924050633,0.056962025316455694,0.759493670886076,0.26582278481012656,0.02531645569620253
-493.695023,158,8352.266632,12.0,0.9240506329113924,0.06329113924050633,0.06329113924050633,0.7721518987341772,0.25949367088607594,0.03164556962025317
-492.0349,158,8355.224911,14.0,0.9113924050632911,0.06329113924050633,0.056962025316455694,0.810126582278481,0.2468354430379747,0.056962025316455694
-497.239573,158,8358.212881,25.0,0.8481012658227848,0.06962025316455696,0.04430379746835443,0.810126582278481,0.2468354430379747,0.056962025316455694
-479.366536,158,8361.207548,32.0,0.79957805907173,0.07172995780590717,0.056962025316455694,0.8037974683544303,0.24050632911392406,0.04430379746835443
-504.767398,158,8364.208185,29.0,0.8185654008438817,0.06645569620253164,0.04683544303797468,0.8164556962025317,0.24050632911392406,0.056962025316455694
-489.999005,158,8367.183606,19.0,0.879746835443038,0.06540084388185653,0.05379746835443038,0.8037974683544303,0.24050632911392406,0.04430379746835443
-481.501256,158,8370.166362,24.0,0.8502109704641351,0.07172995780590717,0.06540084388185653,0.8164556962025317,0.24050632911392406,0.056962025316455694
-490.291561,158,8373.139523,36.0,0.7784810126582279,0.06962025316455696,0.06329113924050633,0.8037974683544303,0.25316455696202533,0.056962025316455694
-506.049195,158,8376.155434,48.0,0.7020042194092826,0.07964135021097046,0.07162447257383966,0.810126582278481,0.26582278481012656,0.0759493670886076
-505.575089,158,8379.175296,38.0,0.7707805907172995,0.08333333333333333,0.058468957203134414,0.810126582278481,0.26582278481012656,0.0759493670886076
-513.878994,158,8382.219534,32.0,0.7974683544303798,0.06329113924050633,0.05063291139240506,0.810126582278481,0.25949367088607594,0.06962025316455696
-498.51107,158,8385.239427,29.0,0.8361814345991562,0.08966244725738397,0.07176009644364074,0.8291139240506329,0.26582278481012656,0.0949367088607595
-508.475432,158,8388.295897,27.0,0.8343881856540083,0.0759493670886076,0.06434599156118143,0.8291139240506329,0.25949367088607594,0.08860759493670886
-513.823974,158,8391.286385,18.0,0.8876582278481012,0.06962025316455696,0.04683544303797468,0.810126582278481,0.2468354430379747,0.056962025316455694
-506.426412,158,8394.250907,19.0,0.8818565400843883,0.06645569620253164,0.059493670886075954,0.810126582278481,0.25316455696202533,0.06329113924050633
-518.329112,158,8397.258369,16.0,0.8987341772151899,0.06329113924050633,0.06329113924050633,0.810126582278481,0.24050632911392406,0.05063291139240506
-510.737904,158,8400.228404,13.0,0.9177215189873418,0.06329113924050633,0.05063291139240506,0.8037974683544303,0.2468354430379747,0.05063291139240506
-522.349725,158,8403.221253,11.0,0.930379746835443,0.06329113924050633,0.05063291139240506,0.810126582278481,0.24050632911392406,0.05063291139240506
-518.358439,158,8406.222916,16.0,0.8987341772151899,0.06645569620253164,0.04852320675105485,0.8037974683544303,0.24050632911392406,0.04430379746835443
-521.466356,158,8409.255971,14.0,0.9113924050632911,0.06329113924050633,0.056962025316455694,0.7848101265822784,0.24050632911392406,0.02531645569620253
-511.035432,158,8412.487571,5.0,0.9683544303797469,0.06329113924050633,0.06329113924050633,0.8164556962025317,0.25316455696202533,0.06962025316455696
-502.411996,158,8415.450274,8.0,0.9493670886075949,0.06329113924050633,0.06329113924050633,0.7721518987341772,0.25316455696202533,0.02531645569620253
-498.239838,158,8418.374769,9.0,0.9451476793248946,0.06962025316455696,0.06645569620253164,0.7848101265822784,0.2468354430379747,0.03164556962025317
-488.366399,158,8421.35629,16.0,0.8987341772151899,0.06329113924050633,0.05063291139240506,0.7911392405063291,0.25949367088607594,0.05063291139240506
-489.170292,158,8424.265214,18.0,0.8860759493670886,0.06329113924050633,0.06329113924050633,0.7784810126582279,0.26582278481012656,0.04430379746835443
-507.853166,158,8427.22934,21.0,0.8670886075949367,0.06329113924050633,0.056962025316455694,0.7784810126582279,0.26582278481012656,0.04430379746835443
-518.944175,158,8430.296159,10.0,0.9382911392405063,0.06645569620253164,0.05274261603375527,0.7658227848101266,0.27848101265822783,0.04430379746835443
-507.475205,158,8433.343926,9.0,0.944620253164557,0.06645569620253164,0.06540084388185653,0.7721518987341772,0.26582278481012656,0.0379746835443038
-516.622085,158,8436.318398,20.0,0.8765822784810127,0.06645569620253164,0.04746835443037975,0.7721518987341772,0.2721518987341772,0.04430379746835443
-495.753172,158,8439.264515,14.0,0.9129746835443038,0.06962025316455696,0.053164556962025315,0.7721518987341772,0.2721518987341772,0.04430379746835443
-517.998382,158,8442.265181,9.0,0.9430379746835443,0.06329113924050633,0.05063291139240506,0.7658227848101266,0.27848101265822783,0.04430379746835443
-490.457893,158,8445.283886,16.0,0.8997890295358649,0.06962025316455696,0.03744725738396624,0.7721518987341772,0.3037974683544304,0.0759493670886076
-492.771652,158,8448.288366,14.0,0.9113924050632911,0.06962025316455696,0.05063291139240506,0.7721518987341772,0.2848101265822785,0.056962025316455694
-497.104081,158,8451.322907,15.0,0.9066455696202531,0.06540084388185653,0.05244122965641952,0.7721518987341772,0.2721518987341772,0.04430379746835443
-496.232028,158,8454.360587,21.0,0.8670886075949367,0.06329113924050633,0.056962025316455694,0.7911392405063291,0.25316455696202533,0.04430379746835443
-495.482584,158,8457.453644,28.0,0.8252712477396021,0.07489451476793248,0.05116033755274261,0.7721518987341772,0.2848101265822785,0.056962025316455694
-473.268006,158,8460.523066,45.0,0.7290084388185655,0.09282700421940927,0.08453887884267632,0.8037974683544303,0.25949367088607594,0.06329113924050633
-485.088875,158,8463.620412,53.0,0.6784810126582279,0.08122362869198312,0.07211673699015472,0.8291139240506329,0.2468354430379747,0.0759493670886076
-502.187972,158,8466.64927,36.0,0.7829113924050634,0.07383966244725738,0.06740506329113924,0.8291139240506329,0.26582278481012656,0.0949367088607595
-501.752176,158,8469.632239,38.0,0.7637130801687763,0.0701476793248945,0.05147679324894514,0.7848101265822784,0.2974683544303797,0.08227848101265822
-501.570789,158,8472.599988,22.0,0.8639240506329114,0.06645569620253164,0.05379746835443038,0.7721518987341772,0.3227848101265823,0.0949367088607595
-512.366511,158,8475.578795,36.0,0.7750527426160337,0.0759493670886076,0.04254571026722925,0.7721518987341772,0.310126582278481,0.08227848101265822
-495.895676,158,8478.599121,38.0,0.765295358649789,0.08333333333333333,0.05316455696202531,0.7848101265822784,0.33544303797468356,0.12025316455696203
-492.2606,158,8481.654154,50.0,0.685126582278481,0.07172995780590717,0.029234478601567207,0.7784810126582279,0.3924050632911392,0.17088607594936708
-469.195632,158,8484.666142,33.0,0.7974683544303798,0.07172995780590717,0.06413502109704641,0.7721518987341772,0.35443037974683544,0.12658227848101267
-472.365815,158,8487.677394,34.0,0.790084388185654,0.07383966244725738,0.06329113924050633,0.8037974683544303,0.27848101265822783,0.08227848101265822
-470.099794,158,8490.659499,16.0,0.90084388185654,0.0680379746835443,0.06931886678722123,0.7974683544303798,0.24050632911392406,0.0379746835443038
-456.913167,158,8493.678641,19.0,0.8843881856540086,0.06962025316455696,0.06863572433192687,0.810126582278481,0.24050632911392406,0.05063291139240506
-446.286308,158,8496.673707,22.0,0.8607594936708861,0.06329113924050633,0.06329113924050633,0.8037974683544303,0.24050632911392406,0.04430379746835443
-494.014909,158,8499.594275,25.0,0.8430379746835442,0.06645569620253164,0.06509945750452079,0.7974683544303798,0.2468354430379747,0.04430379746835443
-464.884936,158,8502.524578,32.0,0.8080771549125979,0.08333333333333333,0.07619549929676511,0.7784810126582279,0.25949367088607594,0.0379746835443038
-474.205717,158,8505.437603,18.0,0.8876582278481012,0.06645569620253164,0.06540084388185653,0.7658227848101266,0.3291139240506329,0.0949367088607595
-497.707366,158,8508.435878,25.0,0.8470464135021096,0.06962025316455696,0.0689873417721519,0.7658227848101266,0.27848101265822783,0.04430379746835443
-483.471621,158,8511.483922,27.0,0.8291139240506329,0.06329113924050633,0.0379746835443038,0.759493670886076,0.36075949367088606,0.12025316455696203
-441.620639,158,8514.456343,10.0,0.9367088607594937,0.06329113924050633,0.06329113924050633,0.7658227848101266,0.35443037974683544,0.12025316455696203
-477.326686,158,8517.432562,9.0,0.9430379746835443,0.06329113924050633,0.06329113924050633,0.7784810126582279,0.2848101265822785,0.06329113924050633
-301.926681,158,8520.538522,14.0,0.9198312236286919,0.07489451476793248,0.07278481012658228,0.8481012658227848,0.2468354430379747,0.0949367088607595
-170.363344,158,8523.581967,27.0,0.8291139240506329,0.06329113924050633,0.06329113924050633,0.8544303797468354,0.24050632911392406,0.0949367088607595
-199.415694,158,8526.632714,23.0,0.8544303797468354,0.06329113924050633,0.06329113924050633,0.8227848101265823,0.24050632911392406,0.06329113924050633
-243.320172,158,8529.647814,49.0,0.6964135021097047,0.07067510548523206,0.06974080771549127,0.7784810126582279,0.24050632911392406,0.0189873417721519
-288.611952,158,8532.719215,28.0,0.8227848101265823,0.06329113924050633,0.06329113924050633,0.7721518987341772,0.25949367088607594,0.03164556962025317
-333.367426,158,8535.757464,17.0,0.8924050632911392,0.06329113924050633,0.06329113924050633,0.7721518987341772,0.2848101265822785,0.056962025316455694
-480.214019,158,8538.812093,25.0,0.8502109704641349,0.07911392405063292,0.07742616033755274,0.7974683544303798,0.2721518987341772,0.06962025316455696
-490.576625,158,8541.877412,49.0,0.6977848101265823,0.08649789029535865,0.07278481012658228,0.8227848101265823,0.2468354430379747,0.06962025316455696
-292.328913,158,8545.098052,84.0,0.47753164556962024,0.07489451476793248,0.06024713682941531,0.8860759493670886,0.25316455696202533,0.13924050632911392
-275.148692,158,8548.173545,85.0,0.47405063291139243,0.08544303797468354,0.02795358649789029,0.8354430379746836,0.24050632911392406,0.0759493670886076
-362.850129,158,8551.291554,24.0,0.8481012658227848,0.06329113924050633,0.06329113924050633,0.7848101265822784,0.24050632911392406,0.02531645569620253
-473.271611,158,8554.336213,41.0,0.7515822784810127,0.07383966244725738,0.05497287522603978,0.7974683544303798,0.24050632911392406,0.0379746835443038
-482.396231,158,8557.332692,39.0,0.7552742616033755,0.06962025316455696,0.06371308016877637,0.7848101265822784,0.24050632911392406,0.02531645569620253
-407.436292,158,8560.297755,10.0,0.9367088607594937,0.06329113924050633,0.06329113924050633,0.759493670886076,0.37341772151898733,0.13291139240506328
-361.449697,158,8563.270763,2.0,0.9873417721518988,0.06329113924050633,0.06329113924050633,0.759493670886076,0.5379746835443038,0.2974683544303797
-351.659715,158,8566.278296,0.0,1.0,0.06329113924050633,0.06329113924050633,0.759493670886076,0.5443037974683544,0.3037974683544304
-395.622567,158,8569.319288,5.0,0.9683544303797469,0.06329113924050633,0.056962025316455694,0.7721518987341772,0.31645569620253167,0.08860759493670886
-361.002276,158,8572.32152,2.0,0.9873417721518988,0.06329113924050633,0.056962025316455694,0.7721518987341772,0.3227848101265823,0.0949367088607595
-406.108349,158,8575.32902,2.0,0.9873417721518988,0.06329113924050633,0.06329113924050633,0.7658227848101266,0.2974683544303797,0.06329113924050633
-393.236314,158,8578.281883,12.0,0.9240506329113924,0.06329113924050633,0.06329113924050633,0.7784810126582279,0.2721518987341772,0.05063291139240506
-405.944456,158,8581.277115,13.0,0.9177215189873418,0.06329113924050633,0.056962025316455694,0.7721518987341772,0.26582278481012656,0.0379746835443038
-432.08635,158,8584.335998,12.0,0.9272151898734177,0.06540084388185653,0.059493670886075954,0.7721518987341772,0.26582278481012656,0.0379746835443038
-439.967488,158,8587.424145,12.0,0.9240506329113924,0.06329113924050633,0.05063291139240506,0.7848101265822784,0.24050632911392406,0.02531645569620253
-490.999409,158,8590.543044,30.0,0.8132911392405063,0.06645569620253164,0.06645569620253164,0.8164556962025317,0.25316455696202533,0.06962025316455696
-483.332372,158,8593.551835,12.0,0.9240506329113924,0.06329113924050633,0.05063291139240506,0.8354430379746836,0.2468354430379747,0.08227848101265822
-503.589048,158,8596.77544,1.0,0.9936708860759493,0.06329113924050633,0.06329113924050633,0.8227848101265823,0.24050632911392406,0.06329113924050633
-490.568293,158,8599.78541,3.0,0.9810126582278481,0.06329113924050633,0.056962025316455694,0.7848101265822784,0.24050632911392406,0.02531645569620253
-490.35051,158,8602.797809,0.0,1.0,0.06329113924050633,0.06329113924050633,0.7721518987341772,0.2848101265822785,0.056962025316455694
-483.117469,158,8605.851554,3.0,0.9810126582278481,0.06329113924050633,0.06329113924050633,0.759493670886076,0.310126582278481,0.06962025316455696
-486.723327,158,8608.900014,2.0,0.9873417721518988,0.06329113924050633,0.06329113924050633,0.759493670886076,0.3291139240506329,0.08860759493670886
-501.519863,158,8611.918539,13.0,0.9214135021097045,0.07700421940928269,0.07489451476793248,0.759493670886076,0.2974683544303797,0.056962025316455694
-507.849987,158,8614.949514,9.0,0.9430379746835443,0.06329113924050633,0.06329113924050633,0.759493670886076,0.26582278481012656,0.02531645569620253
-497.679312,158,8617.953477,4.0,0.9746835443037974,0.06329113924050633,0.06329113924050633,0.7658227848101266,0.2911392405063291,0.056962025316455694
-497.09564,158,8621.008965,0.0,1.0,0.06329113924050633,0.06329113924050633,0.759493670886076,0.34810126582278483,0.10759493670886076
-482.860897,158,8624.118136,0.0,1.0,0.06329113924050633,0.06329113924050633,0.759493670886076,0.4050632911392405,0.16455696202531644
-480.429257,158,8627.20157,0.0,1.0,0.06329113924050633,0.06329113924050633,0.759493670886076,0.44936708860759494,0.2088607594936709
-481.169551,158,8630.280709,0.0,1.0,0.06329113924050633,0.06329113924050633,0.759493670886076,0.4620253164556962,0.22151898734177214
-483.547196,158,8633.388467,0.0,1.0,0.06329113924050633,0.06329113924050633,0.759493670886076,0.4873417721518987,0.2468354430379747
-492.898818,158,8636.423067,4.0,0.9746835443037974,0.06329113924050633,0.06329113924050633,0.759493670886076,0.4050632911392405,0.16455696202531644
-500.747414,158,8639.467869,0.0,1.0,0.06329113924050633,0.06329113924050633,0.7784810126582279,0.37341772151898733,0.1518987341772152
-490.411588,158,8642.47001,3.0,0.9810126582278481,0.06329113924050633,0.06329113924050633,0.7721518987341772,0.37341772151898733,0.14556962025316456
-481.796793,158,8645.470856,4.0,0.9746835443037974,0.06329113924050633,0.06329113924050633,0.7658227848101266,0.4240506329113924,0.189873417721519
-478.286031,158,8648.492195,17.0,0.8924050632911392,0.06329113924050633,0.05063291139240506,0.759493670886076,0.5126582278481012,0.2721518987341772
-450.032547,158,8651.572128,29.0,0.8164556962025317,0.06329113924050633,0.06329113924050633,0.759493670886076,0.5886075949367089,0.34810126582278483
-477.550995,158,8654.635215,17.0,0.8955696202531646,0.06540084388185653,0.06582278481012659,0.759493670886076,0.44936708860759494,0.2088607594936709
-493.849892,158,8657.698676,23.0,0.8581223628691984,0.07172995780590717,0.06160337552742617,0.7658227848101266,0.2911392405063291,0.056962025316455694
-477.935327,158,8660.744343,20.0,0.8781645569620253,0.06856540084388185,0.05560578661844484,0.759493670886076,0.2911392405063291,0.05063291139240506
-492.442628,158,8663.748663,15.0,0.9171940928270044,0.07911392405063292,0.07573839662447256,0.759493670886076,0.25949367088607594,0.0189873417721519
-501.396461,158,8666.746102,9.0,0.9462025316455697,0.06751054852320675,0.0689873417721519,0.759493670886076,0.26582278481012656,0.02531645569620253
-503.998796,158,8669.742957,10.0,0.938818565400844,0.06645569620253164,0.06582278481012659,0.759493670886076,0.27848101265822783,0.0379746835443038
-505.198208,158,8672.761358,5.0,0.9715189873417721,0.06540084388185653,0.06582278481012659,0.7658227848101266,0.25316455696202533,0.0189873417721519
-502.705856,158,8675.725626,0.0,1.0,0.06329113924050633,0.06329113924050633,0.7658227848101266,0.25316455696202533,0.0189873417721519
-503.158291,158,8678.745011,3.0,0.9831223628691984,0.06962025316455696,0.06645569620253164,0.7658227848101266,0.25316455696202533,0.0189873417721519
-520.357492,158,8681.704605,1.0,0.9936708860759493,0.06329113924050633,0.06329113924050633,0.759493670886076,0.25949367088607594,0.0189873417721519
-487.800467,158,8684.747869,5.0,0.9683544303797469,0.06329113924050633,0.05063291139240506,0.7658227848101266,0.2848101265822785,0.05063291139240506
-519.33851,158,8687.745753,2.0,0.9873417721518988,0.06329113924050633,0.06329113924050633,0.759493670886076,0.25949367088607594,0.0189873417721519
-502.018669,158,8690.741785,5.0,0.9683544303797469,0.06329113924050633,0.06329113924050633,0.759493670886076,0.2721518987341772,0.03164556962025317
-498.683601,158,8693.72497,2.0,0.9873417721518988,0.06329113924050633,0.06329113924050633,0.7658227848101266,0.25949367088607594,0.02531645569620253
-494.799975,158,8696.695493,1.0,0.9936708860759493,0.06329113924050633,0.056962025316455694,0.7658227848101266,0.2721518987341772,0.0379746835443038
-500.278498,158,8699.654537,1.0,0.9936708860759493,0.06329113924050633,0.06329113924050633,0.7658227848101266,0.26582278481012656,0.03164556962025317
-502.474977,158,8702.597027,4.0,0.9746835443037974,0.06329113924050633,0.056962025316455694,0.7658227848101266,0.2721518987341772,0.0379746835443038
-503.490839,158,8705.615268,3.0,0.9810126582278481,0.06329113924050633,0.06329113924050633,0.7721518987341772,0.2721518987341772,0.04430379746835443
-492.166086,158,8708.606096,10.0,0.9367088607594937,0.06329113924050633,0.06329113924050633,0.7721518987341772,0.2468354430379747,0.0189873417721519
-495.272011,158,8711.60042,2.0,0.9873417721518988,0.06329113924050633,0.06329113924050633,0.7721518987341772,0.24050632911392406,0.012658227848101266
-487.859873,158,8714.621841,7.0,0.9556962025316456,0.06645569620253164,0.06751054852320675,0.7658227848101266,0.2468354430379747,0.012658227848101266
-491.433268,158,8717.656834,8.0,0.9493670886075949,0.06329113924050633,0.056962025316455694,0.7658227848101266,0.24050632911392406,0.006329113924050633
-476.551854,158,8720.700406,8.0,0.9493670886075949,0.06329113924050633,0.06329113924050633,0.7721518987341772,0.24050632911392406,0.012658227848101266
-507.894018,158,8723.723789,4.0,0.9746835443037974,0.06329113924050633,0.06329113924050633,0.7721518987341772,0.24050632911392406,0.012658227848101266
-492.090709,158,8726.697778,14.0,0.9113924050632911,0.06329113924050633,0.06329113924050633,0.7721518987341772,0.24050632911392406,0.012658227848101266
-506.599424,158,8729.701163,11.0,0.9356540084388184,0.07172995780590717,0.06962025316455696,0.7848101265822784,0.24050632911392406,0.02531645569620253
-507.19956,158,8732.707128,8.0,0.9556962025316456,0.07383966244725738,0.07468354430379748,0.7974683544303798,0.24050632911392406,0.0379746835443038
-498.556125,158,8735.693773,9.0,0.9578059071729959,0.08438818565400844,0.08333333333333333,0.7848101265822784,0.24050632911392406,0.02531645569620253
-508.268677,158,8738.725516,12.0,0.9240506329113924,0.06329113924050633,0.056962025316455694,0.7848101265822784,0.24050632911392406,0.02531645569620253
-497.8779,158,8741.689599,5.0,0.9683544303797469,0.06329113924050633,0.06329113924050633,0.7848101265822784,0.2468354430379747,0.03164556962025317
-503.418435,158,8744.647093,7.0,0.9556962025316456,0.06329113924050633,0.06329113924050633,0.7848101265822784,0.24050632911392406,0.02531645569620253
-517.095248,158,8747.614908,8.0,0.9493670886075949,0.06329113924050633,0.06329113924050633,0.7848101265822784,0.24050632911392406,0.02531645569620253
-523.003722,158,8750.55855,6.0,0.9620253164556962,0.06329113924050633,0.06329113924050633,0.7658227848101266,0.2468354430379747,0.012658227848101266
-517.238737,158,8753.585992,1.0,0.9936708860759493,0.06329113924050633,0.06329113924050633,0.7721518987341772,0.25316455696202533,0.02531645569620253
-512.957389,158,8756.574113,4.0,0.9778481012658228,0.06645569620253164,0.06645569620253164,0.7658227848101266,0.25949367088607594,0.02531645569620253
-515.392113,158,8759.615088,6.0,0.9620253164556962,0.06645569620253164,0.06751054852320675,0.7658227848101266,0.25949367088607594,0.02531645569620253
-501.516962,158,8762.627692,9.0,0.9509493670886076,0.07278481012658228,0.07172995780590717,0.7658227848101266,0.25949367088607594,0.02531645569620253
-505.892497,158,8765.592823,6.0,0.9620253164556962,0.06329113924050633,0.06329113924050633,0.759493670886076,0.2721518987341772,0.03164556962025317
-516.724124,158,8768.576385,7.0,0.9556962025316456,0.06329113924050633,0.06329113924050633,0.759493670886076,0.2848101265822785,0.04430379746835443
-503.020204,158,8771.581125,5.0,0.970464135021097,0.06645569620253164,0.06582278481012659,0.7658227848101266,0.2848101265822785,0.05063291139240506
-500.972466,158,8774.547648,6.0,0.9651898734177216,0.06645569620253164,0.06645569620253164,0.7658227848101266,0.2974683544303797,0.06329113924050633
-502.115237,158,8777.522271,9.0,0.948523206751055,0.07278481012658228,0.06383363471971067,0.7721518987341772,0.2721518987341772,0.04430379746835443
-520.302218,158,8780.500141,3.0,0.9810126582278481,0.06329113924050633,0.06329113924050633,0.759493670886076,0.26582278481012656,0.02531645569620253
-497.085498,158,8783.468901,16.0,0.9087552742616033,0.0780590717299578,0.06160337552742617,0.759493670886076,0.25949367088607594,0.0189873417721519
-505.085278,158,8786.451224,29.0,0.819620253164557,0.07278481012658228,0.040084388185654005,0.759493670886076,0.2911392405063291,0.05063291139240506
-504.087323,158,8789.627826,16.0,0.9040084388185653,0.07278481012658228,0.0510548523206751,0.7784810126582279,0.27848101265822783,0.056962025316455694
-494.491897,158,8792.614119,11.0,0.930379746835443,0.06329113924050633,0.05063291139240506,0.7784810126582279,0.2974683544303797,0.0759493670886076
-491.248364,158,8795.585637,10.0,0.9451476793248944,0.07172995780590717,0.06540084388185653,0.7721518987341772,0.34810126582278483,0.12025316455696203
-490.910075,158,8798.57819,4.0,0.9746835443037974,0.06329113924050633,0.06329113924050633,0.7721518987341772,0.3670886075949367,0.13924050632911392
-495.694002,158,8801.546188,10.0,0.9440928270042195,0.07489451476793248,0.07531645569620253,0.7658227848101266,0.3037974683544304,0.06962025316455696
-494.274087,158,8804.571284,5.0,0.9704641350210971,0.06487341772151899,0.058770343580470154,0.759493670886076,0.33544303797468356,0.0949367088607595
-510.51966,158,8807.545044,4.0,0.9778481012658228,0.06645569620253164,0.06645569620253164,0.759493670886076,0.3037974683544304,0.06329113924050633
-515.320716,158,8810.509672,6.0,0.9620253164556962,0.06329113924050633,0.06329113924050633,0.759493670886076,0.2911392405063291,0.05063291139240506
-509.795586,158,8813.522902,5.0,0.9720464135021097,0.06962025316455696,0.0679324894514768,0.759493670886076,0.2974683544303797,0.056962025316455694
-503.669105,158,8816.51688,4.0,0.9746835443037974,0.06329113924050633,0.06329113924050633,0.759493670886076,0.37341772151898733,0.13291139240506328
-499.319662,158,8819.532064,10.0,0.9419831223628691,0.06856540084388185,0.06835443037974684,0.759493670886076,0.4050632911392405,0.16455696202531644
-505.123148,158,8822.572484,12.0,0.9240506329113924,0.06329113924050633,0.06329113924050633,0.759493670886076,0.379746835443038,0.13924050632911392
-523.105254,158,8825.568714,11.0,0.9372362869198311,0.07278481012658228,0.0710970464135021,0.759493670886076,0.3037974683544304,0.06329113924050633
-509.724417,158,8828.524837,8.0,0.9525316455696202,0.06645569620253164,0.06645569620253164,0.759493670886076,0.310126582278481,0.06962025316455696
-517.917732,158,8831.530211,3.0,0.9831223628691982,0.06645569620253164,0.06582278481012659,0.759493670886076,0.2721518987341772,0.03164556962025317
-524.785807,158,8834.523373,1.0,0.9936708860759493,0.06329113924050633,0.06329113924050633,0.759493670886076,0.25316455696202533,0.012658227848101266
-520.282977,158,8837.496456,2.0,0.9873417721518988,0.06329113924050633,0.06329113924050633,0.759493670886076,0.25949367088607594,0.0189873417721519
-511.806277,158,8840.452898,2.0,0.9873417721518988,0.06540084388185653,0.06645569620253164,0.7658227848101266,0.25316455696202533,0.0189873417721519
-510.691366,158,8843.438795,8.0,0.9556962025316456,0.06856540084388185,0.0689873417721519,0.759493670886076,0.25316455696202533,0.012658227848101266
-515.02362,158,8846.46315,9.0,0.9451476793248944,0.0759493670886076,0.07489451476793248,0.7658227848101266,0.2468354430379747,0.012658227848101266
-510.427752,158,8849.497046,15.0,0.9082278481012658,0.06962025316455696,0.05485232067510548,0.759493670886076,0.2721518987341772,0.03164556962025317
-494.31934,158,8852.537526,29.0,0.8180379746835443,0.07278481012658228,0.04472573839662447,0.759493670886076,0.2911392405063291,0.05063291139240506
-507.609135,158,8855.528173,2.0,0.9873417721518988,0.06329113924050633,0.06329113924050633,0.759493670886076,0.26582278481012656,0.02531645569620253
-490.654141,158,8858.515953,29.0,0.8272151898734177,0.0759493670886076,0.07459312839059674,0.759493670886076,0.25316455696202533,0.012658227848101266
-473.145802,158,8861.504896,33.0,0.7974683544303798,0.08544303797468354,0.08227848101265822,0.759493670886076,0.3291139240506329,0.08860759493670886
-492.201339,158,8864.456317,8.0,0.9493670886075949,0.06329113924050633,0.06329113924050633,0.759493670886076,0.2468354430379747,0.006329113924050633
-512.919076,158,8867.412729,7.0,0.9556962025316456,0.06329113924050633,0.06329113924050633,0.759493670886076,0.310126582278481,0.06962025316455696
-514.006411,158,8870.440998,7.0,0.9556962025316456,0.06329113924050633,0.06329113924050633,0.759493670886076,0.34810126582278483,0.10759493670886076
-520.055827,158,8873.547,2.0,0.9873417721518988,0.06329113924050633,0.06329113924050633,0.8291139240506329,0.2468354430379747,0.0759493670886076
-516.034094,158,8876.555982,1.0,0.9936708860759493,0.06329113924050633,0.06329113924050633,0.8670886075949367,0.2468354430379747,0.11392405063291139
-512.435799,158,8879.579252,2.0,0.9873417721518988,0.06329113924050633,0.06329113924050633,0.8670886075949367,0.24050632911392406,0.10759493670886076
-504.422966,158,8882.599283,2.0,0.9873417721518988,0.06329113924050633,0.06329113924050633,0.879746835443038,0.24050632911392406,0.12025316455696203
-508.275416,158,8885.642112,2.0,0.9873417721518988,0.06329113924050633,0.05063291139240506,0.9050632911392406,0.24050632911392406,0.14556962025316456
-500.636492,158,8888.701631,9.0,0.9430379746835443,0.06329113924050633,0.056962025316455694,0.9240506329113924,0.24050632911392406,0.16455696202531644
-503.096261,158,8891.717402,37.0,0.7774261603375527,0.08227848101265822,0.032700421940928266,0.8987341772151899,0.24050632911392406,0.13924050632911392
-522.408281,158,8894.746349,18.0,0.8860759493670886,0.06329113924050633,0.05063291139240506,0.8354430379746836,0.26582278481012656,0.10126582278481013
-515.549677,158,8897.761694,25.0,0.8426763110307414,0.06645569620253164,0.03938115330520394,0.7974683544303798,0.2974683544303797,0.0949367088607595
-496.847828,158,8900.79335,13.0,0.9177215189873418,0.06645569620253164,0.06118143459915611,0.759493670886076,0.310126582278481,0.06962025316455696
-496.097035,158,8903.936607,15.0,0.9071729957805906,0.0680379746835443,0.06931886678722123,0.759493670886076,0.25949367088607594,0.0189873417721519
-500.642166,158,8907.060805,26.0,0.845464135021097,0.07700421940928269,0.07088607594936708,0.759493670886076,0.2468354430379747,0.006329113924050633
-502.441688,158,8910.250085,25.0,0.8497890295358651,0.07911392405063292,0.07971167369901548,0.7658227848101266,0.24050632911392406,0.006329113924050633
-498.039661,158,8913.248198,11.0,0.930379746835443,0.06329113924050633,0.056962025316455694,0.7974683544303798,0.24050632911392406,0.0379746835443038
-496.873413,158,8916.213121,18.0,0.8881856540084387,0.06645569620253164,0.06582278481012659,0.7911392405063291,0.2721518987341772,0.06329113924050633
-504.387004,158,8919.184364,11.0,0.9335443037974683,0.06645569620253164,0.06645569620253164,0.7784810126582279,0.34177215189873417,0.12025316455696203
-492.153371,158,8922.217322,27.0,0.8364978902953586,0.07278481012658228,0.07151898734177216,0.7721518987341772,0.3227848101265823,0.0949367088607595
-506.200986,158,8925.209836,20.0,0.8755274261603374,0.06645569620253164,0.059493670886075954,0.7721518987341772,0.25316455696202533,0.02531645569620253
-520.541598,158,8928.213905,6.0,0.9620253164556962,0.06329113924050633,0.06329113924050633,0.7658227848101266,0.27848101265822783,0.04430379746835443
-506.032573,158,8931.253202,27.0,0.8303797468354429,0.06645569620253164,0.05244122965641952,0.759493670886076,0.34810126582278483,0.10759493670886076
-534.715978,158,8934.253097,7.0,0.9556962025316456,0.06329113924050633,0.06329113924050633,0.7721518987341772,0.27848101265822783,0.05063291139240506
-513.657276,158,8937.296189,8.0,0.9493670886075949,0.06329113924050633,0.06329113924050633,0.7658227848101266,0.3227848101265823,0.08860759493670886
-526.250086,158,8940.267642,4.0,0.9778481012658228,0.06540084388185653,0.06582278481012659,0.7784810126582279,0.3037974683544304,0.08227848101265822
-501.742217,158,8943.28321,2.0,0.9873417721518988,0.06329113924050633,0.06329113924050633,0.7658227848101266,0.2974683544303797,0.06329113924050633
-505.685015,158,8946.293185,2.0,0.9873417721518988,0.06329113924050633,0.06329113924050633,0.7658227848101266,0.3037974683544304,0.06962025316455696
-487.771755,158,8949.32318,1.0,0.9936708860759493,0.06329113924050633,0.06329113924050633,0.7658227848101266,0.25949367088607594,0.02531645569620253
-498.223839,158,8952.393919,0.0,1.0,0.06329113924050633,0.06329113924050633,0.7658227848101266,0.25949367088607594,0.02531645569620253
-495.119349,158,8955.443978,0.0,1.0,0.06329113924050633,0.06329113924050633,0.7721518987341772,0.25316455696202533,0.02531645569620253
-486.19437,158,8958.480877,1.0,0.9936708860759493,0.06329113924050633,0.06329113924050633,0.7721518987341772,0.26582278481012656,0.0379746835443038
-500.060472,158,8961.49732,7.0,0.9556962025316456,0.06329113924050633,0.06329113924050633,0.7784810126582279,0.26582278481012656,0.04430379746835443
-483.325707,158,8964.474635,14.0,0.9113924050632911,0.06329113924050633,0.06329113924050633,0.7721518987341772,0.2468354430379747,0.0189873417721519
-479.629164,158,8967.513677,24.0,0.8544303797468354,0.06962025316455696,0.06962025316455696,0.7848101265822784,0.24050632911392406,0.02531645569620253
-476.242442,158,8970.548272,21.0,0.8691983122362869,0.06856540084388185,0.0689873417721519,0.7848101265822784,0.24050632911392406,0.02531645569620253
-495.43474,158,8973.658894,38.0,0.7660337552742615,0.07383966244725738,0.07112718505123568,0.7721518987341772,0.2468354430379747,0.0189873417721519
-497.198937,158,8976.727792,43.0,0.7278481012658228,0.06329113924050633,0.06329113924050633,0.7911392405063291,0.25316455696202533,0.04430379746835443
-514.373583,158,8980.006203,16.0,0.9018987341772152,0.06962025316455696,0.06751054852320675,0.8037974683544303,0.26582278481012656,0.06962025316455696
-445.458433,158,8983.099103,45.0,0.7224683544303797,0.0780590717299578,0.04739300783604581,0.8037974683544303,0.2721518987341772,0.0759493670886076
-439.29796,158,8986.168388,46.0,0.7141350210970464,0.07067510548523206,0.04620253164556962,0.7848101265822784,0.26582278481012656,0.05063291139240506
-442.843825,158,8989.253507,71.0,0.5654008438818566,0.08544303797468354,0.08037974683544305,0.7721518987341772,0.310126582278481,0.08227848101265822
-437.181355,158,8992.318954,46.0,0.7109704641350211,0.06645569620253164,0.03417721518987342,0.7658227848101266,0.3037974683544304,0.06962025316455696
-330.654441,158,8995.321439,17.0,0.8924050632911392,0.06329113924050633,0.056962025316455694,0.7721518987341772,0.2721518987341772,0.04430379746835443
-350.644394,158,8998.318542,12.0,0.9272151898734177,0.06645569620253164,0.06645569620253164,0.7721518987341772,0.25949367088607594,0.03164556962025317
-496.862533,158,9001.353249,18.0,0.8929324894514766,0.07067510548523206,0.07037371910789632,0.7658227848101266,0.25316455696202533,0.0189873417721519
-492.862076,158,9004.414821,18.0,0.8881856540084387,0.06856540084388185,0.06962025316455696,0.7658227848101266,0.2974683544303797,0.06329113924050633
-487.465116,158,9007.491818,19.0,0.8829113924050633,0.06540084388185653,0.06582278481012659,0.7658227848101266,0.3227848101265823,0.08860759493670886
-486.236735,158,9010.53493,18.0,0.8960970464135022,0.07383966244725738,0.07332730560578661,0.7658227848101266,0.35443037974683544,0.12025316455696203
-496.991993,158,9013.610848,26.0,0.840717299578059,0.06751054852320675,0.0679324894514768,0.7658227848101266,0.2974683544303797,0.06329113924050633
-501.044026,158,9016.63129,20.0,0.8765822784810127,0.06540084388185653,0.06582278481012659,0.7784810126582279,0.25949367088607594,0.0379746835443038
-506.845734,158,9019.654397,16.0,0.8987341772151899,0.06329113924050633,0.06329113924050633,0.8037974683544303,0.25316455696202533,0.056962025316455694
-508.582575,158,9022.688503,16.0,0.8987341772151899,0.06329113924050633,0.06329113924050633,0.7784810126582279,0.25316455696202533,0.03164556962025317
-500.95327,158,9025.727324,24.0,0.8502109704641349,0.06540084388185653,0.06540084388185653,0.7784810126582279,0.25316455696202533,0.03164556962025317
-504.564371,158,9028.791,33.0,0.7964135021097046,0.06751054852320675,0.06793248945147679,0.7784810126582279,0.2468354430379747,0.02531645569620253
-507.048903,158,9031.857829,26.0,0.8412447257383966,0.07489451476793248,0.06446654611211573,0.7784810126582279,0.25949367088607594,0.0379746835443038
-512.611187,158,9034.830278,17.0,0.8924050632911392,0.06329113924050633,0.056962025316455694,0.7911392405063291,0.25316455696202533,0.04430379746835443
-512.141123,158,9037.753993,16.0,0.9008438818565402,0.06645569620253164,0.059493670886075954,0.7911392405063291,0.2468354430379747,0.0379746835443038
-523.228161,158,9040.703981,13.0,0.9177215189873418,0.06329113924050633,0.06329113924050633,0.7848101265822784,0.24050632911392406,0.02531645569620253
-513.326357,158,9043.705873,6.0,0.9620253164556962,0.06540084388185653,0.060126582278481014,0.7911392405063291,0.2468354430379747,0.0379746835443038
-509.362861,158,9046.734746,13.0,0.9177215189873418,0.06329113924050633,0.04430379746835443,0.7848101265822784,0.2468354430379747,0.03164556962025317
-508.054518,158,9049.7374,16.0,0.9050632911392406,0.06962025316455696,0.056962025316455694,0.7658227848101266,0.2468354430379747,0.012658227848101266
-493.025358,158,9052.741623,15.0,0.9156118143459915,0.08122362869198312,0.0759493670886076,0.7721518987341772,0.25949367088607594,0.03164556962025317
-493.633233,158,9055.762052,11.0,0.9348101265822784,0.06856540084388185,0.06763110307414105,0.7658227848101266,0.25316455696202533,0.0189873417721519
-495.948229,158,9058.722637,4.0,0.9746835443037974,0.06329113924050633,0.056962025316455694,0.7658227848101266,0.25949367088607594,0.02531645569620253
-492.481886,158,9061.702024,7.0,0.960970464135021,0.06962025316455696,0.06265822784810127,0.7721518987341772,0.24050632911392406,0.012658227848101266
-502.384521,158,9064.749848,14.0,0.9113924050632911,0.06329113924050633,0.056962025316455694,0.7911392405063291,0.24050632911392406,0.03164556962025317
-498.358635,158,9067.754997,9.0,0.9462025316455697,0.06645569620253164,0.06645569620253164,0.7848101265822784,0.24050632911392406,0.02531645569620253
-503.668815,158,9070.696105,15.0,0.9082278481012658,0.06645569620253164,0.04746835443037975,0.7658227848101266,0.25949367088607594,0.02531645569620253
-496.553968,158,9073.634925,21.0,0.870253164556962,0.06962025316455696,0.05168776371308016,0.759493670886076,0.24050632911392406,0.0
-517.889082,158,9076.678167,23.0,0.8544303797468354,0.06329113924050633,0.0379746835443038,0.7658227848101266,0.24050632911392406,0.006329113924050633
-495.762557,158,9079.733074,8.0,0.9493670886075949,0.06329113924050633,0.056962025316455694,0.7658227848101266,0.24050632911392406,0.006329113924050633
-502.894575,158,9082.729435,5.0,0.9683544303797469,0.06329113924050633,0.06329113924050633,0.7658227848101266,0.24050632911392406,0.006329113924050633
-507.490229,158,9085.677069,4.0,0.9746835443037974,0.06329113924050633,0.06329113924050633,0.7658227848101266,0.24050632911392406,0.006329113924050633
-511.024502,158,9088.646602,10.0,0.939873417721519,0.06962025316455696,0.06118143459915611,0.7658227848101266,0.24050632911392406,0.006329113924050633
-513.256172,158,9091.597297,4.0,0.9746835443037974,0.06329113924050633,0.06329113924050633,0.7721518987341772,0.24050632911392406,0.012658227848101266
-508.151924,158,9094.618469,12.0,0.9253164556962025,0.06645569620253164,0.06509945750452079,0.7658227848101266,0.2468354430379747,0.012658227848101266
-512.359285,158,9097.64487,15.0,0.9050632911392406,0.06540084388185653,0.06645569620253164,0.7721518987341772,0.2468354430379747,0.0189873417721519
-484.493736,158,9100.606985,22.0,0.8639240506329114,0.06645569620253164,0.060126582278481014,0.759493670886076,0.2468354430379747,0.006329113924050633
-495.544516,158,9103.571945,16.0,0.9003164556962026,0.06645569620253164,0.0590717299578059,0.759493670886076,0.25949367088607594,0.0189873417721519
-512.583844,158,9106.596837,25.0,0.8459915611814347,0.06751054852320675,0.06118143459915611,0.759493670886076,0.2721518987341772,0.03164556962025317
-507.453322,158,9109.600535,32.0,0.810337552742616,0.07911392405063292,0.06636528028933093,0.759493670886076,0.26582278481012656,0.02531645569620253
-508.470021,158,9112.557137,15.0,0.9050632911392406,0.06540084388185653,0.05379746835443038,0.759493670886076,0.27848101265822783,0.0379746835443038
-509.003665,158,9115.613412,16.0,0.8999999999999999,0.06645569620253164,0.058770343580470154,0.7658227848101266,0.26582278481012656,0.03164556962025317
-501.928447,158,9118.639832,23.0,0.8556962025316455,0.06645569620253164,0.0461121157323689,0.7658227848101266,0.2468354430379747,0.012658227848101266
-500.198847,158,9121.638952,17.0,0.8933092224231465,0.06540084388185653,0.05189873417721518,0.7721518987341772,0.26582278481012656,0.0379746835443038
-495.440911,158,9124.624641,18.0,0.8881856540084389,0.0759493670886076,0.060126582278481014,0.7721518987341772,0.2848101265822785,0.056962025316455694
-483.014533,158,9127.572644,5.0,0.9683544303797469,0.06329113924050633,0.06329113924050633,0.7658227848101266,0.35443037974683544,0.12025316455696203
-484.283644,158,9130.588308,19.0,0.8839662447257385,0.07278481012658228,0.0689873417721519,0.7658227848101266,0.36075949367088606,0.12658227848101267
-482.512331,158,9133.641335,17.0,0.8924050632911392,0.06329113924050633,0.056962025316455694,0.759493670886076,0.3291139240506329,0.08860759493670886
-489.199427,158,9136.637744,18.0,0.8892405063291139,0.06962025316455696,0.07067510548523206,0.7658227848101266,0.31645569620253167,0.08227848101265822
-505.893754,158,9139.663061,12.0,0.9240506329113924,0.06329113924050633,0.06329113924050633,0.7658227848101266,0.2468354430379747,0.012658227848101266
-507.889986,158,9142.636797,13.0,0.9214135021097045,0.06962025316455696,0.04894514767932489,0.759493670886076,0.25316455696202533,0.012658227848101266
-503.701129,158,9145.632321,22.0,0.8641350210970464,0.07489451476793248,0.05843881856540085,0.7848101265822784,0.2468354430379747,0.03164556962025317
-439.86212,158,9148.731189,83.0,0.49683544303797467,0.11075949367088607,0.0628691983122363,0.8417721518987342,0.24050632911392406,0.08227848101265822
-492.334554,158,9151.806754,67.0,0.6109704641350211,0.12236286919831223,0.0887884267631103,0.8607594936708861,0.24050632911392406,0.10126582278481013
-429.544599,158,9154.807676,31.0,0.811181434599156,0.08544303797468354,0.0590717299578059,0.8481012658227848,0.24050632911392406,0.08860759493670886
-356.490048,158,9157.785226,3.0,0.9810126582278481,0.06329113924050633,0.056962025316455694,0.8037974683544303,0.2721518987341772,0.0759493670886076
-458.404315,158,9160.807905,19.0,0.879746835443038,0.06329113924050633,0.04430379746835443,0.7848101265822784,0.25316455696202533,0.0379746835443038
-473.954337,158,9164.06024,29.0,0.8272151898734177,0.07489451476793248,0.0490506329113924,0.7911392405063291,0.2468354430379747,0.0379746835443038
-486.904731,158,9167.09774,25.0,0.8417721518987342,0.06329113924050633,0.05063291139240506,0.7974683544303798,0.24050632911392406,0.0379746835443038
-510.685367,158,9170.108416,14.0,0.9113924050632911,0.06329113924050633,0.056962025316455694,0.7721518987341772,0.24050632911392406,0.012658227848101266
-507.163766,158,9173.117626,20.0,0.8734177215189873,0.06329113924050633,0.05063291139240506,0.7658227848101266,0.24050632911392406,0.006329113924050633
-510.884887,158,9176.15777,16.0,0.9029535864978903,0.06751054852320675,0.04852320675105485,0.7658227848101266,0.25316455696202533,0.0189873417721519
-505.672386,158,9179.216389,10.0,0.9367088607594937,0.06540084388185653,0.05379746835443038,0.7658227848101266,0.24050632911392406,0.006329113924050633
-499.474393,158,9182.289993,26.0,0.839662447257384,0.07172995780590717,0.05590717299578058,0.7658227848101266,0.2468354430379747,0.012658227848101266
-497.945386,158,9185.307185,35.0,0.7869198312236287,0.08438818565400844,0.05274261603375527,0.7658227848101266,0.25316455696202533,0.0189873417721519
-493.457994,158,9188.260113,29.0,0.8164556962025317,0.06540084388185653,0.04113924050632911,0.7658227848101266,0.2974683544303797,0.06329113924050633
-502.991645,158,9191.23009,5.0,0.9683544303797469,0.06329113924050633,0.06329113924050633,0.7658227848101266,0.27848101265822783,0.04430379746835443
-491.954015,158,9194.191009,8.0,0.9493670886075949,0.06329113924050633,0.06329113924050633,0.759493670886076,0.2974683544303797,0.056962025316455694
-497.794763,158,9197.180287,9.0,0.9430379746835443,0.06329113924050633,0.06329113924050633,0.7658227848101266,0.3037974683544304,0.06962025316455696
-490.726257,158,9200.16803,7.0,0.9556962025316456,0.06329113924050633,0.056962025316455694,0.759493670886076,0.3291139240506329,0.08860759493670886
-499.824035,158,9203.158536,2.0,0.9873417721518988,0.06329113924050633,0.06329113924050633,0.759493670886076,0.34810126582278483,0.10759493670886076
-488.290885,158,9206.13786,0.0,1.0,0.06329113924050633,0.06329113924050633,0.7658227848101266,0.3924050632911392,0.15822784810126583
-494.182992,158,9209.130356,0.0,1.0,0.06329113924050633,0.06329113924050633,0.7658227848101266,0.2721518987341772,0.0379746835443038
-506.576058,158,9212.18744,9.0,0.9430379746835443,0.06329113924050633,0.056962025316455694,0.7658227848101266,0.2848101265822785,0.05063291139240506
-502.752398,158,9215.263287,20.0,0.8781645569620253,0.07700421940928269,0.0689873417721519,0.7658227848101266,0.26582278481012656,0.03164556962025317
-501.951288,158,9218.321698,13.0,0.9198312236286919,0.06962025316455696,0.060126582278481014,0.7721518987341772,0.26582278481012656,0.0379746835443038
-501.976555,158,9221.37935,2.0,0.9873417721518988,0.06329113924050633,0.06329113924050633,0.7784810126582279,0.24050632911392406,0.0189873417721519
-500.829416,158,9224.400886,5.0,0.9683544303797469,0.06329113924050633,0.06329113924050633,0.7848101265822784,0.24050632911392406,0.02531645569620253
-513.024323,158,9227.404891,12.0,0.9240506329113924,0.06329113924050633,0.056962025316455694,0.7721518987341772,0.24050632911392406,0.012658227848101266
-500.601228,158,9230.416057,3.0,0.9810126582278481,0.06329113924050633,0.06329113924050633,0.7658227848101266,0.25949367088607594,0.02531645569620253
-494.150348,158,9233.488276,8.0,0.9514767932489451,0.06540084388185653,0.06540084388185653,0.7658227848101266,0.25316455696202533,0.0189873417721519
-512.411977,158,9236.57415,32.0,0.8032700421940928,0.07911392405063292,0.06645569620253164,0.7721518987341772,0.2468354430379747,0.0189873417721519
-496.356304,158,9239.609679,23.0,0.8544303797468354,0.06645569620253164,0.06118143459915611,0.7721518987341772,0.26582278481012656,0.0379746835443038
-491.311421,158,9242.630691,31.0,0.8037974683544303,0.06645569620253164,0.06751054852320675,0.7721518987341772,0.2468354430379747,0.0189873417721519
-496.436068,158,9245.603574,18.0,0.8913502109704642,0.06856540084388185,0.06835443037974684,0.7658227848101266,0.2721518987341772,0.0379746835443038
-502.930493,158,9248.5536,8.0,0.9493670886075949,0.06329113924050633,0.06329113924050633,0.7848101265822784,0.2721518987341772,0.056962025316455694
-507.640081,158,9251.551687,16.0,0.9050632911392406,0.07172995780590717,0.070042194092827,0.7658227848101266,0.2468354430379747,0.012658227848101266
-429.999188,158,9254.539095,47.0,0.7087552742616033,0.0759493670886076,0.02995780590717299,0.759493670886076,0.4050632911392405,0.16455696202531644
-412.921335,158,9257.529838,26.0,0.8438818565400843,0.0780590717299578,0.05421940928270042,0.759493670886076,0.7658227848101266,0.5253164556962026
-444.64569,158,9260.585274,21.0,0.8670886075949367,0.06645569620253164,0.06118143459915613,0.7721518987341772,0.6139240506329114,0.3860759493670886
-466.920457,158,9263.671255,22.0,0.8686708860759493,0.07489451476793248,0.053496081977094635,0.7911392405063291,0.47468354430379744,0.26582278481012656
-443.547149,158,9266.767495,12.0,0.9240506329113924,0.06962025316455696,0.04430379746835443,0.810126582278481,0.4810126582278481,0.2911392405063291
-443.485,158,9269.807115,6.0,0.9620253164556962,0.06329113924050633,0.056962025316455694,0.8164556962025317,0.5189873417721519,0.33544303797468356
-451.404623,158,9272.896372,0.0,1.0,0.06329113924050633,0.06329113924050633,0.8354430379746836,0.4810126582278481,0.31645569620253167
-484.407122,158,9275.907154,4.0,0.9746835443037974,0.06329113924050633,0.056962025316455694,0.8354430379746836,0.35443037974683544,0.189873417721519
-504.344358,158,9278.993424,16.0,0.8987341772151899,0.06329113924050633,0.056962025316455694,0.8164556962025317,0.2974683544303797,0.11392405063291139
-496.295491,158,9282.084453,18.0,0.8860759493670886,0.06329113924050633,0.056962025316455694,0.8227848101265823,0.26582278481012656,0.08860759493670886
-509.861942,158,9285.115419,16.0,0.8987341772151899,0.06329113924050633,0.06329113924050633,0.8227848101265823,0.26582278481012656,0.08860759493670886
-480.272138,158,9288.115217,8.0,0.9493670886075949,0.06329113924050633,0.06329113924050633,0.8417721518987342,0.2721518987341772,0.11392405063291139
-481.089212,158,9291.121735,9.0,0.9430379746835443,0.06329113924050633,0.056962025316455694,0.8670886075949367,0.25949367088607594,0.12658227848101267
-476.880926,158,9294.23052,4.0,0.9767932489451475,0.06962025316455696,0.06645569620253164,0.8354430379746836,0.2468354430379747,0.08227848101265822
-496.070615,158,9297.391146,3.0,0.9810126582278481,0.06329113924050633,0.06329113924050633,0.7784810126582279,0.2468354430379747,0.02531645569620253
-489.131369,158,9300.485438,0.0,1.0,0.06329113924050633,0.06329113924050633,0.7721518987341772,0.25316455696202533,0.02531645569620253
-502.457029,158,9303.541008,7.0,0.9556962025316456,0.06329113924050633,0.06329113924050633,0.7848101265822784,0.2468354430379747,0.03164556962025317
-485.474834,158,9306.554414,4.0,0.9746835443037974,0.06329113924050633,0.06329113924050633,0.8417721518987342,0.24050632911392406,0.08227848101265822
-512.51308,158,9309.553403,9.0,0.9430379746835443,0.06329113924050633,0.06329113924050633,0.7784810126582279,0.24050632911392406,0.0189873417721519
-471.466089,158,9312.607729,31.0,0.8143459915611814,0.07911392405063292,0.06624472573839661,0.8037974683544303,0.27848101265822783,0.08227848101265822
-483.546588,158,9315.663596,26.0,0.8412447257383966,0.07278481012658228,0.06413502109704641,0.7848101265822784,0.2848101265822785,0.06962025316455696
-481.902733,158,9318.730079,35.0,0.7784810126582279,0.06329113924050633,0.04430379746835443,0.7721518987341772,0.310126582278481,0.08227848101265822
-477.776889,158,9321.798984,32.0,0.8078661844484629,0.0780590717299578,0.055957404058669884,0.7784810126582279,0.3037974683544304,0.08227848101265822
-465.388822,158,9324.875131,23.0,0.8630801687763714,0.0780590717299578,0.07396021699819168,0.7848101265822784,0.26582278481012656,0.05063291139240506
-488.944657,158,9327.919954,23.0,0.8565400843881855,0.06645569620253164,0.053164556962025315,0.7721518987341772,0.2468354430379747,0.0189873417721519
-482.413947,158,9330.94225,40.0,0.7554852320675105,0.08016877637130801,0.0701476793248945,0.7721518987341772,0.25316455696202533,0.02531645569620253
-480.724697,158,9333.984821,63.0,0.6191531042796865,0.08860759493670886,0.051120152702431185,0.7721518987341772,0.27848101265822783,0.05063291139240506
-448.99773,158,9337.080387,85.0,0.47790837854129,0.09071729957805906,0.04314345991561181,0.7721518987341772,0.27848101265822783,0.05063291139240506
-467.904278,158,9340.073379,59.0,0.6473628691983122,0.0949367088607595,0.0642706449668475,0.7658227848101266,0.3860759493670886,0.1518987341772152
-445.704874,158,9343.055574,58.0,0.6362869198312237,0.07067510548523206,0.04505726341169379,0.759493670886076,0.5886075949367089,0.34810126582278483
-425.922111,158,9346.092111,61.0,0.6329113924050633,0.08333333333333333,0.053164556962025315,0.759493670886076,0.5506329113924051,0.310126582278481
-400.337233,158,9349.345011,94.0,0.4274261603375527,0.09651898734177215,0.05363170584689573,0.759493670886076,0.47468354430379744,0.23417721518987342
-443.822691,158,9352.330534,67.0,0.5772151898734177,0.0701476793248945,0.034106891701828415,0.7658227848101266,0.43670886075949367,0.20253164556962025
-471.812749,158,9355.378124,78.0,0.5209915611814345,0.08755274261603375,0.0493972272453285,0.7721518987341772,0.34810126582278483,0.12025316455696203
-437.694963,158,9358.441148,58.0,0.6582278481012658,0.11445147679324894,0.08942133815551537,0.7721518987341772,0.3670886075949367,0.13924050632911392
-497.757758,158,9361.494444,21.0,0.870253164556962,0.06645569620253164,0.060126582278481014,0.8037974683544303,0.2848101265822785,0.08860759493670886
-503.293523,158,9364.506103,11.0,0.9316455696202531,0.06962025316455696,0.059071729957805914,0.8164556962025317,0.24050632911392406,0.056962025316455694
-478.468626,158,9367.535431,26.0,0.8512658227848101,0.08544303797468354,0.06160337552742615,0.810126582278481,0.25949367088607594,0.06962025316455696
-374.640111,158,9370.55608,14.0,0.9161392405063291,0.08122362869198312,0.060126582278481014,0.810126582278481,0.25316455696202533,0.06329113924050633
-148.417541,158,9373.591763,28.0,0.8227848101265823,0.06329113924050633,0.05063291139240506,0.7658227848101266,0.25949367088607594,0.02531645569620253
-271.622648,158,9376.611212,6.0,0.9620253164556962,0.06540084388185653,0.06645569620253164,0.7721518987341772,0.27848101265822783,0.05063291139240506
-353.376341,158,9379.631666,2.0,0.9873417721518988,0.06329113924050633,0.06329113924050633,0.7721518987341772,0.2848101265822785,0.056962025316455694
-392.103125,158,9382.633119,6.0,0.9651898734177216,0.06645569620253164,0.06645569620253164,0.7784810126582279,0.34177215189873417,0.12025316455696203
-446.094292,158,9385.606169,9.0,0.9440928270042195,0.06540084388185653,0.06469760900140646,0.8544303797468354,0.25949367088607594,0.11392405063291139
-369.275064,158,9388.586187,14.0,0.9113924050632911,0.06329113924050633,0.05063291139240506,0.7974683544303798,0.26582278481012656,0.06329113924050633
-448.718852,158,9391.534503,0.0,1.0,0.06329113924050633,0.06329113924050633,0.810126582278481,0.2911392405063291,0.10126582278481013
-427.194778,158,9394.606191,10.0,0.9379746835443037,0.06645569620253164,0.039783001808318265,0.810126582278481,0.24050632911392406,0.05063291139240506
-293.660177,158,9397.587441,1.0,0.9936708860759493,0.06329113924050633,0.056962025316455694,0.7911392405063291,0.2848101265822785,0.0759493670886076
-338.098739,158,9400.646527,2.0,0.9873417721518988,0.06329113924050633,0.05063291139240506,0.759493670886076,0.310126582278481,0.06962025316455696
-378.27187,158,9403.740907,1.0,0.9936708860759493,0.06329113924050633,0.06329113924050633,0.759493670886076,0.34810126582278483,0.10759493670886076
-435.541087,158,9406.822685,4.0,0.9767932489451477,0.06645569620253164,0.06582278481012659,0.759493670886076,0.2911392405063291,0.05063291139240506
-397.635647,158,9409.941032,8.0,0.9493670886075949,0.06329113924050633,0.05063291139240506,0.759493670886076,0.26582278481012656,0.02531645569620253
-406.03891,158,9412.98041,13.0,0.9177215189873418,0.06329113924050633,0.056962025316455694,0.759493670886076,0.26582278481012656,0.02531645569620253
-414.172225,158,9416.007384,19.0,0.879746835443038,0.06329113924050633,0.04430379746835443,0.759493670886076,0.25949367088607594,0.0189873417721519
-435.923075,158,9419.109679,19.0,0.879746835443038,0.06329113924050633,0.05063291139240506,0.759493670886076,0.25316455696202533,0.012658227848101266
-436.339736,158,9422.177351,13.0,0.9177215189873418,0.06329113924050633,0.05063291139240506,0.759493670886076,0.25316455696202533,0.012658227848101266
-444.581835,158,9425.279838,11.0,0.930379746835443,0.06329113924050633,0.056962025316455694,0.7658227848101266,0.25316455696202533,0.0189873417721519
-435.735505,158,9428.411269,20.0,0.8734177215189873,0.06329113924050633,0.05063291139240506,0.7721518987341772,0.2468354430379747,0.0189873417721519
-461.921293,158,9431.467981,10.0,0.9367088607594937,0.06329113924050633,0.06329113924050633,0.7911392405063291,0.2468354430379747,0.0379746835443038
-455.626472,158,9434.481819,12.0,0.9240506329113924,0.06329113924050633,0.06329113924050633,0.7658227848101266,0.2468354430379747,0.012658227848101266
-456.037325,158,9437.495478,7.0,0.9569620253164556,0.06645569620253164,0.06509945750452079,0.7784810126582279,0.26582278481012656,0.04430379746835443
-449.463484,158,9440.493481,13.0,0.9189873417721518,0.06645569620253164,0.058770343580470154,0.7784810126582279,0.24050632911392406,0.0189873417721519
-455.271905,158,9443.521752,6.0,0.9620253164556962,0.06329113924050633,0.06329113924050633,0.7974683544303798,0.2468354430379747,0.04430379746835443
-419.67074,158,9446.507477,30.0,0.8117088607594937,0.06645569620253164,0.040084388185654005,0.8037974683544303,0.25316455696202533,0.056962025316455694
-431.060692,158,9449.559713,44.0,0.7254746835443038,0.06856540084388185,0.06760644418872266,0.8354430379746836,0.2721518987341772,0.10759493670886076
-403.443355,158,9452.603351,29.0,0.8206751054852321,0.06856540084388185,0.06160337552742617,0.8544303797468354,0.25316455696202533,0.10759493670886076
-438.504343,158,9455.691897,22.0,0.8607594936708861,0.06329113924050633,0.056962025316455694,0.8481012658227848,0.25316455696202533,0.10126582278481013
-411.30125,158,9458.815547,21.0,0.8670886075949367,0.06329113924050633,0.056962025316455694,0.8354430379746836,0.25949367088607594,0.0949367088607595
-402.220501,158,9461.914823,39.0,0.7531645569620253,0.06329113924050633,0.05063291139240506,0.8037974683544303,0.33544303797468356,0.13924050632911392
-386.578268,158,9464.994843,47.0,0.7056962025316456,0.07278481012658228,0.05379746835443038,0.8037974683544303,0.36075949367088606,0.16455696202531644
-384.045113,158,9468.009268,39.0,0.7531645569620253,0.06329113924050633,0.04430379746835443,0.8291139240506329,0.36075949367088606,0.189873417721519
-388.418098,158,9471.126888,35.0,0.7932489451476793,0.07700421940928269,0.07109704641350212,0.8481012658227848,0.2468354430379747,0.0949367088607595
-367.578786,158,9474.245223,19.0,0.879746835443038,0.06329113924050633,0.03164556962025317,0.8354430379746836,0.26582278481012656,0.10126582278481013
-349.792616,158,9477.331668,7.0,0.9556962025316456,0.06329113924050633,0.06329113924050633,0.8227848101265823,0.3227848101265823,0.14556962025316456
-422.261867,158,9480.309683,6.0,0.9725738396624471,0.0759493670886076,0.07474382157926462,0.9873417721518988,0.2468354430379747,0.23417721518987342
-441.506293,158,9483.337929,46.0,0.7172995780590717,0.08649789029535866,0.04472573839662447,0.9367088607594937,0.24050632911392406,0.17721518987341772
-314.944601,158,9486.348316,52.0,0.6772151898734177,0.0759493670886076,0.04957805907172995,0.8037974683544303,0.31645569620253167,0.12025316455696203
-358.519599,158,9489.437205,22.0,0.8649789029535865,0.06751054852320675,0.05485232067510548,0.7784810126582279,0.4430379746835443,0.22151898734177214
-435.521442,158,9492.507892,12.0,0.9272151898734177,0.07172995780590717,0.06751054852320675,0.8481012658227848,0.27848101265822783,0.12658227848101267
-405.755546,158,9495.557359,50.0,0.685126582278481,0.07383966244725738,0.04294755877034358,0.879746835443038,0.24050632911392406,0.12025316455696203
-418.490957,158,9498.626988,22.0,0.8670886075949367,0.07489451476793248,0.048945147679324896,0.7911392405063291,0.2468354430379747,0.0379746835443038
-453.378418,158,9501.660252,24.0,0.8496835443037974,0.06540084388185653,0.0461121157323689,0.7784810126582279,0.24050632911392406,0.0189873417721519
-447.61158,158,9504.707039,25.0,0.8417721518987342,0.06329113924050633,0.05063291139240506,0.759493670886076,0.27848101265822783,0.0379746835443038
-445.400457,158,9507.678895,25.0,0.8438818565400843,0.06645569620253164,0.06582278481012659,0.759493670886076,0.27848101265822783,0.0379746835443038
-431.623956,158,9510.713056,28.0,0.8280590717299577,0.08227848101265822,0.05527426160337552,0.759493670886076,0.4050632911392405,0.16455696202531644
-427.885012,158,9513.669513,42.0,0.739451476793249,0.07067510548523206,0.07172995780590717,0.759493670886076,0.3860759493670886,0.14556962025316456
-443.49874,158,9516.693051,53.0,0.6666666666666667,0.06856540084388185,0.04430379746835443,0.7658227848101266,0.3291139240506329,0.0949367088607595
-399.866776,158,9519.766159,80.0,0.5073839662447257,0.08544303797468354,0.04739300783604581,0.7658227848101266,0.2974683544303797,0.06329113924050633
-373.992203,158,9522.821215,49.0,0.6951476793248945,0.07172995780590717,0.056962025316455694,0.7784810126582279,0.3987341772151899,0.17721518987341772
-355.895708,158,9525.853326,47.0,0.7025316455696202,0.06645569620253164,0.02953586497890295,0.7848101265822784,0.4873417721518987,0.2721518987341772
-402.006701,158,9528.872439,42.0,0.7383966244725738,0.06856540084388185,0.06160337552742617,0.8037974683544303,0.34810126582278483,0.1518987341772152
-380.889411,158,9531.873366,73.0,0.5501054852320675,0.07911392405063292,0.04758890898131404,0.7784810126582279,0.43037974683544306,0.2088607594936709
-354.017019,158,9535.198736,98.0,0.3871308016877637,0.07067510548523206,0.020042194092827002,0.7911392405063291,0.41139240506329117,0.20253164556962025
-308.466507,158,9538.407754,111.0,0.30854430379746833,0.0780590717299578,0.02784810126582278,0.9430379746835443,0.26582278481012656,0.2088607594936709
-399.537295,158,9541.430153,44.0,0.7294303797468354,0.07489451476793248,0.06898734177215189,0.9810126582278481,0.2468354430379747,0.22784810126582278
-403.462109,158,9544.461947,28.0,0.8259493670886076,0.06540084388185653,0.06582278481012659,0.9556962025316456,0.24050632911392406,0.1962025316455696
-388.868096,158,9547.515397,35.0,0.7853375527426161,0.07331223628691982,0.060548523206751054,0.9683544303797469,0.24050632911392406,0.2088607594936709
-412.919674,158,9550.594797,41.0,0.7451476793248946,0.07383966244725738,0.06276371308016877,0.8924050632911392,0.2468354430379747,0.13924050632911392
-404.238852,158,9553.691785,80.0,0.505379746835443,0.09177215189873417,0.03759795057263412,0.8417721518987342,0.26582278481012656,0.10759493670886076
-426.187243,158,9556.770471,61.0,0.6244725738396625,0.07700421940928269,0.05602772754671488,0.7974683544303798,0.33544303797468356,0.13291139240506328
-449.011466,158,9559.809491,35.0,0.7853375527426161,0.07489451476793248,0.06476793248945148,0.7974683544303798,0.31645569620253167,0.11392405063291139
-427.107317,158,9562.887918,52.0,0.6772151898734177,0.07700421940928269,0.029324894514767934,0.7784810126582279,0.35443037974683544,0.13291139240506328
-421.710975,158,9565.968491,59.0,0.6302742616033756,0.07067510548523206,0.017580872011251757,0.7784810126582279,0.3227848101265823,0.10126582278481013
-372.645196,158,9569.009634,16.0,0.9008438818565402,0.07172995780590717,0.07320675105485232,0.7721518987341772,0.36075949367088606,0.13291139240506328
-386.151309,158,9572.043715,16.0,0.8987341772151899,0.06329113924050633,0.05063291139240506,0.7911392405063291,0.310126582278481,0.10126582278481013
-386.464913,158,9575.164203,22.0,0.8607594936708861,0.06962025316455696,0.06962025316455696,0.8164556962025317,0.2848101265822785,0.10126582278481013
-408.245555,158,9578.235811,32.0,0.8027426160337553,0.07278481012658228,0.057383966244725734,0.8544303797468354,0.2848101265822785,0.13924050632911392
-408.107296,158,9581.266122,32.0,0.7974683544303798,0.06329113924050633,0.05063291139240506,0.8924050632911392,0.25316455696202533,0.14556962025316456
-419.579672,158,9584.265744,9.0,0.9430379746835443,0.06329113924050633,0.06329113924050633,0.8860759493670886,0.2468354430379747,0.13291139240506328
-422.954574,158,9587.305958,28.0,0.8248945147679325,0.06645569620253164,0.06582278481012659,0.9113924050632911,0.26582278481012656,0.17721518987341772
-421.000742,158,9590.358977,51.0,0.690928270042194,0.08016877637130801,0.0718706047819972,0.8481012658227848,0.2911392405063291,0.13924050632911392
-460.130523,158,9593.393554,37.0,0.7767932489451477,0.08438818565400844,0.07320675105485232,0.8291139240506329,0.2848101265822785,0.11392405063291139
-366.747649,158,9596.401783,21.0,0.8670886075949367,0.06329113924050633,0.02531645569620253,0.8544303797468354,0.31645569620253167,0.17088607594936708
-290.991675,158,9599.45241,43.0,0.7278481012658228,0.06487341772151899,0.021518987341772152,0.7974683544303798,0.6708860759493671,0.46835443037974683
-298.592203,158,9602.547676,44.0,0.725210970464135,0.06962025316455696,0.03872814948764316,0.8417721518987342,0.7531645569620253,0.5949367088607594
-328.240517,158,9605.660988,42.0,0.7341772151898734,0.06329113924050633,0.0379746835443038,0.8291139240506329,0.7911392405063291,0.620253164556962
-360.702768,158,9608.777435,30.0,0.8227848101265823,0.08227848101265822,0.05263713080168776,0.8037974683544303,0.8037974683544303,0.6075949367088608
-413.62762,158,9611.751174,38.0,0.7660337552742615,0.0780590717299578,0.04336949969861362,0.7974683544303798,0.6265822784810127,0.4240506329113924
-431.881038,158,9614.758362,47.0,0.705379746835443,0.06856540084388185,0.04159132007233273,0.8164556962025317,0.4177215189873418,0.23417721518987342
-453.387291,158,9617.77958,26.0,0.8406645569620252,0.07489451476793249,0.05021097046413502,0.810126582278481,0.37341772151898733,0.18354430379746836
-472.2124,158,9620.771486,38.0,0.7631856540084389,0.07278481012658228,0.06202531645569621,0.7974683544303798,0.35443037974683544,0.1518987341772152
-482.302742,158,9623.878312,32.0,0.7987341772151899,0.06962025316455696,0.03767329716696805,0.7911392405063291,0.310126582278481,0.10126582278481013
-466.914356,158,9626.931616,43.0,0.7379746835443037,0.08016877637130801,0.04992465340566607,0.7911392405063291,0.31645569620253167,0.10759493670886076
-449.140168,158,9629.987663,22.0,0.8641350210970465,0.06751054852320675,0.06698312236286919,0.7784810126582279,0.5,0.27848101265822783
-420.527592,158,9632.955885,8.0,0.9514767932489451,0.06540084388185653,0.06540084388185653,0.7974683544303798,0.5379746835443038,0.33544303797468356
-451.863348,158,9635.946119,4.0,0.9746835443037974,0.06329113924050633,0.06329113924050633,0.810126582278481,0.43670886075949367,0.2468354430379747
-424.998645,158,9639.009458,9.0,0.9430379746835443,0.06329113924050633,0.06329113924050633,0.8227848101265823,0.620253164556962,0.4430379746835443
-405.941169,158,9642.152931,31.0,0.8124472573839663,0.07489451476793248,0.07310126582278481,0.8037974683544303,0.6772151898734177,0.4810126582278481
-411.265962,158,9645.224214,34.0,0.7879746835443038,0.06540084388185653,0.053164556962025315,0.7658227848101266,0.689873417721519,0.45569620253164556
-402.629219,158,9648.232062,10.0,0.939873417721519,0.06540084388185653,0.06582278481012659,0.7721518987341772,0.689873417721519,0.4620253164556962
-406.458239,158,9651.269996,1.0,0.9936708860759493,0.06329113924050633,0.06329113924050633,0.7721518987341772,0.6139240506329114,0.3860759493670886
-404.456408,158,9654.261986,6.0,0.9620253164556962,0.06329113924050633,0.06329113924050633,0.7848101265822784,0.5189873417721519,0.3037974683544304
-405.592221,158,9657.294914,20.0,0.8755274261603374,0.06645569620253164,0.06582278481012659,0.7974683544303798,0.3924050632911392,0.189873417721519
-425.85266,158,9660.331909,15.0,0.9050632911392406,0.06329113924050633,0.06329113924050633,0.7911392405063291,0.3227848101265823,0.11392405063291139
-468.756362,158,9663.297733,15.0,0.9082278481012658,0.06645569620253164,0.06645569620253164,0.7911392405063291,0.31645569620253167,0.10759493670886076
-468.597346,158,9666.345639,15.0,0.9094936708860759,0.07278481012658228,0.06223628691983123,0.8037974683544303,0.2974683544303797,0.10126582278481013
-487.983219,158,9669.475033,22.0,0.8639240506329114,0.06962025316455696,0.06118143459915613,0.7848101265822784,0.27848101265822783,0.06329113924050633
-487.668928,158,9672.55279,27.0,0.831223628691983,0.06540084388185653,0.05274261603375527,0.7974683544303798,0.26582278481012656,0.06329113924050633
-483.07427,158,9675.618045,37.0,0.7700421940928269,0.07383966244725738,0.05813743218806511,0.7848101265822784,0.26582278481012656,0.05063291139240506
-477.725429,158,9678.697769,42.0,0.7375527426160338,0.07278481012658228,0.04653405666063894,0.7848101265822784,0.2848101265822785,0.06962025316455696
-478.037743,158,9681.753261,31.0,0.8059071729957806,0.06645569620253164,0.04050632911392405,0.7784810126582279,0.2721518987341772,0.05063291139240506
-466.294483,158,9684.816357,21.0,0.8670886075949367,0.06329113924050633,0.04430379746835443,0.7848101265822784,0.2911392405063291,0.0759493670886076
-475.805308,158,9687.850814,20.0,0.8786919831223627,0.06751054852320675,0.055274261603375535,0.7784810126582279,0.2974683544303797,0.0759493670886076
-477.019781,158,9690.932275,37.0,0.7764315852923448,0.08755274261603375,0.05573136427566807,0.7784810126582279,0.3037974683544304,0.08227848101265822
-467.461769,158,9694.013546,46.0,0.7196202531645569,0.09282700421940927,0.0419831223628692,0.7848101265822784,0.27848101265822783,0.06329113924050633
-460.813756,158,9697.090283,50.0,0.6856540084388185,0.07278481012658228,0.032700421940928266,0.7848101265822784,0.3037974683544304,0.08860759493670886
-453.675068,158,9700.125368,66.0,0.5867088607594937,0.07278481012658228,0.018580470162748646,0.7784810126582279,0.33544303797468356,0.11392405063291139
-436.601845,158,9703.182461,94.0,0.42985232067510554,0.10021097046413502,0.03009845288326301,0.7784810126582279,0.3291139240506329,0.10759493670886076
-454.590266,158,9706.306755,70.0,0.5845991561181434,0.10548523206751054,0.0682640144665461,0.7784810126582279,0.3670886075949367,0.14556962025316456
-433.288958,158,9709.37122,70.0,0.5810126582278481,0.0970464135021097,0.061392405063291126,0.7721518987341772,0.3670886075949367,0.13924050632911392
-425.78628,158,9712.418266,73.0,0.5569620253164557,0.09177215189873417,0.030696202531645567,0.7721518987341772,0.34810126582278483,0.12025316455696203
-401.387047,158,9715.689072,85.0,0.4810126582278481,0.08438818565400844,0.03459915611814346,0.759493670886076,0.4240506329113924,0.18354430379746836
-396.073238,158,9718.735919,39.0,0.7674050632911392,0.08755274261603375,0.06149789029535864,0.759493670886076,0.5,0.25949367088607594
-410.269934,158,9721.817295,23.0,0.8556962025316455,0.06856540084388185,0.0682640144665461,0.759493670886076,0.45569620253164556,0.21518987341772153
-409.456821,158,9724.841194,21.0,0.8683544303797468,0.06645569620253164,0.039783001808318265,0.759493670886076,0.3924050632911392,0.1518987341772152
-440.479648,158,9727.871445,5.0,0.9683544303797469,0.06329113924050633,0.06329113924050633,0.7784810126582279,0.2848101265822785,0.06329113924050633
-427.46,158,9730.917088,3.0,0.9810126582278481,0.06329113924050633,0.06329113924050633,0.7848101265822784,0.25949367088607594,0.04430379746835443
-442.547617,158,9734.025662,12.0,0.9261603375527426,0.06645569620253164,0.06582278481012659,0.7974683544303798,0.25949367088607594,0.056962025316455694
-468.70395,158,9737.07183,16.0,0.9042194092827005,0.0701476793248945,0.06268836648583484,0.7721518987341772,0.26582278481012656,0.0379746835443038
-489.317978,158,9740.135611,40.0,0.7468354430379747,0.06329113924050633,0.04430379746835443,0.7721518987341772,0.27848101265822783,0.05063291139240506
-477.39255,158,9743.114059,39.0,0.7552742616033755,0.06645569620253164,0.04683544303797468,0.7658227848101266,0.2848101265822785,0.05063291139240506
-282.692021,158,9746.19477,108.0,0.40955394816154306,0.19198312236286919,0.10173297166968052,0.7658227848101266,0.4430379746835443,0.2088607594936709
-441.119372,158,9749.203927,28.0,0.8328059071729956,0.08227848101265822,0.03649789029535865,0.7721518987341772,0.6075949367088608,0.379746835443038
-438.153445,158,9752.277952,38.0,0.7720464135021097,0.08755274261603375,0.027968655816757084,0.7721518987341772,0.43037974683544306,0.20253164556962025
-417.973805,158,9755.254081,21.0,0.8670886075949367,0.06329113924050633,0.04430379746835443,0.7721518987341772,0.3987341772151899,0.17088607594936708
-317.777809,158,9758.265472,12.0,0.9256329113924051,0.06645569620253164,0.06540084388185653,0.7721518987341772,0.5253164556962026,0.2974683544303797
-223.93929,158,9761.32822,39.0,0.754746835443038,0.06540084388185653,0.05244122965641952,0.7721518987341772,0.5506329113924051,0.3227848101265823
-231.616955,158,9764.359759,68.0,0.5785864978902953,0.07489451476793248,0.04156118143459915,0.7721518987341772,0.5379746835443038,0.310126582278481
-364.037723,158,9767.450612,58.0,0.6413502109704641,0.07436708860759493,0.04083785412899337,0.8291139240506329,0.35443037974683544,0.18354430379746836
-451.781618,158,9770.46155,54.0,0.6658227848101266,0.07172995780590717,0.04145569620253165,0.8860759493670886,0.25949367088607594,0.14556962025316456
-460.004696,158,9773.516443,31.0,0.8105485232067511,0.0759493670886076,0.040084388185654005,0.8354430379746836,0.3291139240506329,0.16455696202531644
-446.590326,158,9776.508781,31.0,0.8098101265822785,0.07067510548523206,0.05085895117540686,0.8291139240506329,0.4050632911392405,0.23417721518987342
-453.41316,158,9779.532371,16.0,0.9034810126582279,0.06751054852320675,0.06130198915009042,0.8037974683544303,0.4430379746835443,0.2468354430379747
-457.115403,158,9782.511694,11.0,0.930379746835443,0.06329113924050633,0.05063291139240506,0.8037974683544303,0.45569620253164556,0.25949367088607594
-453.612439,158,9785.549671,7.0,0.9556962025316456,0.06329113924050633,0.04430379746835443,0.7974683544303798,0.3037974683544304,0.10126582278481013
-466.391992,158,9788.600209,4.0,0.9746835443037974,0.06329113924050633,0.056962025316455694,0.810126582278481,0.3291139240506329,0.13924050632911392
-441.068135,158,9791.636924,10.0,0.9367088607594937,0.06329113924050633,0.056962025316455694,0.810126582278481,0.3227848101265823,0.13291139240506328
-422.600667,158,9794.67922,14.0,0.9113924050632911,0.06329113924050633,0.05063291139240506,0.810126582278481,0.34177215189873417,0.1518987341772152
-432.011149,158,9797.721311,21.0,0.8707805907172994,0.07278481012658228,0.049367088607594936,0.7974683544303798,0.34177215189873417,0.13924050632911392
-461.828494,158,9800.772287,29.0,0.8229957805907173,0.07911392405063292,0.021097046413502112,0.7848101265822784,0.34810126582278483,0.13291139240506328
-450.862229,158,9803.843347,72.0,0.5652501506931886,0.09388185654008438,0.03434800080369701,0.7848101265822784,0.3670886075949367,0.1518987341772152
-454.994889,158,9806.997086,92.0,0.435126582278481,0.09071729957805906,0.02552742616033755,0.7848101265822784,0.43037974683544306,0.21518987341772153
-445.52855,158,9810.077228,90.0,0.4554400241109101,0.10970464135021096,0.03363974281695801,0.7658227848101266,0.3860759493670886,0.1518987341772152
-461.719856,158,9813.104135,64.0,0.6139843279083785,0.09071729957805906,0.04043600562587905,0.7911392405063291,0.379746835443038,0.17088607594936708
-445.047359,158,9816.134116,84.0,0.4998945147679324,0.0970464135021097,0.04446955997588909,0.7784810126582279,0.34810126582278483,0.12658227848101267
-434.330807,158,9819.158623,115.0,0.3077004219409282,0.12763713080168776,0.07504520795660036,0.7848101265822784,0.2911392405063291,0.0759493670886076
-478.939572,158,9822.301363,102.0,0.37755676110106495,0.11128691983122362,0.05304400241109102,0.7721518987341772,0.310126582278481,0.08227848101265822
-460.594156,158,9825.429196,82.0,0.506065400843882,0.10548523206751054,0.04957805907172996,0.7658227848101266,0.36075949367088606,0.12658227848101267
-455.518193,158,9828.615324,79.0,0.5067510548523206,0.0780590717299578,0.021745027124773962,0.759493670886076,0.45569620253164556,0.21518987341772153
-427.565961,158,9831.717713,58.0,0.6480560578661845,0.08227848101265822,0.043791440626883664,0.759493670886076,0.5569620253164557,0.31645569620253167
-436.58199,158,9834.736502,45.0,0.7222724532851115,0.07700421940928269,0.02732067510548523,0.759493670886076,0.5189873417721519,0.27848101265822783
-445.444379,158,9837.777792,24.0,0.8496835443037974,0.06645569620253164,0.046413502109704644,0.7658227848101266,0.4240506329113924,0.189873417721519
-442.038945,158,9840.835497,28.0,0.8227848101265823,0.06329113924050633,0.05063291139240506,0.7658227848101266,0.4050632911392405,0.17088607594936708
-453.109024,158,9843.903054,18.0,0.8908227848101266,0.06698312236286919,0.060880048221820374,0.7784810126582279,0.4050632911392405,0.18354430379746836
-467.455049,158,9847.011239,16.0,0.9018987341772152,0.07067510548523206,0.058468957203134414,0.7784810126582279,0.43670886075949367,0.21518987341772153
-461.471512,158,9850.096236,15.0,0.9050632911392406,0.06329113924050633,0.04430379746835443,0.7848101265822784,0.36075949367088606,0.14556962025316456
-485.022784,158,9853.165443,22.0,0.8670886075949367,0.06751054852320675,0.06202531645569621,0.7784810126582279,0.2848101265822785,0.06329113924050633
-486.668192,158,9856.184063,28.0,0.8272151898734177,0.06962025316455696,0.05158227848101266,0.7911392405063291,0.2848101265822785,0.0759493670886076
-471.570691,158,9859.173699,68.0,0.5970464135021096,0.09915611814345991,0.07276471770142656,0.7848101265822784,0.2721518987341772,0.056962025316455694
-426.744554,158,9862.202447,33.0,0.7966244725738397,0.0780590717299578,0.06130198915009042,0.759493670886076,0.6645569620253164,0.4240506329113924
-400.443891,158,9865.248656,25.0,0.8470464135021096,0.06856540084388185,0.04936708860759494,0.7658227848101266,0.8544303797468354,0.620253164556962
-395.508623,158,9868.231157,37.0,0.7710970464135021,0.06856540084388185,0.043248945147679324,0.7848101265822784,0.759493670886076,0.5443037974683544
-422.600413,158,9871.275215,39.0,0.7589662447257385,0.07700421940928269,0.0455093429776974,0.8037974683544303,0.6012658227848101,0.4050632911392405
-448.590368,158,9874.318867,37.0,0.7746835443037975,0.07911392405063292,0.05213984327908378,0.8164556962025317,0.4177215189873418,0.23417721518987342
-431.616423,158,9877.417684,47.0,0.7127285513361463,0.08333333333333333,0.05147679324894514,0.8037974683544303,0.4873417721518987,0.2911392405063291
-421.33508,158,9880.477665,23.0,0.8633966244725738,0.0780590717299578,0.07088607594936708,0.7911392405063291,0.569620253164557,0.36075949367088606
-440.252428,158,9883.477843,29.0,0.8237341772151899,0.0759493670886076,0.06856540084388185,0.7848101265822784,0.6139240506329114,0.3987341772151899
-448.640519,158,9886.774306,43.0,0.7320675105485231,0.07172995780590717,0.04588607594936709,0.7784810126582279,0.5632911392405063,0.34177215189873417
-440.368132,158,9889.760412,37.0,0.7771097046413502,0.08016877637130801,0.05137130801687764,0.7848101265822784,0.5379746835443038,0.3227848101265823
-482.115305,158,9892.800031,26.0,0.8401898734177216,0.06962025316455696,0.06856540084388185,0.810126582278481,0.310126582278481,0.12025316455696203
-481.244345,158,9895.803898,34.0,0.8032700421940928,0.09282700421940927,0.08874321880650995,0.8227848101265823,0.25316455696202533,0.0759493670886076
-441.653573,158,9898.878045,54.0,0.6879746835443038,0.10443037974683544,0.10085895117540687,0.7974683544303798,0.26582278481012656,0.06329113924050633
-463.741468,158,9901.971955,56.0,0.6682489451476794,0.0970464135021097,0.07248342374924653,0.7911392405063291,0.2721518987341772,0.06329113924050633
-471.877563,158,9905.011956,69.0,0.5873116335141652,0.10864978902953586,0.06861563190677115,0.7848101265822784,0.310126582278481,0.0949367088607595
-498.520328,158,9908.053021,43.0,0.7371659634317863,0.07911392405063292,0.06770233985423858,0.7784810126582279,0.35443037974683544,0.13291139240506328
-474.463923,158,9911.096423,60.0,0.625210970464135,0.07489451476793248,0.057414104882459314,0.7911392405063291,0.3037974683544304,0.0949367088607595
-485.48839,158,9914.150881,65.0,0.5991561181434598,0.08122362869198312,0.06582826456244179,0.7848101265822784,0.2974683544303797,0.08227848101265822
-477.557602,158,9917.213754,72.0,0.5690928270042194,0.0949367088607595,0.07670283303194696,0.7911392405063291,0.3037974683544304,0.0949367088607595
-455.627035,158,9920.296554,96.0,0.40896624472573834,0.09968354430379747,0.043701024713682944,0.7848101265822784,0.34810126582278483,0.13291139240506328
-469.704906,158,9923.366055,52.0,0.6794303797468354,0.08122362869198312,0.04789029535864979,0.7721518987341772,0.47468354430379744,0.2468354430379747
-467.675518,158,9926.362221,33.0,0.8027426160337553,0.07278481012658228,0.04831223628691983,0.7848101265822784,0.43037974683544306,0.21518987341772153
-465.737915,158,9929.359447,17.0,0.8924050632911392,0.06329113924050633,0.056962025316455694,0.7784810126582279,0.37341772151898733,0.1518987341772152
-471.824062,158,9932.352763,22.0,0.8607594936708861,0.06329113924050633,0.06329113924050633,0.7848101265822784,0.4430379746835443,0.22784810126582278
-444.284274,158,9935.320568,46.0,0.7210970464135021,0.09546413502109703,0.06877637130801688,0.7848101265822784,0.4620253164556962,0.2468354430379747
-441.605924,158,9938.338618,12.0,0.9240506329113924,0.06540084388185653,0.060126582278481014,0.759493670886076,0.6012658227848101,0.36075949367088606
-434.225673,158,9941.313896,1.0,0.9936708860759493,0.06329113924050633,0.06329113924050633,0.7658227848101266,0.4936708860759494,0.25949367088607594
-428.324319,158,9944.304163,0.0,1.0,0.06329113924050633,0.06329113924050633,0.759493670886076,0.4873417721518987,0.2468354430379747
-399.216603,158,9947.282804,1.0,0.9936708860759493,0.06329113924050633,0.06329113924050633,0.759493670886076,0.5822784810126582,0.34177215189873417
-400.730417,158,9950.260122,4.0,0.9767932489451475,0.06540084388185653,0.06540084388185653,0.759493670886076,0.5506329113924051,0.310126582278481
-460.327694,158,9953.265451,16.0,0.9061181434599157,0.07278481012658228,0.07310126582278481,0.759493670886076,0.5506329113924051,0.310126582278481
-466.17754,158,9956.227663,18.0,0.8929324894514769,0.07067510548523206,0.057383966244725734,0.759493670886076,0.5316455696202531,0.2911392405063291
-450.980989,158,9959.185669,8.0,0.9493670886075949,0.06329113924050633,0.06329113924050633,0.759493670886076,0.5569620253164557,0.31645569620253167
-437.664615,158,9962.225774,10.0,0.9367088607594937,0.06329113924050633,0.06329113924050633,0.759493670886076,0.4936708860759494,0.25316455696202533
-471.663291,158,9965.215399,5.0,0.9683544303797469,0.06329113924050633,0.06329113924050633,0.759493670886076,0.3860759493670886,0.14556962025316456
-472.957944,158,9968.205627,6.0,0.9620253164556962,0.06962025316455696,0.07172995780590717,0.7784810126582279,0.37341772151898733,0.1518987341772152
-469.341981,158,9971.252136,18.0,0.8876582278481012,0.06540084388185653,0.06509945750452079,0.7721518987341772,0.3987341772151899,0.17088607594936708
-402.473095,158,9974.256293,37.0,0.7716244725738396,0.08544303797468354,0.05843881856540085,0.7658227848101266,0.569620253164557,0.33544303797468356
-401.834204,158,9977.348715,80.0,0.5098704038577455,0.0959915611814346,0.03605585694193289,0.759493670886076,0.6645569620253164,0.4240506329113924
-412.216914,158,9980.401729,71.0,0.56376582278481,0.08860759493670886,0.032283960764973425,0.759493670886076,0.5949367088607594,0.35443037974683544
-441.471382,158,9983.447057,41.0,0.7473628691983122,0.07700421940928269,0.01974080771549126,0.7658227848101266,0.5063291139240507,0.2721518987341772
-475.565944,158,9986.480806,60.0,0.6257383966244726,0.08122362869198312,0.022905364677516575,0.759493670886076,0.44936708860759494,0.2088607594936709
-468.66235,158,9989.512396,29.0,0.819620253164557,0.06645569620253164,0.022151898734177215,0.8291139240506329,0.3227848101265823,0.1518987341772152
-370.155243,158,9992.519241,0.0,1.0,0.06329113924050633,0.06329113924050633,0.9240506329113924,0.25949367088607594,0.18354430379746836
-35.571974,158,9995.503802,4.0,0.9746835443037974,0.06329113924050633,0.06329113924050633,0.7974683544303798,0.4620253164556962,0.25949367088607594
-34.020483,158,9998.509479,21.0,0.8670886075949367,0.06329113924050633,0.056962025316455694,0.8037974683544303,0.8227848101265823,0.6265822784810127
-288.589335,158,10001.472244,21.0,0.870253164556962,0.06540084388185653,0.053164556962025315,0.8291139240506329,0.6962025316455697,0.5253164556962026
-191.207177,158,10004.453278,25.0,0.8481012658227848,0.06856540084388185,0.056329113924050635,0.879746835443038,0.379746835443038,0.25949367088607594
8.67404,158,10007.63049,148.0,0.09757383966244725,0.12130801687763712,0.040606791239702636,0.879746835443038,0.36075949367088606,0.24050632911392406
-4.361574,158,10010.763424,120.0,0.24050632911392406,0.06329113924050633,0.012658227848101266,0.8924050632911392,0.33544303797468356,0.22784810126582278
4.384376,158,10013.960442,158.0,0.0,0.06329113924050633,0.0,0.8670886075949367,0.35443037974683544,0.22151898734177214
19.161219,158,10017.139004,157.0,0.007823488045007033,0.07278481012658228,0.0025572177470911646,0.8607594936708861,0.37341772151898733,0.23417721518987342
23.802032,158,10020.294651,157.0,0.01006904487917146,0.06962025316455696,0.004138266796494644,0.8481012658227848,0.43037974683544306,0.27848101265822783
52.514904,158,10023.482237,158.0,0.037658227848101265,0.14662447257383965,0.050030138637733576,0.8544303797468354,0.4873417721518987,0.34177215189873417
27.466071,158,10026.629565,158.0,0.004279686558167571,0.07278481012658228,0.005746433594534861,0.8670886075949367,0.41139240506329117,0.27848101265822783
27.691519,158,10029.737722,151.0,0.048734177215189876,0.06962025316455696,0.004972875226039784,0.8924050632911392,0.41139240506329117,0.3037974683544304
31.395909,158,10032.772934,119.0,0.25,0.06645569620253164,0.03481012658227848,0.879746835443038,0.44936708860759494,0.3291139240506329
55.136298,158,10035.835934,120.0,0.24525316455696203,0.06962025316455696,0.017932489451476793,0.8607594936708861,0.6012658227848101,0.4620253164556962
59.416165,158,10038.861202,135.0,0.1468354430379747,0.06645569620253164,0.027124773960216998,0.8607594936708861,0.6582278481012658,0.5189873417721519
64.704334,158,10041.872879,119.0,0.254957805907173,0.08544303797468354,0.0431585292344786,0.8670886075949367,0.6518987341772152,0.5189873417721519
60.090762,158,10044.899115,87.0,0.44936708860759494,0.06329113924050633,0.03164556962025317,0.8417721518987342,0.7215189873417721,0.5632911392405063
62.092339,158,10047.938791,75.0,0.5263713080168777,0.06645569620253164,0.020569620253164556,0.8164556962025317,0.7721518987341772,0.5886075949367089
47.948924,158,10050.885671,30.0,0.810126582278481,0.06329113924050633,0.02531645569620253,0.7911392405063291,0.7784810126582279,0.569620253164557
24.712039,158,10053.962351,43.0,0.7278481012658228,0.06329113924050633,0.03164556962025317,0.7911392405063291,0.7848101265822784,0.5759493670886076
3.116097,158,10056.960443,27.0,0.8386075949367089,0.07383966244725738,0.041033755274261605,0.7784810126582279,0.8481012658227848,0.6265822784810127
-41.437452,158,10059.916321,32.0,0.8043248945147679,0.07172995780590717,0.06413502109704641,0.7784810126582279,0.8670886075949367,0.6455696202531646
-46.643173,158,10062.943722,31.0,0.8037974683544303,0.06329113924050633,0.056962025316455694,0.7911392405063291,0.7911392405063291,0.5822784810126582
-198.586175,158,10066.243485,6.0,0.9683544303797469,0.07278481012658228,0.07067510548523206,0.7848101265822784,0.6835443037974683,0.46835443037974683
-330.637156,158,10069.340851,10.0,0.9367088607594937,0.06329113924050633,0.04430379746835443,0.7721518987341772,0.689873417721519,0.4620253164556962
-358.084169,158,10072.432653,11.0,0.930379746835443,0.06329113924050633,0.04430379746835443,0.7658227848101266,0.8164556962025317,0.5822784810126582
-340.772361,158,10075.52157,11.0,0.930379746835443,0.06329113924050633,0.05063291139240506,0.759493670886076,0.8481012658227848,0.6075949367088608
-387.480283,158,10078.648175,45.0,0.7203134418324292,0.0759493670886076,0.06360759493670887,0.759493670886076,0.7531645569620253,0.5126582278481012
-409.403644,158,10081.789105,55.0,0.673583484026522,0.10126582278481013,0.07712477396021701,0.759493670886076,0.6329113924050633,0.3924050632911392
-416.245017,158,10084.883824,48.0,0.7003691983122363,0.07383966244725738,0.036744022503516174,0.7848101265822784,0.46835443037974683,0.25316455696202533
-443.679066,158,10087.969622,57.0,0.6521097046413502,0.09282700421940927,0.03884870403857745,0.7848101265822784,0.3670886075949367,0.1518987341772152
-466.066904,158,10091.05069,46.0,0.7206751054852322,0.08438818565400844,0.02742616033755274,0.7911392405063291,0.31645569620253167,0.10759493670886076
-485.373077,158,10094.101574,45.0,0.7233122362869199,0.08544303797468354,0.060548523206751054,0.7848101265822784,0.2911392405063291,0.0759493670886076
-431.195645,158,10097.19527,80.0,0.5154008438818566,0.10126582278481013,0.0514014466546112,0.7784810126582279,0.27848101265822783,0.056962025316455694
-468.415785,158,10100.280523,68.0,0.5875527426160337,0.11075949367088607,0.06778179626280892,0.7784810126582279,0.3227848101265823,0.10126582278481013
-449.665535,158,10103.352295,67.0,0.5850210970464135,0.08016877637130801,0.04336949969861362,0.7721518987341772,0.33544303797468356,0.10759493670886076
-453.609973,158,10106.410688,77.0,0.534132007233273,0.11181434599156116,0.06569218404661444,0.7721518987341772,0.2911392405063291,0.06329113924050633
-309.274828,158,10109.535351,104.0,0.3475738396624473,0.0759493670886076,0.04303797468354431,0.8544303797468354,0.2468354430379747,0.10126582278481013
-162.554947,158,10112.653565,128.0,0.2610307414104882,0.17827004219409281,0.1246383363471971,0.7784810126582279,0.2848101265822785,0.06329113924050633
-241.258058,158,10115.838764,126.0,0.26102320675105484,0.16666666666666666,0.0969258589511754,0.759493670886076,0.4620253164556962,0.22151898734177214
-379.987179,158,10118.967069,118.0,0.2877009242515572,0.1360759493670886,0.060800591813250045,0.7658227848101266,0.569620253164557,0.33544303797468356
-352.247892,158,10122.101568,118.0,0.2973277074542897,0.13554852320675104,0.07596991615978958,0.7658227848101266,0.3924050632911392,0.15822784810126583
-339.412231,158,10125.10311,14.0,0.9135021097046412,0.06645569620253164,0.04050632911392405,0.8734177215189873,0.2468354430379747,0.12025316455696203
-124.950915,158,10128.10624,10.0,0.9379746835443037,0.06645569620253164,0.039783001808318265,0.930379746835443,0.2468354430379747,0.17721518987341772
-174.011721,158,10131.170776,3.0,0.9810126582278481,0.06329113924050633,0.06329113924050633,0.8734177215189873,0.31645569620253167,0.189873417721519
-215.459095,158,10134.225436,35.0,0.7796317606444189,0.06962025316455696,0.052580331061343716,0.8227848101265823,0.44936708860759494,0.2721518987341772
-186.342625,158,10137.281234,55.0,0.6531645569620254,0.06645569620253164,0.014466546112115732,0.810126582278481,0.5632911392405063,0.37341772151898733
-231.797105,158,10140.388574,79.0,0.5,0.06329113924050633,0.0189873417721519,0.8417721518987342,0.5,0.34177215189873417
-237.24089,158,10143.444044,71.0,0.5690928270042194,0.09651898734177214,0.06817359855334539,0.879746835443038,0.41139240506329117,0.2911392405063291
-298.671438,158,10146.513268,86.0,0.5162447257383966,0.14978902953586495,0.08465943339361061,0.8481012658227848,0.36075949367088606,0.2088607594936709
-285.441212,158,10149.578987,102.0,0.38786919831223626,0.12078059071729957,0.05510849909584087,0.8607594936708861,0.3227848101265823,0.18354430379746836
-382.899561,158,10152.648832,103.0,0.36824894514767936,0.09915611814345991,0.036437613019891506,0.8291139240506329,0.3670886075949367,0.1962025316455696
-413.333566,158,10155.64483,81.0,0.4963080168776371,0.09071729957805906,0.03326300984528832,0.8164556962025317,0.37341772151898733,0.189873417721519
-349.571702,158,10158.612425,72.0,0.5540084388185654,0.0780590717299578,0.02408077154912598,0.8037974683544303,0.46835443037974683,0.2721518987341772
-378.769583,158,10161.623767,78.0,0.5220464135021097,0.08860759493670886,0.053722121760096435,0.7974683544303798,0.4430379746835443,0.24050632911392406
-384.60124,158,10164.707468,82.0,0.5040159734779989,0.10443037974683544,0.04066204540888085,0.7911392405063291,0.4050632911392405,0.1962025316455696
-387.219539,158,10167.759857,63.0,0.6132911392405064,0.08755274261603375,0.06913803496081977,0.8164556962025317,0.3291139240506329,0.14556962025316456
-386.492424,158,10170.861645,72.0,0.5656645569620253,0.10548523206751054,0.05606288929073739,0.8164556962025317,0.25316455696202533,0.06962025316455696
-421.35959,158,10173.968343,59.0,0.6354430379746836,0.0981012658227848,0.0522357389445997,0.8354430379746836,0.25949367088607594,0.0949367088607595
-420.884786,158,10177.015663,68.0,0.5872362869198312,0.09282700421940927,0.04559975889089813,0.8164556962025317,0.26582278481012656,0.08227848101265822
-389.130881,158,10180.094889,71.0,0.5624472573839662,0.08333333333333333,0.06687763713080169,0.810126582278481,0.25316455696202533,0.06329113924050633
-437.954442,158,10183.062961,57.0,0.6544303797468355,0.11708860759493671,0.05858951175406871,0.810126582278481,0.25949367088607594,0.06962025316455696
-471.801217,158,10186.100536,24.0,0.8597046413502111,0.07383966244725738,0.06139240506329113,0.7848101265822784,0.26582278481012656,0.05063291139240506
-435.690826,158,10189.115304,10.0,0.939873417721519,0.06540084388185653,0.06582278481012659,0.8164556962025317,0.2468354430379747,0.06329113924050633
-481.783075,158,10192.054039,10.0,0.939873417721519,0.06645569620253164,0.060126582278481014,0.810126582278481,0.2468354430379747,0.056962025316455694
-447.963226,158,10195.067663,48.0,0.7064345991561182,0.0970464135021097,0.0503465943339361,0.810126582278481,0.25949367088607594,0.06962025316455696
-460.102988,158,10198.105846,51.0,0.685337552742616,0.07911392405063292,0.04864376130198914,0.7911392405063291,0.25949367088607594,0.05063291139240506
-480.590107,158,10201.134338,54.0,0.6679852320675106,0.08227848101265822,0.06329113924050633,0.7784810126582279,0.25949367088607594,0.0379746835443038
-461.193285,158,10204.206351,74.0,0.5501054852320676,0.08649789029535865,0.05168776371308016,0.7784810126582279,0.25316455696202533,0.03164556962025317
-434.616554,158,10207.282481,68.0,0.5874020494273658,0.09177215189873418,0.09203335342575848,0.7784810126582279,0.25316455696202533,0.03164556962025317
-493.635248,158,10210.339554,33.0,0.8006329113924051,0.0759493670886076,0.06107594936708861,0.7784810126582279,0.25949367088607594,0.0379746835443038
-417.395144,158,10213.380588,48.0,0.7007986738999398,0.07278481012658228,0.05668073136427567,0.7784810126582279,0.25949367088607594,0.0379746835443038
-475.059535,158,10216.433772,33.0,0.7932489451476794,0.06645569620253164,0.04050632911392405,0.7848101265822784,0.25949367088607594,0.04430379746835443
-442.824285,158,10219.472349,18.0,0.8860759493670886,0.06329113924050633,0.05063291139240506,0.7848101265822784,0.25316455696202533,0.0379746835443038
-470.132887,158,10222.595404,24.0,0.8481012658227848,0.06329113924050633,0.0379746835443038,0.7721518987341772,0.2721518987341772,0.04430379746835443
-481.263742,158,10225.637695,27.0,0.8291139240506329,0.06329113924050633,0.0189873417721519,0.7658227848101266,0.25949367088607594,0.02531645569620253
-473.364003,158,10228.750663,34.0,0.7885021097046413,0.07383966244725738,0.027124773960216998,0.759493670886076,0.2721518987341772,0.03164556962025317
-486.767867,158,10231.807983,26.0,0.8417721518987342,0.07172995780590717,0.03839662447257384,0.759493670886076,0.2911392405063291,0.05063291139240506
-500.305571,158,10234.817172,27.0,0.8291139240506329,0.06540084388185653,0.03481012658227848,0.7658227848101266,0.2848101265822785,0.05063291139240506
-506.297889,158,10238.043044,39.0,0.7563291139240507,0.06962025316455696,0.016877637130801686,0.7658227848101266,0.3037974683544304,0.06962025316455696
-490.896894,158,10241.102252,57.0,0.6455696202531646,0.07489451476793248,0.01729957805907173,0.7658227848101266,0.2721518987341772,0.0379746835443038
-428.820305,158,10244.207536,76.0,0.5410337552742616,0.0981012658227848,0.03508137432188065,0.759493670886076,0.2974683544303797,0.056962025316455694
-487.177296,158,10247.261032,59.0,0.634493670886076,0.07489451476793248,0.008755274261603375,0.759493670886076,0.36075949367088606,0.12025316455696203
-494.897437,158,10250.309997,60.0,0.6325949367088608,0.08333333333333331,0.03934599156118144,0.759493670886076,0.35443037974683544,0.11392405063291139
-458.131397,158,10253.371047,29.0,0.8287974683544304,0.08966244725738397,0.05678119349005425,0.759493670886076,0.33544303797468356,0.0949367088607595
-294.838901,158,10256.406618,58.0,0.6341772151898735,0.06645569620253164,0.0018083182640144667,0.759493670886076,0.36075949367088606,0.12025316455696203
-133.093864,158,10259.477598,37.0,0.7658227848101266,0.06329113924050633,0.006329113924050633,0.759493670886076,0.4430379746835443,0.20253164556962025
-49.615295,158,10262.429737,1.0,0.9936708860759493,0.06329113924050633,0.06329113924050633,0.759493670886076,0.47468354430379744,0.23417721518987342
-61.735526,158,10265.378766,0.0,1.0,0.06329113924050633,0.06329113924050633,0.759493670886076,0.3670886075949367,0.12658227848101267
-149.75361,158,10268.391121,34.0,0.7848101265822784,0.06329113924050633,0.0379746835443038,0.7911392405063291,0.26582278481012656,0.056962025316455694
-196.416813,158,10271.508852,60.0,0.6229957805907174,0.06962025316455696,0.016244725738396623,0.7848101265822784,0.310126582278481,0.0949367088607595
-14.486572,158,10274.50986,22.0,0.8607594936708861,0.06329113924050633,0.02531645569620253,0.810126582278481,0.4620253164556962,0.2721518987341772
-26.679836,158,10277.594414,79.0,0.5,0.06329113924050633,0.0,0.8037974683544303,0.36075949367088606,0.16455696202531644
-32.167331,158,10280.678725,93.0,0.41455696202531644,0.06645569620253164,0.0031645569620253164,0.8037974683544303,0.34810126582278483,0.1518987341772152
-32.441667,158,10283.791289,102.0,0.35812236286919835,0.06856540084388185,0.004219409282700422,0.810126582278481,0.3987341772151899,0.2088607594936709
-152.16938,158,10286.873674,59.0,0.6265822784810127,0.06329113924050633,0.0,0.8037974683544303,0.3924050632911392,0.1962025316455696
-127.599805,158,10289.920542,36.0,0.7721518987341772,0.06329113924050633,0.012658227848101266,0.8734177215189873,0.34810126582278483,0.22151898734177214
-112.578089,158,10292.961145,32.0,0.7974683544303798,0.06329113924050633,0.012658227848101266,0.8734177215189873,0.34810126582278483,0.22151898734177214
-222.546257,158,10296.024296,18.0,0.8860759493670886,0.06329113924050633,0.06329113924050633,0.8607594936708861,0.2974683544303797,0.15822784810126583
-320.887268,158,10299.070641,26.0,0.8354430379746836,0.06329113924050633,0.05063291139240506,0.7784810126582279,0.3860759493670886,0.16455696202531644
-292.898421,158,10302.202828,52.0,0.6904008438818566,0.08860759493670886,0.05559071729957806,0.7721518987341772,0.46835443037974683,0.24050632911392406
-372.612051,158,10305.296593,43.0,0.7386075949367089,0.08860759493670886,0.0461121157323689,0.7911392405063291,0.33544303797468356,0.12658227848101267
-409.967785,158,10308.391933,42.0,0.7434398231866587,0.09388185654008438,0.041285367234734326,0.8164556962025317,0.25316455696202533,0.06962025316455696
-385.409427,158,10311.491631,35.0,0.7871308016877637,0.08860759493670886,0.055274261603375535,0.810126582278481,0.25316455696202533,0.06329113924050633
-427.737292,158,10314.595489,25.0,0.8470464135021097,0.08544303797468354,0.05189873417721518,0.8354430379746836,0.25316455696202533,0.08860759493670886
-362.56849,158,10317.69054,30.0,0.8165159734779986,0.07700421940928269,0.05552039381153305,0.8417721518987342,0.2468354430379747,0.08860759493670886
-363.346565,158,10320.833939,27.0,0.8303797468354429,0.06540084388185653,0.05221518987341772,0.8734177215189873,0.24050632911392406,0.11392405063291139
-317.926145,158,10323.845232,27.0,0.8411919831223629,0.08597046413502109,0.07958609604179225,0.8544303797468354,0.2468354430379747,0.10126582278481013
-305.35452,158,10326.921755,49.0,0.6964135021097047,0.07383966244725738,0.05858951175406871,0.810126582278481,0.2848101265822785,0.0949367088607595
-281.774062,158,10329.986689,49.0,0.6972573839662447,0.0759493670886076,0.05327004219409282,0.7848101265822784,0.3227848101265823,0.10759493670886076
-347.128296,158,10333.059212,44.0,0.7312236286919831,0.08016877637130801,0.0462326702833032,0.810126582278481,0.310126582278481,0.12025316455696203
-384.531818,158,10336.231798,64.0,0.6021699819168174,0.0759493670886076,0.0469760900140647,0.8291139240506329,0.2848101265822785,0.11392405063291139
-383.796347,158,10339.332704,55.0,0.6668776371308017,0.08016877637130801,0.046745027124773963,0.8291139240506329,0.2848101265822785,0.11392405063291139
-383.154989,158,10342.476086,46.0,0.7172995780590717,0.07647679324894514,0.04769439421338156,0.8354430379746836,0.26582278481012656,0.10126582278481013
-400.566062,158,10345.592387,32.0,0.8037974683544303,0.06856540084388185,0.06265822784810127,0.8417721518987342,0.2721518987341772,0.11392405063291139
-411.557943,158,10348.674191,57.0,0.6550632911392406,0.08860759493670885,0.07932489451476793,0.8481012658227848,0.2974683544303797,0.14556962025316456
-450.515876,158,10351.67433,43.0,0.7468354430379747,0.08755274261603375,0.07679324894514768,0.8291139240506329,0.27848101265822783,0.10759493670886076
-448.446849,158,10354.753434,58.0,0.6468354430379747,0.08333333333333333,0.06341169379144063,0.8291139240506329,0.2468354430379747,0.0759493670886076
-463.836531,158,10357.76229,61.0,0.6366033755274262,0.0949367088607595,0.07480409885473177,0.810126582278481,0.25316455696202533,0.06329113924050633
-470.914136,158,10360.78079,53.0,0.6723628691983122,0.08227848101265822,0.053496081977094635,0.8164556962025317,0.25316455696202533,0.06962025316455696
-440.870479,158,10363.925682,47.0,0.7194092827004219,0.10443037974683544,0.07555756479807113,0.8227848101265823,0.2468354430379747,0.06962025316455696
-488.805691,158,10367.070073,45.0,0.7342827004219409,0.0991561181434599,0.06043801486839461,0.8291139240506329,0.24050632911392406,0.06962025316455696
-468.64602,158,10370.151998,60.0,0.6331223628691983,0.0970464135021097,0.07082579867389993,0.810126582278481,0.24050632911392406,0.05063291139240506
-462.667368,158,10373.255238,76.0,0.5419379144062689,0.11286919831223628,0.06019188266023708,0.810126582278481,0.2468354430379747,0.056962025316455694
-480.071548,158,10376.333922,67.0,0.5843881856540084,0.08016877637130801,0.03493068113321278,0.7911392405063291,0.26582278481012656,0.056962025316455694
-453.675815,158,10379.431313,56.0,0.6676160337552742,0.11497890295358648,0.09400241109101867,0.7911392405063291,0.2911392405063291,0.08227848101265822
-464.663682,158,10382.562477,49.0,0.7099156118143459,0.0981012658227848,0.07679324894514768,0.7911392405063291,0.2911392405063291,0.08227848101265822
-464.821485,158,10385.721472,48.0,0.704535864978903,0.08755274261603375,0.053616636528028935,0.7974683544303798,0.3037974683544304,0.10126582278481013
-445.504946,158,10388.885578,56.0,0.6689873417721518,0.0981012658227848,0.046001607394012455,0.7848101265822784,0.2974683544303797,0.08227848101265822
-458.124077,158,10391.992486,52.0,0.6869725738396624,0.10970464135021096,0.07489451476793249,0.7784810126582279,0.2848101265822785,0.06329113924050633
-457.333362,158,10395.144692,43.0,0.7415611814345991,0.08227848101265822,0.0679324894514768,0.7911392405063291,0.2911392405063291,0.08227848101265822
-469.434324,158,10398.288501,85.0,0.4785864978902954,0.08649789029535865,0.03981314044605184,0.7721518987341772,0.2721518987341772,0.04430379746835443
-462.119469,158,10401.45094,115.0,0.3033905967450271,0.10864978902953586,0.06842475386779183,0.7721518987341772,0.2911392405063291,0.06329113924050633
-454.114874,158,10404.59103,100.0,0.4005274261603376,0.12236286919831223,0.099291742013261,0.759493670886076,0.31645569620253167,0.0759493670886076
-432.012116,158,10407.722658,88.0,0.45923749246534046,0.09177215189873418,0.05731364275668073,0.759493670886076,0.34177215189873417,0.10126582278481013
-425.098443,158,10411.075218,107.0,0.36445901145268234,0.13924050632911392,0.0739300783604581,0.7784810126582279,0.2974683544303797,0.0759493670886076
-461.523829,158,10414.179497,84.0,0.4899789029535864,0.09177215189873418,0.038502109704641345,0.7848101265822784,0.25316455696202533,0.0379746835443038
-475.912222,158,10417.276603,95.0,0.4208860759493671,0.09071729957805906,0.04514767932489451,0.7721518987341772,0.2468354430379747,0.0189873417721519
-460.818925,158,10420.420744,102.0,0.3697257383966245,0.08544303797468354,0.0419831223628692,0.7848101265822784,0.24050632911392406,0.02531645569620253
-453.486194,158,10423.576192,114.0,0.3052742616033755,0.12658227848101267,0.04775467148884871,0.7784810126582279,0.24050632911392406,0.0189873417721519
-455.029775,158,10426.654078,113.0,0.31951476793248945,0.12974683544303797,0.05548020896122162,0.7721518987341772,0.24050632911392406,0.012658227848101266
-474.687075,158,10429.74848,110.0,0.3259493670886076,0.0981012658227848,0.037251356238698005,0.7721518987341772,0.24050632911392406,0.012658227848101266
-497.418554,158,10432.857883,83.0,0.5007383966244726,0.09915611814345991,0.05296865581675708,0.7721518987341772,0.2468354430379747,0.0189873417721519
-465.140865,158,10435.944806,79.0,0.5309071729957805,0.11708860759493671,0.066500904159132,0.7784810126582279,0.25316455696202533,0.03164556962025317
-492.012256,158,10438.971659,72.0,0.559132007233273,0.09599156118143458,0.060824794052642156,0.7658227848101266,0.25316455696202533,0.0189873417721519
-490.993791,158,10441.970763,73.0,0.5464135021097046,0.0759493670886076,0.04789029535864979,0.759493670886076,0.25949367088607594,0.0189873417721519
-486.201449,158,10445.000554,82.0,0.5006329113924051,0.0970464135021097,0.07295057263411693,0.759493670886076,0.27848101265822783,0.0379746835443038
-464.720311,158,10448.119578,92.0,0.45031645569620254,0.10759493670886076,0.06775165762507535,0.7658227848101266,0.25949367088607594,0.02531645569620253
-446.158446,158,10451.167599,68.0,0.5727848101265823,0.07278481012658228,0.0490506329113924,0.759493670886076,0.2974683544303797,0.056962025316455694
-450.779632,158,10454.242337,54.0,0.659493670886076,0.07278481012658228,0.067209162145871,0.759493670886076,0.33544303797468356,0.0949367088607595
-445.888564,158,10457.226172,43.0,0.7362869198312236,0.07383966244725738,0.07468354430379748,0.7848101265822784,0.2911392405063291,0.0759493670886076
-409.675138,158,10460.197209,41.0,0.7461573236889693,0.07278481012658228,0.06364275668073137,0.7974683544303798,0.25316455696202533,0.05063291139240506
-339.0216,158,10463.273633,75.0,0.574789029535865,0.13976793248945146,0.114376130198915,0.7848101265822784,0.2468354430379747,0.03164556962025317
-454.666859,158,10466.327519,71.0,0.5654008438818566,0.09282700421940927,0.04989451476793249,0.7658227848101266,0.25949367088607594,0.02531645569620253
-427.132108,158,10469.353884,76.0,0.541463230861965,0.10759493670886076,0.056449668474984935,0.7658227848101266,0.34177215189873417,0.10759493670886076
-475.055249,158,10472.370254,42.0,0.7425105485232067,0.08966244725738397,0.07869198312236288,0.7658227848101266,0.34177215189873417,0.10759493670886076
-483.997576,158,10475.410453,55.0,0.6682489451476793,0.09599156118143459,0.06836949969861364,0.7911392405063291,0.27848101265822783,0.06962025316455696
-505.866822,158,10478.430498,38.0,0.7732067510548525,0.08966244725738397,0.07668776371308017,0.7911392405063291,0.2721518987341772,0.06329113924050633
-515.546778,158,10481.446578,21.0,0.8755274261603376,0.0759493670886076,0.07320675105485232,0.7784810126582279,0.26582278481012656,0.04430379746835443
-526.889529,158,10484.547375,26.0,0.8375527426160336,0.06645569620253164,0.06582278481012659,0.7848101265822784,0.2468354430379747,0.03164556962025317
-491.593066,158,10487.631289,34.0,0.7869198312236286,0.06540084388185653,0.04008438818565401,0.7784810126582279,0.25949367088607594,0.0379746835443038
-482.238335,158,10490.712852,55.0,0.6592827004219409,0.07753164556962025,0.05901647578862768,0.7658227848101266,0.2848101265822785,0.05063291139240506
-471.867831,158,10493.825617,50.0,0.6855033152501506,0.07489451476793248,0.05068314245529435,0.7848101265822784,0.2468354430379747,0.03164556962025317
-448.943601,158,10496.859771,35.0,0.7848704038577455,0.0780590717299578,0.07132308619650392,0.7658227848101266,0.2468354430379747,0.012658227848101266
-450.272249,158,10499.921794,45.0,0.7196202531645569,0.0759493670886076,0.050527426160337556,0.759493670886076,0.2468354430379747,0.006329113924050633
-415.355991,158,10502.902754,46.0,0.7212025316455696,0.08544303797468354,0.05580168776371308,0.759493670886076,0.25949367088607594,0.0189873417721519
-414.52194,158,10505.978809,60.0,0.6276974080771549,0.07911392405063292,0.0700924251557163,0.7721518987341772,0.26582278481012656,0.0379746835443038
-423.636789,158,10509.023033,65.0,0.6231012658227848,0.13291139240506328,0.08719107896323086,0.7784810126582279,0.25949367088607594,0.0379746835443038
-396.873715,158,10512.064073,76.0,0.5411392405063291,0.1181434599156118,0.10379746835443036,0.7784810126582279,0.2468354430379747,0.02531645569620253
-432.026074,158,10515.069481,50.0,0.6944796061884669,0.08755274261603375,0.07807962080113978,0.7974683544303798,0.2468354430379747,0.04430379746835443
-407.070474,158,10518.117981,68.0,0.5994801084990958,0.11708860759493671,0.09806108097247337,0.7848101265822784,0.25316455696202533,0.0379746835443038
-471.960922,158,10521.123682,45.0,0.7328059071729958,0.08227848101265822,0.05580168776371308,0.7848101265822784,0.2721518987341772,0.056962025316455694
-491.612031,158,10524.135035,49.0,0.6988396624472574,0.0759493670886076,0.04831223628691984,0.7848101265822784,0.25316455696202533,0.0379746835443038
-488.708605,158,10527.218395,47.0,0.7122890295358649,0.08544303797468354,0.07457805907172996,0.7721518987341772,0.25316455696202533,0.02531645569620253
-486.094438,158,10530.303368,47.0,0.7132911392405062,0.08122362869198312,0.0810126582278481,0.7784810126582279,0.27848101265822783,0.056962025316455694
-472.755654,158,10533.415059,52.0,0.6947408077154913,0.1160337552742616,0.07564798071127185,0.7911392405063291,0.2848101265822785,0.0759493670886076
-386.749806,158,10536.528365,75.0,0.5721518987341773,0.14873417721518986,0.10130692092717411,0.7911392405063291,0.26582278481012656,0.056962025316455694
-372.532393,158,10539.662599,86.0,0.49948010849909585,0.1429324894514768,0.09526869052185509,0.8037974683544303,0.24050632911392406,0.04430379746835443
-380.233538,158,10542.796381,77.0,0.5310126582278482,0.09862869198312237,0.06576250753465944,0.8037974683544303,0.24050632911392406,0.04430379746835443
-361.069593,158,10545.918917,83.0,0.5081374321880651,0.11075949367088607,0.05619851316053848,0.7784810126582279,0.24050632911392406,0.0189873417721519
-470.824858,158,10549.062912,89.0,0.4602923447860157,0.11023206751054851,0.04193334794600618,0.7721518987341772,0.2911392405063291,0.06329113924050633
-458.438693,158,10552.155649,73.0,0.5561884669479606,0.10021097046413502,0.04193791440626884,0.7784810126582279,0.35443037974683544,0.13291139240506328
-490.066042,158,10555.138884,44.0,0.7248417721518988,0.07067510548523206,0.029746835443037977,0.7784810126582279,0.34810126582278483,0.12658227848101267
-507.787352,158,10558.191802,41.0,0.740506329113924,0.06329113924050633,0.03164556962025317,0.7974683544303798,0.2911392405063291,0.08860759493670886
-487.137228,158,10561.291357,53.0,0.6708860759493671,0.07278481012658228,0.03259493670886076,0.7784810126582279,0.26582278481012656,0.04430379746835443
-502.473395,158,10564.362225,38.0,0.7610759493670886,0.06856540084388185,0.044002411091018684,0.7974683544303798,0.2721518987341772,0.06962025316455696
-511.238108,158,10567.457431,32.0,0.7974683544303798,0.06329113924050633,0.056962025316455694,0.7848101265822784,0.2468354430379747,0.03164556962025317
-495.207701,158,10570.511429,45.0,0.7151898734177216,0.06329113924050633,0.04430379746835443,0.7848101265822784,0.24050632911392406,0.02531645569620253
-513.241255,158,10573.620926,52.0,0.6753164556962026,0.07278481012658228,0.044002411091018684,0.7721518987341772,0.25316455696202533,0.02531645569620253
-498.354682,158,10576.944245,62.0,0.6181434599156118,0.07911392405063292,0.06248241912798875,0.7784810126582279,0.25949367088607594,0.0379746835443038
-492.687855,158,10580.06296,30.0,0.818776371308017,0.09388185654008438,0.06582278481012659,0.7911392405063291,0.2468354430379747,0.0379746835443038
-425.783208,158,10583.103153,31.0,0.8115581675708259,0.07700421940928269,0.06678722121760096,0.7658227848101266,0.2468354430379747,0.012658227848101266
-383.873714,158,10586.062802,10.0,0.9367088607594937,0.06329113924050633,0.06329113924050633,0.7658227848101266,0.25316455696202533,0.0189873417721519
-52.295003,158,10589.066148,39.0,0.7531645569620253,0.06329113924050633,0.06329113924050633,0.7658227848101266,0.2848101265822785,0.05063291139240506
-52.294649,158,10592.176143,51.0,0.6772151898734177,0.06329113924050633,0.04430379746835443,0.7974683544303798,0.2911392405063291,0.08860759493670886
-52.000494,158,10595.253587,71.0,0.5527426160337553,0.06645569620253164,0.03417721518987342,0.7974683544303798,0.2911392405063291,0.08860759493670886
-75.997891,158,10598.363668,68.0,0.5717299578059072,0.06645569620253164,0.03417721518987342,0.7974683544303798,0.27848101265822783,0.0759493670886076
-293.637952,158,10601.442036,82.0,0.4970464135021097,0.09071729957805906,0.041576250753465945,0.7974683544303798,0.2721518987341772,0.06962025316455696
-374.702653,158,10604.56041,89.0,0.45852923447860156,0.11286919831223628,0.04141551135222022,0.8037974683544303,0.25949367088607594,0.06329113924050633
-374.468999,158,10607.676491,102.0,0.40640446051838447,0.15400843881856538,0.07585895117540688,0.8291139240506329,0.24050632911392406,0.06962025316455696
-432.546903,158,10610.783819,71.0,0.5666666666666667,0.0949367088607595,0.03946654611211573,0.8354430379746836,0.24050632911392406,0.0759493670886076
-429.636622,158,10613.919003,82.0,0.4957805907172996,0.10073839662447256,0.042877235282298566,0.8481012658227848,0.24050632911392406,0.08860759493670886
-462.138138,158,10617.049229,80.0,0.5182489451476793,0.0949367088607595,0.04559975889089813,0.7974683544303798,0.25316455696202533,0.05063291139240506
-443.901059,158,10620.147848,72.0,0.5778631705846896,0.12236286919831223,0.06630500301386377,0.7721518987341772,0.2468354430379747,0.0189873417721519
-454.165577,158,10623.241309,80.0,0.5262658227848102,0.1181434599156118,0.07307460472017432,0.7784810126582279,0.27848101265822783,0.056962025316455694
-473.198093,158,10626.355276,75.0,0.5458860759493671,0.09599156118143459,0.07163954189270644,0.759493670886076,0.2848101265822785,0.04430379746835443
-473.3447,158,10629.457289,91.0,0.4645569620253165,0.12025316455696203,0.08987341772151898,0.7721518987341772,0.26582278481012656,0.0379746835443038
-465.380302,158,10632.575327,91.0,0.44409282700421937,0.10126582278481013,0.04404761904761905,0.7721518987341772,0.2468354430379747,0.0189873417721519
-439.461799,158,10635.637666,120.0,0.27067510548523205,0.10548523206751054,0.049251557162949565,0.7911392405063291,0.25316455696202533,0.04430379746835443
-471.42939,158,10638.678739,90.0,0.4397679324894515,0.08544303797468354,0.03040988547317661,0.7848101265822784,0.2468354430379747,0.03164556962025317
-441.094924,158,10641.747724,72.0,0.5508966244725738,0.08227848101265822,0.02542194092827004,0.7721518987341772,0.25316455696202533,0.02531645569620253
-430.256493,158,10644.78739,56.0,0.6513713080168777,0.07278481012658228,0.03217299578059071,0.7784810126582279,0.25316455696202533,0.03164556962025317
-434.046562,158,10647.853236,48.0,0.6974683544303798,0.06962025316455696,0.03134418324291742,0.7848101265822784,0.2468354430379747,0.03164556962025317
-409.833562,158,10650.874176,63.0,0.6044303797468354,0.06962025316455696,0.05168776371308016,0.7974683544303798,0.2468354430379747,0.04430379746835443
-393.692606,158,10653.901247,62.0,0.6104430379746836,0.06856540084388185,0.022679324894514765,0.7911392405063291,0.24050632911392406,0.03164556962025317
-379.605215,158,10656.935567,75.0,0.5253164556962026,0.06329113924050633,0.03164556962025317,0.7974683544303798,0.24050632911392406,0.0379746835443038
-360.182148,158,10660.010052,71.0,0.5522151898734177,0.06645569620253164,0.040084388185654005,0.7784810126582279,0.24050632911392406,0.0189873417721519
-375.825212,158,10663.068009,54.0,0.6582278481012658,0.06329113924050633,0.0379746835443038,0.7848101265822784,0.24050632911392406,0.02531645569620253
-389.92173,158,10666.104347,33.0,0.7958860759493671,0.06962025316455696,0.03691983122362869,0.7911392405063291,0.24050632911392406,0.03164556962025317
-381.847945,158,10669.143476,11.0,0.930379746835443,0.06329113924050633,0.0379746835443038,0.7784810126582279,0.2468354430379747,0.02531645569620253
-408.355618,158,10672.156716,24.0,0.8481012658227848,0.06329113924050633,0.03164556962025317,0.7911392405063291,0.2468354430379747,0.0379746835443038
-361.839229,158,10675.254011,55.0,0.661716395418927,0.0780590717299578,0.05519434854877893,0.7911392405063291,0.24050632911392406,0.03164556962025317
-424.967997,158,10678.349885,70.0,0.564029535864979,0.0770042194092827,0.021549125979505725,0.8164556962025317,0.24050632911392406,0.056962025316455694
-401.759013,158,10681.41965,86.0,0.4735232067510548,0.08649789029535865,0.03874321880650995,0.8291139240506329,0.24050632911392406,0.06962025316455696
-449.172991,158,10684.50213,84.0,0.5027074542897327,0.11708860759493671,0.05805249602717957,0.8164556962025317,0.24050632911392406,0.056962025316455694
-436.156599,158,10687.603316,79.0,0.5137130801687764,0.0949367088607595,0.039572031344183245,0.7911392405063291,0.24050632911392406,0.03164556962025317
-495.289806,158,10690.669146,50.0,0.7033227848101266,0.10126582278481013,0.06050833835643962,0.7974683544303798,0.24050632911392406,0.0379746835443038
-446.425545,158,10693.72888,40.0,0.7565928270042194,0.08860759493670886,0.04493670886075949,0.7911392405063291,0.24050632911392406,0.03164556962025317
-475.996524,158,10696.76538,31.0,0.8037974683544303,0.06540084388185653,0.05379746835443038,0.8354430379746836,0.2468354430379747,0.08227848101265822
-488.438273,158,10699.791745,17.0,0.8924050632911392,0.06329113924050633,0.06329113924050633,0.8354430379746836,0.2468354430379747,0.08227848101265822
-474.52744,158,10702.853967,23.0,0.8670886075949367,0.0759493670886076,0.0759493670886076,0.8164556962025317,0.24050632911392406,0.056962025316455694
-467.36093,158,10705.899697,32.0,0.79957805907173,0.06751054852320675,0.053445850914205346,0.810126582278481,0.2468354430379747,0.056962025316455694
-480.896387,158,10708.951943,46.0,0.7124472573839662,0.07067510548523206,0.04272151898734177,0.8164556962025317,0.24050632911392406,0.056962025316455694
-414.619855,158,10712.03585,95.0,0.42358348402652196,0.11234177215189874,0.07316656620454089,0.810126582278481,0.2468354430379747,0.056962025316455694
-445.003049,158,10715.107318,73.0,0.5666666666666667,0.12341772151898735,0.08053044002411089,0.810126582278481,0.2468354430379747,0.056962025316455694
-400.065879,158,10718.167241,82.0,0.5125527426160338,0.1360759493670886,0.08723628691983121,0.8037974683544303,0.25316455696202533,0.056962025316455694
-518.154769,158,10721.20265,27.0,0.8349156118143461,0.07911392405063292,0.058137432188065094,0.7848101265822784,0.25949367088607594,0.04430379746835443
-517.139079,158,10724.204411,48.0,0.6998945147679324,0.07383966244725738,0.05590717299578058,0.7911392405063291,0.26582278481012656,0.056962025316455694
-499.404782,158,10727.235516,37.0,0.7857243319268635,0.09177215189873418,0.07069017480409885,0.7721518987341772,0.25949367088607594,0.03164556962025317
-523.884233,158,10730.279842,40.0,0.7535513361462728,0.08438818565400844,0.06395418927064496,0.7848101265822784,0.25316455696202533,0.0379746835443038
-470.742165,158,10733.447059,78.0,0.5269665461121157,0.12025316455696203,0.07545710267229255,0.7658227848101266,0.25316455696202533,0.0189873417721519
-489.267701,158,10736.474098,52.0,0.6856012658227847,0.08438818565400844,0.04715737848649241,0.7784810126582279,0.2468354430379747,0.02531645569620253
-523.02531,158,10739.48203,42.0,0.7486286919831223,0.08227848101265822,0.04718203737191079,0.7721518987341772,0.25316455696202533,0.02531645569620253
-511.56815,158,10742.531368,45.0,0.72612517580872,0.07911392405063292,0.05038175607795861,0.7658227848101266,0.26582278481012656,0.03164556962025317
-363.572413,158,10745.918669,91.0,0.44678270042194096,0.0970464135021097,0.05674694503808427,0.7721518987341772,0.25316455696202533,0.02531645569620253
-391.381465,158,10749.120453,97.0,0.4260548523206751,0.12447257383966243,0.09322382961623467,0.7721518987341772,0.2468354430379747,0.0189873417721519
-282.33286,158,10752.368801,121.0,0.30648734177215187,0.1830168776371308,0.12117239300783605,0.7848101265822784,0.25949367088607594,0.04430379746835443
-497.108692,158,10755.424519,59.0,0.6370253164556963,0.08755274261603375,0.05331525015069319,0.7974683544303798,0.25949367088607594,0.056962025316455694
-445.196408,158,10758.61964,89.0,0.4621308016877636,0.11761603375527425,0.06669680530440024,0.7784810126582279,0.27848101265822783,0.056962025316455694
-490.01838,158,10761.767318,101.0,0.4152426160337553,0.14556962025316456,0.09762955047765175,0.7721518987341772,0.2721518987341772,0.04430379746835443
-456.022559,158,10765.028769,106.0,0.365295358649789,0.14556962025316456,0.06750018617107226,0.7784810126582279,0.24050632911392406,0.0189873417721519
-462.083236,158,10768.220447,115.0,0.3120931283905967,0.16244725738396623,0.06311624381244635,0.7721518987341772,0.2468354430379747,0.0189873417721519
-513.026119,158,10771.443996,68.0,0.592749374394944,0.11339662447257383,0.050797901114356815,0.7721518987341772,0.24050632911392406,0.012658227848101266
-528.406038,158,10774.578278,48.0,0.7081926863572433,0.08860759493670886,0.04926708312784262,0.7658227848101266,0.25316455696202533,0.0189873417721519
-514.386881,158,10777.683305,58.0,0.6426863572433192,0.08333333333333333,0.05951421995725793,0.7721518987341772,0.2911392405063291,0.06329113924050633
-449.289182,158,10780.876219,82.0,0.4905314446453687,0.08649789029535865,0.0700828355891647,0.7784810126582279,0.25316455696202533,0.03164556962025317
-511.05687,158,10783.936143,69.0,0.5724683544303798,0.08755274261603375,0.0662748643761302,0.8037974683544303,0.2468354430379747,0.05063291139240506
-529.525559,158,10787.070212,61.0,0.6271097046413503,0.08227848101265822,0.04936708860759493,0.8037974683544303,0.24050632911392406,0.04430379746835443
-506.357884,158,10790.097693,50.0,0.7035864978902953,0.08544303797468354,0.07151898734177214,0.8227848101265823,0.24050632911392406,0.06329113924050633
-504.491087,158,10793.157551,55.0,0.6676763110307413,0.09177215189873418,0.05776572232268434,0.7784810126582279,0.24050632911392406,0.0189873417721519
-497.320614,158,10796.221602,42.0,0.7386075949367089,0.07067510548523206,0.05813743218806511,0.7784810126582279,0.2468354430379747,0.02531645569620253
-509.770735,158,10799.308405,39.0,0.7569168173598553,0.07172995780590717,0.06831424552943541,0.7784810126582279,0.2974683544303797,0.0759493670886076
-527.505873,158,10802.381932,37.0,0.7723628691983122,0.07067510548523206,0.0701476793248945,0.7911392405063291,0.2848101265822785,0.0759493670886076
-510.758428,158,10805.495512,40.0,0.7525316455696203,0.06962025316455696,0.0689873417721519,0.810126582278481,0.27848101265822783,0.08860759493670886
-495.017694,158,10808.601309,35.0,0.7813291139240507,0.08016877637130801,0.067209162145871,0.8037974683544303,0.26582278481012656,0.06962025316455696
-484.736362,158,10811.650293,58.0,0.6473628691983122,0.08333333333333331,0.04685051235684147,0.8291139240506329,0.2721518987341772,0.10126582278481013
-454.402133,158,10814.69164,50.0,0.6897227245328511,0.07278481012658228,0.03893911995177818,0.8164556962025317,0.2911392405063291,0.10759493670886076
-455.797315,158,10817.796423,44.0,0.7292796865581676,0.08544303797468354,0.04180731364275668,0.8291139240506329,0.2911392405063291,0.12025316455696203
-432.183108,158,10820.888095,68.0,0.5784810126582279,0.08122362869198312,0.042540687160940324,0.8227848101265823,0.27848101265822783,0.10126582278481013
-357.416443,158,10823.905279,100.0,0.3933544303797469,0.09388185654008438,0.0395117540687161,0.8481012658227848,0.25949367088607594,0.10759493670886076
-258.558215,158,10827.060499,129.0,0.2130224030540486,0.13818565400843882,0.05469203791988603,0.8860759493670886,0.24050632911392406,0.12658227848101267
-389.725788,158,10830.168597,109.0,0.3303445850914205,0.10126582278481011,0.040867992766726945,0.8924050632911392,0.24050632911392406,0.13291139240506328
-396.7589,158,10833.305223,97.0,0.43109553948161544,0.1518987341772152,0.08675406871609403,0.8607594936708861,0.24050632911392406,0.10126582278481013
-493.836084,158,10836.417227,62.0,0.630168776371308,0.09388185654008438,0.0630801687763713,0.8607594936708861,0.24050632911392406,0.10126582278481013
-313.886424,158,10839.544021,103.0,0.38681434599156117,0.12658227848101264,0.05207956600361663,0.8481012658227848,0.24050632911392406,0.08860759493670886
-458.892644,158,10842.565952,45.0,0.7231012658227848,0.08016877637130801,0.041365280289330925,0.8607594936708861,0.24050632911392406,0.10126582278481013
-497.691589,158,10845.6093,34.0,0.790084388185654,0.07172995780590717,0.0379746835443038,0.8417721518987342,0.24050632911392406,0.08227848101265822
-455.627279,158,10848.675478,34.0,0.7926160337552742,0.08016877637130801,0.047744625276270845,0.8291139240506329,0.2468354430379747,0.0759493670886076
-470.094523,158,10851.715963,62.0,0.62542194092827,0.09177215189873418,0.04064697609001406,0.8291139240506329,0.25316455696202533,0.08227848101265822
-415.271156,158,10854.82952,84.0,0.4958559373116336,0.12341772151898735,0.05858951175406871,0.8037974683544303,0.24050632911392406,0.04430379746835443
-504.612637,158,10857.908294,76.0,0.5357594936708862,0.0970464135021097,0.05048221820373719,0.8227848101265823,0.24050632911392406,0.06329113924050633
-468.07699,158,10861.002916,68.0,0.5828661844484629,0.0949367088607595,0.024628290134619247,0.8291139240506329,0.24050632911392406,0.06962025316455696
-537.181678,158,10864.063123,36.0,0.7746835443037975,0.07278481012658228,0.03948161543098252,0.8227848101265823,0.24050632911392406,0.06329113924050633
-446.088182,158,10867.062246,43.0,0.7426235684147076,0.09177215189873417,0.055887080570624866,0.8227848101265823,0.25949367088607594,0.08227848101265822
-443.738663,158,10870.232455,104.0,0.35411141249748845,0.09599156118143459,0.02373463386121614,0.7848101265822784,0.34177215189873417,0.12658227848101267
-455.873246,158,10873.391525,106.0,0.3526974080771549,0.1160337552742616,0.030806710870002006,0.7784810126582279,0.3924050632911392,0.17088607594936708
-485.217799,158,10876.498829,92.0,0.4397377938517179,0.12658227848101267,0.04659935704239501,0.7911392405063291,0.35443037974683544,0.14556962025316456
-510.737561,158,10879.556453,51.0,0.6940400843881857,0.10864978902953586,0.03960719308820575,0.7848101265822784,0.2848101265822785,0.06962025316455696
-507.970636,158,10882.605082,16.0,0.8987341772151899,0.06329113924050633,0.0189873417721519,0.8164556962025317,0.2721518987341772,0.08860759493670886
-499.546317,158,10885.631966,11.0,0.930379746835443,0.06329113924050633,0.012658227848101266,0.8227848101265823,0.25949367088607594,0.08227848101265822
-483.22472,158,10888.651512,19.0,0.8838155515370705,0.06962025316455696,0.07025316455696204,0.8291139240506329,0.27848101265822783,0.10759493670886076
-447.279474,158,10891.686275,22.0,0.8607594936708861,0.06751054852320675,0.056962025316455694,0.7911392405063291,0.2911392405063291,0.08227848101265822
-383.857283,158,10894.788543,47.0,0.7117088607594936,0.08227848101265822,0.046584287723528225,0.7911392405063291,0.3037974683544304,0.0949367088607595
-291.4801,158,10897.840795,25.0,0.8502109704641349,0.07172995780590717,0.06540084388185653,0.7848101265822784,0.3037974683544304,0.08860759493670886
-159.696528,158,10900.930214,21.0,0.8727396021699819,0.07700421940928269,0.07301084990958408,0.7848101265822784,0.310126582278481,0.0949367088607595
-96.423696,158,10903.942727,13.0,0.9208860759493671,0.06645569620253164,0.06645569620253164,0.7721518987341772,0.36075949367088606,0.13291139240506328
-35.931544,158,10907.035438,35.0,0.7784810126582279,0.06329113924050633,0.05063291139240506,0.7721518987341772,0.46835443037974683,0.24050632911392406
30.719446,158,10910.171547,158.0,0.0073839662447257376,0.0759493670886076,0.00928270042194093,0.759493670886076,0.6075949367088608,0.3670886075949367
23.631016,158,10913.50464,8.0,0.9493670886075949,0.06329113924050633,0.06329113924050633,0.7784810126582279,0.5759493670886076,0.35443037974683544
5.918871,158,10916.574211,12.0,0.9240506329113924,0.06329113924050633,0.04430379746835443,0.8164556962025317,0.44936708860759494,0.26582278481012656
-12.297125,158,10919.683472,9.0,0.9430379746835443,0.06329113924050633,0.05063291139240506,0.8291139240506329,0.33544303797468356,0.16455696202531644
-35.113601,158,10922.784338,24.0,0.8481012658227848,0.06329113924050633,0.04430379746835443,0.8417721518987342,0.27848101265822783,0.12025316455696203
-60.485222,158,10925.860023,31.0,0.8037974683544303,0.06329113924050633,0.0379746835443038,0.8417721518987342,0.2848101265822785,0.12658227848101267
-114.395702,158,10928.950385,42.0,0.7354430379746836,0.06645569620253164,0.0461121157323689,0.8227848101265823,0.2974683544303797,0.12025316455696203
-195.879789,158,10932.069684,40.0,0.7484177215189873,0.06540084388185653,0.058770343580470154,0.7974683544303798,0.3227848101265823,0.12025316455696203
-150.032,158,10935.217361,51.0,0.6787974683544303,0.06645569620253164,0.04641350210970464,0.7658227848101266,0.620253164556962,0.3860759493670886
-130.584102,158,10938.369978,23.0,0.8544303797468354,0.06329113924050633,0.056962025316455694,0.759493670886076,0.759493670886076,0.5189873417721519
-162.408557,158,10941.588709,21.0,0.871308016877637,0.06856540084388185,0.0679324894514768,0.759493670886076,0.7468354430379747,0.5063291139240507
-170.995355,158,10944.784983,14.0,0.9113924050632911,0.06329113924050633,0.03164556962025317,0.759493670886076,0.7848101265822784,0.5443037974683544
-208.530712,158,10948.000364,9.0,0.9430379746835443,0.06329113924050633,0.056962025316455694,0.759493670886076,0.7088607594936709,0.46835443037974683
-232.296455,158,10951.066835,14.0,0.9113924050632911,0.06329113924050633,0.03164556962025317,0.759493670886076,0.6772151898734177,0.43670886075949367
-355.441035,158,10954.118542,29.0,0.8185654008438817,0.06645569620253164,0.027848101265822787,0.759493670886076,0.7341772151898734,0.4936708860759494
-353.039613,158,10957.186152,30.0,0.8185654008438817,0.07278481012658228,0.027848101265822787,0.759493670886076,0.6962025316455697,0.45569620253164556
-376.766965,158,10960.298866,21.0,0.871308016877637,0.0759493670886076,0.04789029535864979,0.759493670886076,0.7025316455696202,0.4620253164556962
-401.657559,158,10963.399383,31.0,0.8047016274864376,0.07278481012658228,0.05010548523206751,0.759493670886076,0.3987341772151899,0.15822784810126583
-434.662062,158,10966.459461,36.0,0.7837552742616033,0.07700421940928269,0.046624472573839656,0.7721518987341772,0.2721518987341772,0.04430379746835443
-448.307731,158,10969.618953,41.0,0.7467299578059072,0.08755274261603375,0.04559975889089813,0.7784810126582279,0.2468354430379747,0.02531645569620253
-485.509129,158,10972.712622,51.0,0.6885021097046413,0.08227848101265822,0.03839662447257384,0.7658227848101266,0.26582278481012656,0.03164556962025317
-481.483709,158,10975.815796,66.0,0.6119198312236287,0.12447257383966245,0.05976491862567812,0.7784810126582279,0.27848101265822783,0.056962025316455694
-334.755203,158,10978.924839,70.0,0.6001054852320675,0.13080168776371306,0.08092224231464738,0.7721518987341772,0.26582278481012656,0.0379746835443038
-341.494353,158,10981.984887,26.0,0.8375527426160336,0.06645569620253164,0.03417721518987342,0.7911392405063291,0.27848101265822783,0.06962025316455696
-244.302266,158,10985.065977,34.0,0.788878842676311,0.07911392405063292,0.05942334739803094,0.8037974683544303,0.27848101265822783,0.08227848101265822
-204.495745,158,10988.192799,73.0,0.5672995780590717,0.1160337552742616,0.05533453887884268,0.8037974683544303,0.2848101265822785,0.08860759493670886
-236.938755,158,10991.318126,114.0,0.29516526019690575,0.10759493670886076,0.03571976546660091,0.7911392405063291,0.33544303797468356,0.12658227848101267
-292.961575,158,10994.496441,118.0,0.28972272453285114,0.12236286919831225,0.0565300381756078,0.7721518987341772,0.34177215189873417,0.11392405063291139
-205.294521,158,10997.643233,124.0,0.25913954189270644,0.1777426160337553,0.08329314848302191,0.810126582278481,0.2911392405063291,0.10126582278481013
-431.202958,158,11000.760131,85.0,0.49520042194092834,0.11550632911392406,0.05319971870604782,0.7848101265822784,0.25949367088607594,0.04430379746835443
-446.241795,158,11003.871244,81.0,0.5291892706449668,0.13765822784810128,0.07837050431987141,0.7784810126582279,0.27848101265822783,0.056962025316455694
-493.145505,158,11006.922034,94.0,0.43212778782399036,0.11392405063291139,0.03879344986939924,0.7721518987341772,0.27848101265822783,0.05063291139240506
-489.831927,158,11010.070825,63.0,0.6162447257383966,0.0981012658227848,0.026054852320675108,0.7658227848101266,0.36075949367088606,0.12658227848101267
-468.705505,158,11013.228164,38.0,0.7742616033755274,0.08438818565400844,0.048040988547317656,0.7721518987341772,0.379746835443038,0.1518987341772152
-530.312156,158,11016.314075,24.0,0.8493670886075949,0.06645569620253164,0.03345388788426763,0.7721518987341772,0.379746835443038,0.1518987341772152
-512.445331,158,11019.42316,20.0,0.8786919831223627,0.0759493670886076,0.06434599156118143,0.7784810126582279,0.36075949367088606,0.13924050632911392
-525.273665,158,11022.525163,23.0,0.8572784810126581,0.07278481012658228,0.06763110307414105,0.7721518987341772,0.36075949367088606,0.13291139240506328
-475.638209,158,11025.67519,59.0,0.6501657625075346,0.10548523206751054,0.07849608197709464,0.7721518987341772,0.3987341772151899,0.17088607594936708
-488.542904,158,11028.818947,65.0,0.6118495077355837,0.11972573839662445,0.08835689626828867,0.7784810126582279,0.3860759493670886,0.16455696202531644
-496.003902,158,11031.94975,43.0,0.736111111111111,0.08966244725738397,0.06805395729446362,0.7911392405063291,0.379746835443038,0.17088607594936708
-442.207028,158,11035.013132,43.0,0.7383966244725738,0.08016877637130801,0.07468354430379748,0.7974683544303798,0.379746835443038,0.17721518987341772
-346.661382,158,11038.061046,44.0,0.7386075949367089,0.0949367088607595,0.08887884267631103,0.810126582278481,0.2848101265822785,0.0949367088607595
-348.862148,158,11041.140623,56.0,0.6489451476793249,0.07172995780590717,0.0490506329113924,0.810126582278481,0.25316455696202533,0.06329113924050633
-319.500511,158,11044.197486,47.0,0.705379746835443,0.07278481012658228,0.035985533453887886,0.8544303797468354,0.24050632911392406,0.0949367088607595
-320.71058,158,11047.2238,30.0,0.810126582278481,0.06329113924050633,0.03164556962025317,0.8354430379746836,0.2468354430379747,0.08227848101265822
-294.64529,158,11050.233801,36.0,0.7753164556962026,0.06962025316455696,0.035864978902953586,0.8291139240506329,0.25949367088607594,0.08860759493670886
-294.114929,158,11053.327177,40.0,0.7468354430379747,0.06329113924050633,0.03164556962025317,0.8164556962025317,0.2721518987341772,0.08860759493670886
-323.239523,158,11056.410291,37.0,0.7658227848101266,0.06329113924050633,0.04430379746835443,0.7974683544303798,0.25316455696202533,0.05063291139240506
-317.264989,158,11059.51462,50.0,0.6856540084388185,0.06540084388185653,0.040084388185654005,0.7911392405063291,0.26582278481012656,0.056962025316455694
-405.088273,158,11062.586771,40.0,0.7478902953586498,0.06962025316455696,0.058770343580470154,0.7974683544303798,0.25949367088607594,0.056962025316455694
-310.641154,158,11065.716032,101.0,0.3755877034358047,0.08649789029535865,0.023603576451677717,0.7974683544303798,0.26582278481012656,0.06329113924050633
-298.948461,158,11068.879709,93.0,0.4417897327707454,0.11708860759493671,0.07003260452627541,0.810126582278481,0.26582278481012656,0.0759493670886076
-393.938092,158,11071.963464,74.0,0.5419303797468354,0.07964135021097046,0.049487643158529236,0.7911392405063291,0.2721518987341772,0.06329113924050633
-366.510391,158,11074.944184,84.0,0.5071729957805907,0.13291139240506328,0.07851115129596144,0.7911392405063291,0.2974683544303797,0.08860759493670886
-396.283234,158,11077.949237,66.0,0.589948764315853,0.08860759493670886,0.07860156720916214,0.7911392405063291,0.3037974683544304,0.0949367088607595
-395.206558,158,11080.968443,42.0,0.7577004219409282,0.10443037974683544,0.0915159734779988,0.7848101265822784,0.34810126582278483,0.13291139240506328
-439.094466,158,11084.007046,26.0,0.8388185654008439,0.07700421940928269,0.07426160337552744,0.8037974683544303,0.31645569620253167,0.12025316455696203
-495.232923,158,11087.039307,36.0,0.7783755274261603,0.08333333333333333,0.05284307815953386,0.810126582278481,0.25949367088607594,0.06962025316455696
-471.605248,158,11090.338387,72.0,0.570042194092827,0.12869198312236285,0.08854275120097906,0.810126582278481,0.2848101265822785,0.0949367088607595
-430.819471,158,11093.479609,97.0,0.411829415310428,0.11708860759493671,0.06532047418123367,0.7974683544303798,0.2721518987341772,0.06962025316455696
-503.159894,158,11096.502389,56.0,0.6578586497890295,0.0981012658227848,0.07390496282901346,0.8227848101265823,0.25316455696202533,0.0759493670886076
-504.362871,158,11099.558044,45.0,0.7172995780590717,0.06540084388185653,0.046413502109704644,0.8291139240506329,0.24050632911392406,0.06962025316455696
-499.850369,158,11102.605391,51.0,0.6904611211573237,0.08491561181434598,0.07242816958006831,0.810126582278481,0.24050632911392406,0.05063291139240506
-451.722726,158,11105.639277,58.0,0.6462552742616033,0.09177215189873418,0.07756726395966902,0.8164556962025317,0.25316455696202533,0.06962025316455696
-438.510764,158,11108.715303,63.0,0.6169831223628691,0.08966244725738397,0.07604480610809725,0.8037974683544303,0.26582278481012656,0.06962025316455696
-468.764412,158,11111.792716,89.0,0.4591320072332731,0.11392405063291139,0.06080470162748644,0.7974683544303798,0.27848101265822783,0.0759493670886076
-433.558265,158,11114.820114,78.0,0.5237341772151899,0.0981012658227848,0.06024713682941531,0.8037974683544303,0.310126582278481,0.11392405063291139
-397.807158,158,11117.952268,70.0,0.5766425557564798,0.10654008438818564,0.05797669278681938,0.810126582278481,0.3227848101265823,0.13291139240506328
-451.188345,158,11121.02869,67.0,0.5854430379746836,0.08122362869198312,0.06298975286317059,0.7911392405063291,0.3227848101265823,0.11392405063291139
-465.089726,158,11124.118099,54.0,0.6792194092827004,0.10337552742616032,0.09266124171187462,0.7911392405063291,0.3227848101265823,0.11392405063291139
-457.612586,158,11127.184722,65.0,0.6072332730560579,0.10654008438818564,0.0891500904159132,0.7721518987341772,0.33544303797468356,0.10759493670886076
-383.685858,158,11130.331766,76.0,0.5376582278481012,0.08860759493670886,0.04611211573236889,0.7721518987341772,0.379746835443038,0.1518987341772152
-388.748617,158,11133.450108,93.0,0.44235985533453887,0.11181434599156116,0.04862366887683344,0.7658227848101266,0.35443037974683544,0.12025316455696203
-430.608111,158,11136.559016,107.0,0.34759644364074743,0.12341772151898735,0.04310327506530039,0.7911392405063291,0.33544303797468356,0.12658227848101267
-388.564418,158,11139.658453,93.0,0.42505274261603376,0.11708860759493671,0.05806710870002009,0.7911392405063291,0.2721518987341772,0.06329113924050633
-389.802575,158,11142.721142,61.0,0.6228902953586497,0.08016877637130801,0.026582278481012654,0.7911392405063291,0.310126582278481,0.10126582278481013
-421.565436,158,11145.745904,36.0,0.7721518987341772,0.06329113924050633,0.006329113924050633,0.7721518987341772,0.3860759493670886,0.15822784810126583
-410.555018,158,11148.773718,32.0,0.8027426160337553,0.07278481012658228,0.0189873417721519,0.7721518987341772,0.4936708860759494,0.26582278481012656
-405.42439,158,11151.786991,35.0,0.7850210970464135,0.08122362869198312,0.031012658227848103,0.7721518987341772,0.5316455696202531,0.3037974683544304
-360.453471,158,11154.888675,68.0,0.5810729355033153,0.10337552742616035,0.0481163351416516,0.7784810126582279,0.5126582278481012,0.2911392405063291
-423.796257,158,11157.954705,30.0,0.8138185654008437,0.07067510548523206,0.039783001808318265,0.7784810126582279,0.4873417721518987,0.26582278481012656
-429.416633,158,11161.000495,18.0,0.8950421940928271,0.0759493670886076,0.0511754068716094,0.7784810126582279,0.4873417721518987,0.26582278481012656
-465.452919,158,11164.053867,33.0,0.7983725135623869,0.07067510548523206,0.032278481012658226,0.7784810126582279,0.4050632911392405,0.18354430379746836
-451.130821,158,11167.054592,53.0,0.6677215189873418,0.06962025316455696,0.02320675105485232,0.7721518987341772,0.35443037974683544,0.12658227848101267
-435.983639,158,11170.040131,52.0,0.6874472573839663,0.08860759493670886,0.036106088004822186,0.7848101265822784,0.3670886075949367,0.1518987341772152
-325.301182,158,11173.150841,113.0,0.34651898734177217,0.16666666666666666,0.09795057263411693,0.7721518987341772,0.4810126582278481,0.25316455696202533
-409.516789,158,11176.169359,52.0,0.6848352421137232,0.09915611814345991,0.06171434051180887,0.7721518987341772,0.43670886075949367,0.2088607594936709
-359.911679,158,11179.138643,38.0,0.7626582278481012,0.06645569620253164,0.04746835443037975,0.7784810126582279,0.4240506329113924,0.20253164556962025
-410.309436,158,11182.116354,30.0,0.811392405063291,0.06645569620253164,0.058770343580470154,0.7784810126582279,0.3670886075949367,0.14556962025316456
-466.198478,158,11185.081427,19.0,0.8820675105485233,0.08227848101265822,0.07353827606992164,0.7721518987341772,0.45569620253164556,0.22784810126582278
-454.432777,158,11188.075304,23.0,0.8657323688969258,0.08227848101265822,0.07679324894514768,0.7721518987341772,0.5,0.2721518987341772
-446.767314,158,11191.196468,29.0,0.818776371308017,0.06962025316455696,0.04769439421338156,0.7784810126582279,0.5,0.27848101265822783
-440.816808,158,11194.282664,65.0,0.5986286919831223,0.08122362869198312,0.040295358649789025,0.7784810126582279,0.43037974683544306,0.2088607594936709
-483.53698,158,11197.295557,51.0,0.6867088607594937,0.08122362869198312,0.027637130801687768,0.7974683544303798,0.3860759493670886,0.18354430379746836
-479.818819,158,11200.392979,55.0,0.6619198312236286,0.08755274261603375,0.026160337552742614,0.7848101265822784,0.379746835443038,0.16455696202531644
-497.549432,158,11203.458316,47.0,0.7175708257986739,0.08544303797468354,0.05517882258388587,0.8037974683544303,0.3670886075949367,0.17088607594936708
-511.359605,158,11206.552458,50.0,0.6994273658830621,0.08544303797468354,0.06772151898734177,0.810126582278481,0.34177215189873417,0.1518987341772152
-493.834295,158,11209.653945,75.0,0.5350286317058469,0.08649789029535865,0.06337653204741812,0.8291139240506329,0.2911392405063291,0.12025316455696203
-483.36294,158,11212.763352,88.0,0.4540084388185654,0.08860759493670886,0.04927667269439421,0.7974683544303798,0.2974683544303797,0.0949367088607595
-474.749847,158,11215.822532,80.0,0.49984930681133216,0.07700421940928269,0.033665771640455186,0.7784810126582279,0.31645569620253167,0.0949367088607595
-458.447612,158,11218.861291,57.0,0.6468354430379747,0.0759493670886076,0.043068113321277884,0.7848101265822784,0.3227848101265823,0.10759493670886076
-493.472844,158,11221.98296,54.0,0.6661392405063291,0.07383966244725738,0.04655414908579466,0.7911392405063291,0.3227848101265823,0.11392405063291139
-367.830472,158,11225.154515,78.0,0.5243369499698614,0.10337552742616032,0.06722925457102671,0.7911392405063291,0.33544303797468356,0.12658227848101267
-432.801035,158,11228.286615,62.0,0.6150391802290536,0.07911392405063292,0.06015672091621459,0.7911392405063291,0.33544303797468356,0.12658227848101267
-413.967212,158,11231.350061,55.0,0.6670886075949367,0.08913502109704641,0.07875728350411894,0.7848101265822784,0.33544303797468356,0.12025316455696203
-431.212534,158,11234.410889,44.0,0.7346471039509015,0.08227848101265822,0.06526522001205545,0.7784810126582279,0.34810126582278483,0.12658227848101267
-500.214197,158,11237.437833,47.0,0.7106540084388185,0.08227848101265822,0.058770343580470154,0.8037974683544303,0.3227848101265823,0.12658227848101267
-479.365578,158,11240.520452,52.0,0.6798523206751054,0.07383966244725738,0.07237793851717902,0.7974683544303798,0.310126582278481,0.10759493670886076
-455.013403,158,11243.677624,73.0,0.5601217874952052,0.11181434599156116,0.060216225406098826,0.8164556962025317,0.2974683544303797,0.11392405063291139
-507.074175,158,11246.768061,46.0,0.7164556962025317,0.07489451476793248,0.040536467751657625,0.8037974683544303,0.2848101265822785,0.08860759493670886
-504.3946,158,11249.836665,53.0,0.6707805907172995,0.07383966244725738,0.03304701627486438,0.8354430379746836,0.2848101265822785,0.12025316455696203
-500.832395,158,11252.919856,38.0,0.7637130801687764,0.07278481012658228,0.031118143459915606,0.8734177215189873,0.2721518987341772,0.14556962025316456
-473.369529,158,11256.206928,51.0,0.6851868595539482,0.08227848101265822,0.054867389993972275,0.8924050632911392,0.25316455696202533,0.14556962025316456
-447.604543,158,11259.238344,49.0,0.7011603375527427,0.08438818565400844,0.07396021699819169,0.8860759493670886,0.25949367088607594,0.14556962025316456
-478.208476,158,11262.306499,51.0,0.6830168776371307,0.0759493670886076,0.06476793248945148,0.8670886075949367,0.2721518987341772,0.13924050632911392
-460.261945,158,11265.394818,45.0,0.7266877637130802,0.08544303797468354,0.08229355033152501,0.879746835443038,0.25316455696202533,0.13291139240506328
-441.52067,158,11268.509165,64.0,0.6114978902953587,0.08122362869198312,0.07977697408077154,0.8481012658227848,0.25949367088607594,0.10759493670886076
-426.768636,158,11271.643096,83.0,0.49061181434599155,0.08860759493670886,0.06214587100663051,0.8354430379746836,0.25949367088607594,0.0949367088607595
-427.899666,158,11274.748868,90.0,0.4462628089210368,0.09599156118143459,0.05521900743419731,0.8417721518987342,0.2468354430379747,0.08860759493670886
-467.891559,158,11277.849546,95.0,0.41609403254972877,0.0959915611814346,0.0590164757886277,0.8481012658227848,0.2468354430379747,0.0949367088607595
-447.997562,158,11280.993754,100.0,0.3911191480811733,0.11919831223628691,0.06905264215390798,0.8227848101265823,0.25949367088607594,0.08227848101265822
-437.13188,158,11284.127558,95.0,0.43413200723327305,0.1260548523206751,0.07838557363873819,0.8164556962025317,0.27848101265822783,0.0949367088607595
-379.653063,158,11287.319065,109.0,0.3523809523809524,0.12025316455696203,0.06161342174000401,0.7974683544303798,0.2848101265822785,0.08227848101265822
-434.112142,158,11290.412297,119.0,0.28631705846895716,0.1350210970464135,0.06954490657022303,0.7848101265822784,0.34177215189873417,0.12658227848101267
-449.988304,158,11293.502652,92.0,0.44430379746835447,0.10126582278481013,0.048251959011452676,0.759493670886076,0.4050632911392405,0.16455696202531644
-429.322559,158,11296.58014,67.0,0.5822257383966244,0.07489451476793248,0.05232615485780043,0.7721518987341772,0.35443037974683544,0.12658227848101267
-421.238833,158,11299.656226,36.0,0.7832278481012658,0.08016877637130801,0.06993670886075949,0.7784810126582279,0.310126582278481,0.08860759493670886
-405.376529,158,11302.748388,66.0,0.5970464135021096,0.09282700421940927,0.043896925858951184,0.7658227848101266,0.34810126582278483,0.11392405063291139
-433.362386,158,11305.829918,73.0,0.5650391802290536,0.11497890295358648,0.04896021699819168,0.7658227848101266,0.3860759493670886,0.1518987341772152
-420.21886,158,11308.931894,68.0,0.575070323488045,0.07700421940928269,0.02649186256781193,0.7721518987341772,0.4240506329113924,0.1962025316455696
-479.925994,158,11311.957279,53.0,0.6695675105485233,0.0759493670886076,0.013457358394067255,0.7911392405063291,0.33544303797468356,0.12658227848101267
-437.529619,158,11315.010464,57.0,0.6542796865581676,0.09388185654008438,0.02737090616837452,0.7974683544303798,0.26582278481012656,0.06329113924050633
-495.375184,158,11318.066014,42.0,0.7433544303797468,0.07383966244725738,0.022377938517179022,0.7911392405063291,0.3037974683544304,0.0949367088607595
-527.837632,158,11321.040108,14.0,0.9135021097046412,0.06645569620253164,0.04050632911392405,0.7721518987341772,0.34810126582278483,0.12025316455696203
-437.362229,158,11324.015072,9.0,0.9430379746835443,0.06962025316455696,0.05274261603375527,0.8607594936708861,0.2721518987341772,0.13291139240506328
14.791472,158,11327.029773,0.0,1.0,0.06329113924050633,0.06329113924050633,1.0,0.24050632911392406,0.24050632911392406
19.164738,158,11330.038408,0.0,1.0,0.06329113924050633,0.06329113924050633,1.0,0.24050632911392406,0.24050632911392406
14.92755,158,11333.033007,0.0,1.0,0.06329113924050633,0.06329113924050633,0.9873417721518988,0.24050632911392406,0.22784810126582278
1.812451,158,11336.034051,13.0,0.9177215189873418,0.06329113924050633,0.06329113924050633,0.9620253164556962,0.24050632911392406,0.20253164556962025
33.995313,158,11339.268064,109.0,0.310126582278481,0.06329113924050633,0.006329113924050633,0.9177215189873418,0.4810126582278481,0.3987341772151899
20.307065,158,11342.487851,70.0,0.5585443037974683,0.06645569620253164,0.02742616033755274,0.9430379746835443,0.33544303797468356,0.27848101265822783
21.472854,158,11345.693691,118.0,0.25443037974683547,0.06645569620253164,0.027124773960216998,0.8860759493670886,0.3924050632911392,0.27848101265822783
26.458208,158,11348.846709,103.0,0.34936708860759497,0.06645569620253164,0.03345388788426763,0.8670886075949367,0.45569620253164556,0.3227848101265823
11.738398,158,11352.069942,85.0,0.4630801687763713,0.06645569620253164,0.05221518987341772,0.8734177215189873,0.3924050632911392,0.26582278481012656
10.269685,158,11355.204698,91.0,0.4240506329113924,0.06329113924050633,0.03164556962025317,0.8987341772151899,0.35443037974683544,0.25316455696202533
-26.172029,158,11358.357704,76.0,0.5221518987341772,0.06645569620253164,0.015822784810126583,0.9113924050632911,0.3227848101265823,0.23417721518987342
-149.14752,158,11361.424926,63.0,0.605379746835443,0.07172995780590717,0.03074141048824593,0.9177215189873418,0.2721518987341772,0.189873417721519
-219.448263,158,11364.495114,71.0,0.557715491259795,0.0759493670886076,0.049999999999999996,0.9240506329113924,0.24050632911392406,0.16455696202531644
-306.290825,158,11367.614976,89.0,0.4471167369901547,0.08544303797468354,0.019731218148939668,0.8417721518987342,0.3037974683544304,0.14556962025316456
-342.795581,158,11370.574339,30.0,0.8115330520393812,0.06751054852320675,0.05274261603375527,0.8607594936708861,0.36075949367088606,0.22151898734177214
-328.125305,158,11373.60911,36.0,0.7774261603375527,0.07067510548523206,0.044122965641952984,0.879746835443038,0.2911392405063291,0.17088607594936708
-279.915147,158,11376.627503,59.0,0.6498945147679325,0.10654008438818564,0.09336949969861363,0.8924050632911392,0.2911392405063291,0.18354430379746836
-250.443967,158,11379.713995,45.0,0.7231012658227848,0.0759493670886076,0.06587301587301587,0.8734177215189873,0.2911392405063291,0.16455696202531644
-282.012733,158,11382.752568,20.0,0.8734177215189873,0.06329113924050633,0.056962025316455694,0.8481012658227848,0.37341772151898733,0.22151898734177214
-267.090458,158,11385.81674,3.0,0.9810126582278481,0.06329113924050633,0.06329113924050633,0.7974683544303798,0.44936708860759494,0.2468354430379747
-281.408409,158,11388.856806,7.0,0.9556962025316456,0.06329113924050633,0.06329113924050633,0.7784810126582279,0.5632911392405063,0.34177215189873417
-317.960848,158,11391.902558,11.0,0.930379746835443,0.06329113924050633,0.06329113924050633,0.7974683544303798,0.569620253164557,0.3670886075949367
-354.336099,158,11394.909276,38.0,0.7626582278481012,0.06540084388185653,0.04050632911392405,0.7911392405063291,0.45569620253164556,0.2468354430379747
-385.958162,158,11397.951906,71.0,0.5580168776371307,0.07911392405063292,0.02890295358649789,0.8164556962025317,0.3227848101265823,0.13924050632911392
-346.104913,158,11401.072567,79.0,0.5288652802893309,0.12658227848101267,0.08563391601366284,0.8544303797468354,0.3037974683544304,0.15822784810126583
-372.322716,158,11404.100393,83.0,0.4931685754470564,0.11392405063291139,0.06999333296801652,0.8354430379746836,0.2721518987341772,0.10759493670886076
-304.465289,158,11407.221747,112.0,0.31984880450070324,0.12447257383966245,0.061056313587959155,0.8481012658227848,0.25949367088607594,0.10759493670886076
-322.992887,158,11410.316308,106.0,0.40042194092827005,0.17721518987341772,0.09122965641952983,0.8607594936708861,0.26582278481012656,0.12658227848101267
-370.946019,158,11413.452539,116.0,0.30996835443037973,0.13924050632911392,0.07597950572634116,0.810126582278481,0.34810126582278483,0.15822784810126583
-416.520059,158,11416.611407,78.0,0.5305907172995781,0.1160337552742616,0.05539481615430982,0.7911392405063291,0.37341772151898733,0.16455696202531644
-427.007074,158,11419.72267,64.0,0.6112869198312236,0.08755274261603375,0.03452380952380952,0.7784810126582279,0.43670886075949367,0.21518987341772153
-430.149703,158,11422.830043,70.0,0.5755274261603376,0.0970464135021097,0.03904460518384569,0.7784810126582279,0.3670886075949367,0.14556962025316456
-448.897594,158,11426.151546,47.0,0.7166666666666667,0.08544303797468354,0.03758288125376733,0.7974683544303798,0.34177215189873417,0.13924050632911392
-446.080046,158,11429.191629,81.0,0.5148809523809524,0.11392405063291139,0.05257228706595796,0.7848101265822784,0.34177215189873417,0.12658227848101267
-483.863297,158,11432.307213,74.0,0.5458860759493671,0.08966244725738397,0.03359453486035764,0.7974683544303798,0.34177215189873417,0.13924050632911392
-466.832123,158,11435.353662,68.0,0.5906118143459915,0.10443037974683544,0.06342676311030741,0.7658227848101266,0.43037974683544306,0.1962025316455696
-486.011485,158,11438.388412,41.0,0.7526371308016877,0.08016877637130801,0.02631605384769942,0.7784810126582279,0.4050632911392405,0.18354430379746836
-422.932785,158,11441.519635,84.0,0.5063893911995178,0.12130801687763712,0.06126180429977899,0.8037974683544303,0.31645569620253167,0.12025316455696203
-512.190118,158,11444.615662,54.0,0.6681434599156117,0.08544303797468354,0.0284207353827607,0.8164556962025317,0.3037974683544304,0.12025316455696203
-473.514562,158,11447.746442,54.0,0.6707805907172996,0.08438818565400844,0.04698613622664255,0.7974683544303798,0.2848101265822785,0.08227848101265822
-435.967698,158,11450.8732,102.0,0.39279686558167565,0.1360759493670886,0.07277476391400443,0.7784810126582279,0.36075949367088606,0.13924050632911392
-449.389678,158,11453.926192,98.0,0.4078661844484629,0.11708860759493671,0.06348704038577457,0.7974683544303798,0.3037974683544304,0.10126582278481013
-436.553162,158,11456.988462,92.0,0.4761603375527426,0.16983122362869196,0.09364074743821578,0.7848101265822784,0.33544303797468356,0.12025316455696203
-500.378163,158,11460.028728,51.0,0.6926160337552743,0.10548523206751054,0.07188065099457505,0.8164556962025317,0.2848101265822785,0.10126582278481013
-498.81328,158,11463.087691,58.0,0.6526371308016878,0.08860759493670885,0.0403254972875226,0.8544303797468354,0.26582278481012656,0.12025316455696203
-481.050454,158,11466.13975,67.0,0.5815576652601969,0.0780590717299578,0.03336347197106691,0.810126582278481,0.2721518987341772,0.08227848101265822
-468.594713,158,11469.254603,69.0,0.5814345991561181,0.09177215189873418,0.04630801687763713,0.759493670886076,0.31645569620253167,0.0759493670886076
-468.973924,158,11472.350173,88.0,0.46134719710669075,0.10021097046413502,0.0351768133413703,0.7658227848101266,0.35443037974683544,0.12025316455696203
-459.278368,158,11475.393487,56.0,0.6705696202531646,0.0981012658227848,0.05891099055656018,0.759493670886076,0.34177215189873417,0.10126582278481013
-533.589286,158,11478.453966,41.0,0.7489451476793249,0.07278481012658228,0.04050632911392405,0.7784810126582279,0.2974683544303797,0.0759493670886076
-524.940633,158,11481.535722,35.0,0.7874472573839661,0.07700421940928269,0.04156118143459916,0.7721518987341772,0.310126582278481,0.08227848101265822
-518.47385,158,11484.549392,39.0,0.7607594936708861,0.07489451476793248,0.039451476793248945,0.759493670886076,0.3924050632911392,0.1518987341772152
-518.949252,158,11487.558501,20.0,0.8765822784810127,0.06645569620253164,0.05379746835443038,0.7658227848101266,0.41139240506329117,0.17721518987341772
-522.038163,158,11490.592178,29.0,0.8238396624472574,0.07489451476793248,0.0590717299578059,0.7658227848101266,0.34177215189873417,0.10759493670886076
-502.165493,158,11493.719859,35.0,0.78792194092827,0.08755274261603375,0.04477596945951376,0.7658227848101266,0.3291139240506329,0.0949367088607595
-514.169156,158,11496.774003,36.0,0.7848101265822784,0.08016877637130801,0.045710267229254566,0.7658227848101266,0.3037974683544304,0.06962025316455696
-503.49149,158,11499.821914,41.0,0.7417721518987342,0.06540084388185653,0.04588607594936709,0.7658227848101266,0.3291139240506329,0.0949367088607595
-511.720899,158,11502.844124,30.0,0.8122362869198311,0.06540084388185653,0.040084388185654005,0.7848101265822784,0.34810126582278483,0.13291139240506328
-496.791402,158,11505.832658,28.0,0.8270042194092828,0.06751054852320675,0.04219409282700422,0.8037974683544303,0.3227848101265823,0.12658227848101267
-426.970124,158,11508.821636,5.0,0.9720464135021097,0.0759493670886076,0.0689873417721519,0.8417721518987342,0.27848101265822783,0.12025316455696203
-459.541845,158,11511.86118,54.0,0.6776371308016877,0.09388185654008438,0.056027727546714895,0.8670886075949367,0.2468354430379747,0.11392405063291139
-477.295145,158,11514.947037,75.0,0.5485232067510548,0.08860759493670886,0.029867389993972274,0.8037974683544303,0.2721518987341772,0.0759493670886076
-535.780141,158,11517.986603,56.0,0.6471518987341772,0.07172995780590717,0.039783001808318265,0.7911392405063291,0.26582278481012656,0.056962025316455694
-463.388566,158,11521.020467,61.0,0.6186181434599156,0.07911392405063292,0.05782097649186257,0.7784810126582279,0.3227848101265823,0.10126582278481013
-447.859955,158,11524.046659,36.0,0.7721518987341772,0.06329113924050633,0.0379746835443038,0.7974683544303798,0.2721518987341772,0.06962025316455696
-475.453915,158,11527.099286,42.0,0.7420886075949367,0.07489451476793248,0.05984528832630098,0.8291139240506329,0.25949367088607594,0.08860759493670886
-465.497124,158,11530.135114,54.0,0.6787974683544303,0.09071729957805906,0.07647679324894514,0.8227848101265823,0.27848101265822783,0.10126582278481013
-443.293043,158,11533.20586,67.0,0.5809071729957805,0.07489451476793248,0.057278481012658235,0.7848101265822784,0.2911392405063291,0.0759493670886076
-450.961883,158,11536.260187,58.0,0.6418776371308017,0.08860759493670886,0.06556583360380829,0.7721518987341772,0.27848101265822783,0.05063291139240506
-474.100039,158,11539.300649,43.0,0.7317158931082982,0.07278481012658228,0.06772151898734177,0.7911392405063291,0.2911392405063291,0.08227848101265822
-477.897607,158,11542.334968,25.0,0.8417721518987342,0.06329113924050633,0.06329113924050633,0.7848101265822784,0.27848101265822783,0.06329113924050633
-496.452972,158,11545.340098,20.0,0.8765822784810127,0.06645569620253164,0.06645569620253164,0.8227848101265823,0.2721518987341772,0.0949367088607595
-539.146209,158,11548.472625,26.0,0.8386075949367089,0.07278481012658228,0.061301989150090413,0.8164556962025317,0.27848101265822783,0.0949367088607595
-545.98893,158,11551.592564,17.0,0.8924050632911392,0.06329113924050633,0.06329113924050633,0.7911392405063291,0.27848101265822783,0.06962025316455696
-518.186897,158,11554.730926,20.0,0.8734177215189873,0.06329113924050633,0.06329113924050633,0.7848101265822784,0.2848101265822785,0.06962025316455696
-555.358081,158,11557.791894,20.0,0.8734177215189873,0.06329113924050633,0.06329113924050633,0.7658227848101266,0.31645569620253167,0.08227848101265822
-527.165247,158,11560.857113,28.0,0.8291139240506329,0.07278481012658228,0.07313642756680731,0.7721518987341772,0.34177215189873417,0.11392405063291139
-508.76665,158,11563.937302,42.0,0.7380450070323489,0.07489451476793248,0.07130801687763713,0.7721518987341772,0.34810126582278483,0.12025316455696203
-490.519326,158,11566.983773,47.0,0.705427694668201,0.07067510548523206,0.06735985533453888,0.7848101265822784,0.2911392405063291,0.0759493670886076
-417.470836,158,11569.981945,60.0,0.6300105485232067,0.08649789029535865,0.04460016073940124,0.7658227848101266,0.2974683544303797,0.06329113924050633
-435.264437,158,11573.048944,34.0,0.7895569620253164,0.07278481012658228,0.0689873417721519,0.7911392405063291,0.4873417721518987,0.27848101265822783
-461.684183,158,11576.097732,38.0,0.760548523206751,0.06540084388185653,0.06469760900140646,0.7974683544303798,0.4050632911392405,0.20253164556962025
-509.790828,158,11579.171211,21.0,0.8717299578059072,0.0780590717299578,0.07014767932489452,0.8164556962025317,0.31645569620253167,0.13291139240506328
-536.935391,158,11582.208212,15.0,0.9113924050632911,0.08122362869198312,0.06594333936106088,0.7974683544303798,0.2911392405063291,0.08860759493670886
-537.575826,158,11585.306007,27.0,0.8375527426160336,0.0780590717299578,0.04641350210970464,0.8037974683544303,0.2848101265822785,0.08860759493670886
-538.720881,158,11588.415974,37.0,0.7674050632911392,0.06962025316455696,0.04683544303797468,0.7974683544303798,0.2911392405063291,0.08860759493670886
-525.820097,158,11591.508852,24.0,0.8502109704641349,0.06645569620253164,0.053164556962025315,0.7974683544303798,0.3227848101265823,0.12025316455696203
-545.290012,158,11594.631388,16.0,0.9018987341772152,0.06962025316455696,0.06118143459915611,0.7848101265822784,0.3291139240506329,0.11392405063291139
-527.713526,158,11597.689622,21.0,0.8757383966244726,0.07700421940928269,0.06645569620253164,0.7911392405063291,0.3037974683544304,0.0949367088607595
-526.217984,158,11601.048503,15.0,0.9158227848101265,0.08016877637130801,0.07531645569620252,0.7848101265822784,0.25949367088607594,0.04430379746835443
-522.735949,158,11604.252864,21.0,0.8739451476793247,0.07700421940928269,0.06311030741410488,0.7848101265822784,0.2974683544303797,0.08227848101265822
-469.218684,158,11607.43839,51.0,0.6813291139240507,0.07067510548523206,0.049578059071729956,0.7974683544303798,0.2848101265822785,0.08227848101265822
-422.061605,158,11610.540408,70.0,0.5580168776371308,0.06645569620253164,0.020569620253164556,0.7784810126582279,0.33544303797468356,0.11392405063291139
-363.847332,158,11613.778462,89.0,0.4483122362869199,0.0780590717299578,0.037869198312236285,0.7658227848101266,0.45569620253164556,0.22151898734177214
-497.349502,158,11616.866083,35.0,0.7861362266425557,0.08333333333333333,0.05889089813140447,0.759493670886076,0.5632911392405063,0.3227848101265823
-535.874194,158,11619.95383,39.0,0.7589662447257384,0.07700421940928269,0.06140747438215793,0.7658227848101266,0.4050632911392405,0.17088607594936708
-548.827259,158,11623.043168,42.0,0.749005424954792,0.09388185654008438,0.07480409885473177,0.7848101265822784,0.3037974683544304,0.08860759493670886
-533.806455,158,11626.126343,33.0,0.8025919228450874,0.08966244725738395,0.08000803697006229,0.8037974683544303,0.27848101265822783,0.08227848101265822
-541.323369,158,11629.205452,41.0,0.744258589511754,0.07172995780590717,0.06831424552943541,0.8291139240506329,0.27848101265822783,0.10759493670886076
-510.244888,158,11632.332613,36.0,0.7784810126582279,0.07278481012658228,0.07067510548523206,0.8227848101265823,0.2974683544303797,0.12025316455696203
-516.992062,158,11635.432023,31.0,0.8099758890898132,0.07489451476793248,0.0520393811533052,0.7784810126582279,0.3860759493670886,0.16455696202531644
-501.269412,158,11638.517381,35.0,0.7861286919831223,0.08544303797468354,0.0549929676511955,0.7658227848101266,0.4430379746835443,0.2088607594936709
-513.971586,158,11641.575914,43.0,0.7352320675105485,0.08016877637130801,0.04794052642153908,0.7784810126582279,0.4050632911392405,0.18354430379746836
-528.08384,158,11644.689331,41.0,0.7562236286919831,0.09546413502109703,0.08485533453887885,0.7784810126582279,0.34177215189873417,0.12025316455696203
-509.750226,158,11647.713402,52.0,0.6867088607594937,0.0981012658227848,0.07492465340566606,0.7784810126582279,0.3037974683544304,0.08227848101265822
-503.862385,158,11650.69518,61.0,0.6186708860759493,0.06962025316455696,0.06856540084388185,0.7721518987341772,0.2974683544303797,0.06962025316455696
-500.074872,158,11653.774103,57.0,0.640506329113924,0.07172995780590717,0.06856540084388187,0.7658227848101266,0.310126582278481,0.0759493670886076
-490.241086,158,11656.838122,37.0,0.7667269439421338,0.07278481012658228,0.03744725738396624,0.759493670886076,0.34177215189873417,0.10126582278481013
-494.889609,158,11659.910966,33.0,0.7941531042796866,0.07278481012658228,0.03980309423347398,0.7721518987341772,0.5443037974683544,0.31645569620253167
-459.708259,158,11663.060344,71.0,0.5753164556962026,0.11181434599156116,0.04721217600964437,0.7721518987341772,0.47468354430379744,0.2468354430379747
-500.739024,158,11666.144988,75.0,0.5674050632911393,0.1371308016877637,0.06832429174201325,0.7784810126582279,0.36075949367088606,0.13924050632911392
-505.522185,158,11669.203685,55.0,0.6664104882459313,0.0981012658227848,0.03135925256178421,0.7721518987341772,0.2974683544303797,0.06962025316455696
-389.109059,158,11672.268439,48.0,0.7032248342374925,0.08227848101265822,0.04388185654008439,0.7974683544303798,0.34177215189873417,0.13924050632911392
-250.555091,158,11675.376731,60.0,0.6385623869801085,0.08860759493670886,0.03927566807313643,0.8037974683544303,0.37341772151898733,0.17721518987341772
-247.464786,158,11678.490322,53.0,0.673583484026522,0.08016877637130801,0.04203335342575849,0.7658227848101266,0.5126582278481012,0.27848101265822783
-406.249551,158,11681.553619,62.0,0.6254822182037372,0.10073839662447256,0.06038778380550532,0.759493670886076,0.6708860759493671,0.43037974683544306
-248.957131,158,11684.663644,108.0,0.35185352622061483,0.13291139240506328,0.05501808318264015,0.759493670886076,0.6582278481012658,0.4177215189873418
-395.883746,158,11687.689366,105.0,0.37753164556962027,0.14873417721518986,0.07073538276069923,0.7658227848101266,0.569620253164557,0.33544303797468356
-308.118904,158,11690.862864,132.0,0.1800632911392405,0.08544303797468354,0.017540687160940326,0.7658227848101266,0.5632911392405063,0.3291139240506329
-314.244267,158,11693.93173,102.0,0.3735533453887884,0.0949367088607595,0.04159634317862167,0.759493670886076,0.7151898734177216,0.47468354430379744
-284.303966,158,11696.976097,63.0,0.6329189270644967,0.11286919831223628,0.06464783458454344,0.7848101265822784,0.8924050632911392,0.6772151898734177
-335.141644,158,11699.983513,34.0,0.7908227848101266,0.0759493670886076,0.07067510548523208,0.7848101265822784,0.7151898734177216,0.5
-344.559093,158,11703.041418,52.0,0.6742616033755274,0.07278481012658228,0.0679324894514768,0.8164556962025317,0.43037974683544306,0.2468354430379747
-426.359342,158,11706.153786,23.0,0.8544303797468354,0.06329113924050633,0.06329113924050633,0.8354430379746836,0.36075949367088606,0.1962025316455696
-450.325454,158,11709.218824,20.0,0.877546714888487,0.0759493670886076,0.06949467550733374,0.7911392405063291,0.4177215189873418,0.2088607594936709
-447.497985,158,11712.251327,24.0,0.8502109704641349,0.06962025316455696,0.06645569620253164,0.7848101265822784,0.5316455696202531,0.31645569620253167
-422.549836,158,11715.296263,23.0,0.8544303797468354,0.06329113924050633,0.056962025316455694,0.7911392405063291,0.6645569620253164,0.45569620253164556
-417.402642,158,11718.437086,50.0,0.689029535864979,0.0780590717299578,0.058242917420132614,0.7974683544303798,0.5316455696202531,0.3291139240506329
-398.825931,158,11721.536509,98.0,0.4055003013863774,0.10548523206751054,0.07824994976893711,0.8037974683544303,0.3987341772151899,0.20253164556962025
-302.65768,158,11724.667981,113.0,0.3368143459915612,0.16033755274261602,0.08946654611211574,0.8037974683544303,0.3227848101265823,0.12658227848101267
-439.906821,158,11727.757918,119.0,0.27896323086196506,0.12552742616033755,0.07304098854731766,0.7848101265822784,0.2974683544303797,0.08227848101265822
-445.171426,158,11730.835551,90.0,0.44641350210970465,0.08649789029535865,0.03735684147076552,0.7721518987341772,0.43037974683544306,0.20253164556962025
-459.260905,158,11733.948158,57.0,0.6526371308016877,0.08016877637130801,0.05875527426160339,0.7658227848101266,0.44936708860759494,0.21518987341772153
-454.132239,158,11737.096021,74.0,0.5386075949367088,0.08227848101265822,0.03390596745027125,0.759493670886076,0.3924050632911392,0.1518987341772152
-512.550967,158,11740.226332,46.0,0.7157172995780591,0.07383966244725738,0.05464135021097046,0.759493670886076,0.35443037974683544,0.11392405063291139
-511.162679,158,11743.289834,52.0,0.679535864978903,0.08227848101265822,0.02721518987341772,0.759493670886076,0.34810126582278483,0.10759493670886076
-448.327176,158,11746.389658,106.0,0.3583684950773558,0.11708860759493671,0.05076442544796976,0.759493670886076,0.3670886075949367,0.12658227848101267
-445.803273,158,11749.480654,71.0,0.570886075949367,0.0970464135021097,0.05514868394615229,0.759493670886076,0.4240506329113924,0.18354430379746836
-469.545458,158,11752.590604,73.0,0.55042194092827,0.08860759493670886,0.06910789632308618,0.759493670886076,0.4620253164556962,0.22151898734177214
-340.902387,158,11755.750709,106.0,0.3571981113120354,0.14135021097046416,0.07917420132610006,0.7784810126582279,0.4177215189873418,0.1962025316455696
-358.061427,158,11758.926491,131.0,0.2380801687763713,0.15770042194092826,0.0910488245931284,0.7848101265822784,0.34810126582278483,0.13291139240506328
-430.785386,158,11762.107459,128.0,0.23587251356238695,0.16561181434599154,0.08502612015270243,0.7658227848101266,0.34810126582278483,0.11392405063291139
-457.19845,158,11765.211918,86.0,0.47120253164556963,0.10126582278481013,0.03600060277275467,0.759493670886076,0.4620253164556962,0.22151898734177214
-443.817623,158,11768.562935,27.0,0.8374020494273658,0.07278481012658228,0.0590014064697609,0.7658227848101266,0.5886075949367089,0.35443037974683544
-397.256543,158,11771.664744,32.0,0.8016877637130801,0.06962025316455696,0.06202531645569621,0.7974683544303798,0.4620253164556962,0.25949367088607594
-375.148188,158,11774.750472,44.0,0.7278481012658228,0.07067510548523206,0.04683544303797468,0.8164556962025317,0.35443037974683544,0.17088607594936708
-343.848336,158,11777.908775,45.0,0.7196729957805907,0.08333333333333333,0.07419127988748242,0.8291139240506329,0.31645569620253167,0.14556962025316456
-332.045331,158,11781.093391,77.0,0.5249095840867992,0.09704641350210971,0.05474181233674904,0.8037974683544303,0.36075949367088606,0.16455696202531644
-326.758197,158,11784.18565,98.0,0.39277426160337553,0.0970464135021097,0.051286371855992115,0.7974683544303798,0.43037974683544306,0.22784810126582278
-372.570339,158,11787.343998,99.0,0.4143635724331927,0.13924050632911392,0.08223829616234679,0.7848101265822784,0.3670886075949367,0.1518987341772152
-460.886507,158,11790.38682,52.0,0.6856540084388185,0.07700421940928269,0.05189873417721518,0.7658227848101266,0.36075949367088606,0.12658227848101267
-424.967894,158,11793.416687,79.0,0.5112768736186457,0.09388185654008438,0.056465651085904255,0.7658227848101266,0.36075949367088606,0.12658227848101267
-370.097672,158,11796.454947,52.0,0.686445147679325,0.08333333333333333,0.08175105485232068,0.7721518987341772,0.379746835443038,0.1518987341772152
-317.430175,158,11799.504086,48.0,0.7148734177215189,0.10654008438818564,0.09972875226039782,0.7784810126582279,0.41139240506329117,0.189873417721519
-351.214853,158,11802.582656,47.0,0.7275316455696202,0.10812236286919832,0.09918625678119349,0.8164556962025317,0.3860759493670886,0.20253164556962025
-422.629332,158,11805.683766,49.0,0.7061181434599156,0.0970464135021097,0.08429776974080772,0.8291139240506329,0.3291139240506329,0.15822784810126583
-403.888016,158,11808.797426,75.0,0.552232770745429,0.11603375527426157,0.09608745684695051,0.8670886075949367,0.33544303797468356,0.20253164556962025
-442.919881,158,11811.921596,72.0,0.5778028933092224,0.11919831223628691,0.10489844192375837,0.879746835443038,0.2911392405063291,0.17088607594936708
-468.207048,158,11815.043937,63.0,0.612462326702833,0.08860759493670886,0.08426260799678521,0.8987341772151899,0.25949367088607594,0.15822784810126583
-419.424688,158,11818.212338,75.0,0.5410864978902953,0.08966244725738397,0.05053290591265275,0.8860759493670886,0.26582278481012656,0.1518987341772152
-392.950885,158,11821.357926,85.0,0.5152953586497889,0.14556962025316456,0.09957805907172995,0.8544303797468354,0.2721518987341772,0.12658227848101267
-423.747092,158,11824.465041,80.0,0.5221066907775768,0.11286919831223628,0.06864577054450473,0.879746835443038,0.2721518987341772,0.1518987341772152
-369.861618,158,11827.598707,83.0,0.4882911392405064,0.09071729957805906,0.0491711874623267,0.8734177215189873,0.2721518987341772,0.14556962025316456
-371.81466,158,11830.646966,71.0,0.5692234277677316,0.09177215189873418,0.05900688622207609,0.8291139240506329,0.27848101265822783,0.10759493670886076
-308.771205,158,11833.66844,74.0,0.5651446654611212,0.12869198312236285,0.07801386377335744,0.8354430379746836,0.31645569620253167,0.1518987341772152
-319.742891,158,11836.714619,84.0,0.5041139240506329,0.11708860759493671,0.053812537673297176,0.8544303797468354,0.34810126582278483,0.20253164556962025
-359.722622,158,11839.765133,65.0,0.612823990355636,0.11392405063291139,0.07097649186256781,0.8607594936708861,0.3860759493670886,0.2468354430379747
-393.805484,158,11842.879063,79.0,0.5160337552742615,0.09440928270042194,0.05444544906570222,0.810126582278481,0.3924050632911392,0.20253164556962025
-378.665131,158,11846.002262,78.0,0.5308619650391803,0.09915611814345991,0.07729555957404059,0.7721518987341772,0.47468354430379744,0.2468354430379747
-216.699535,158,11849.092651,105.0,0.3451476793248945,0.11392405063291139,0.07408077154912597,0.7848101265822784,0.5,0.2848101265822785
-350.985747,158,11852.169275,73.0,0.560126582278481,0.10232067510548522,0.08050030138637733,0.7658227848101266,0.5,0.26582278481012656
-308.132731,158,11855.293437,74.0,0.5537974683544303,0.08649789029535865,0.07239300783604581,0.7721518987341772,0.5443037974683544,0.31645569620253167
-321.675511,158,11858.468527,95.0,0.4177694668200997,0.10443037974683544,0.06078963230861965,0.7721518987341772,0.5189873417721519,0.2911392405063291
-314.659398,158,11861.574361,90.0,0.47574593128390597,0.13818565400843882,0.09500703234880449,0.759493670886076,0.5063291139240507,0.26582278481012656
-315.051356,158,11864.686991,91.0,0.44240506329113927,0.10126582278481013,0.05393811533052039,0.7658227848101266,0.4810126582278481,0.2468354430379747
-334.923561,158,11867.850368,115.0,0.3059071729957806,0.14135021097046413,0.07364376130198916,0.759493670886076,0.44936708860759494,0.2088607594936709
-378.465295,158,11870.98828,91.0,0.4399789029535865,0.11392405063291139,0.05385774562989753,0.7848101265822784,0.4177215189873418,0.20253164556962025
-400.912937,158,11874.156875,105.0,0.36693037974683546,0.12974683544303797,0.06612919429375126,0.7911392405063291,0.37341772151898733,0.16455696202531644
-368.856664,158,11877.237813,111.0,0.3333333333333333,0.10443037974683544,0.039150090415913205,0.7721518987341772,0.34810126582278483,0.12025316455696203
-426.218656,158,11880.293144,107.0,0.35,0.09968354430379746,0.048407675306409485,0.7784810126582279,0.35443037974683544,0.13291139240506328
-441.896814,158,11883.403466,86.0,0.4760021097046414,0.11075949367088607,0.056379344986939924,0.7911392405063291,0.35443037974683544,0.14556962025316456
-498.842704,158,11886.557566,80.0,0.5180379746835443,0.10232067510548525,0.041606389391199525,0.8734177215189873,0.26582278481012656,0.13924050632911392
-405.218293,158,11889.688185,93.0,0.45506329113924054,0.11497890295358648,0.0583785412899337,0.9050632911392406,0.24050632911392406,0.14556962025316456
-389.431944,158,11892.755778,80.0,0.5195850914205344,0.13080168776371306,0.09836292399583539,0.9113924050632911,0.24050632911392406,0.1518987341772152
-388.795152,158,11895.900745,76.0,0.5471518987341771,0.1181434599156118,0.09894514767932489,0.9240506329113924,0.24050632911392406,0.16455696202531644
-339.224228,158,11898.988939,64.0,0.6167721518987341,0.10021097046413502,0.0824291742013261,0.8860759493670886,0.2468354430379747,0.13291139240506328
-388.290185,158,11902.014615,52.0,0.693776371308017,0.0981012658227848,0.0853827606992164,0.8544303797468354,0.25316455696202533,0.10759493670886076
-350.50653,158,11905.083669,72.0,0.5688366485834842,0.11023206751054851,0.08077154912597952,0.8037974683544303,0.2848101265822785,0.08860759493670886
-448.826985,158,11908.122263,64.0,0.6252712477396022,0.11708860759493671,0.09322382961623468,0.7911392405063291,0.2848101265822785,0.0759493670886076
-448.301451,158,11911.229022,68.0,0.6020042194092827,0.11708860759493671,0.07670785613823589,0.8037974683544303,0.2721518987341772,0.0759493670886076
-486.67901,158,11914.317658,72.0,0.573523206751055,0.12763713080168776,0.08739200321478802,0.8291139240506329,0.25316455696202533,0.08227848101265822
-520.765103,158,11917.391136,57.0,0.6518987341772152,0.08544303797468354,0.07249849306811333,0.8481012658227848,0.26582278481012656,0.11392405063291139
-492.862675,158,11920.449374,68.0,0.5873568414707655,0.09440928270042195,0.06695800683142455,0.8227848101265823,0.25949367088607594,0.08227848101265822
-509.698363,158,11923.490628,53.0,0.6889240506329114,0.09282700421940927,0.07608499095840868,0.7974683544303798,0.2721518987341772,0.06962025316455696
-462.837062,158,11926.537497,68.0,0.5951476793248945,0.11286919831223628,0.08060578661844485,0.7911392405063291,0.27848101265822783,0.06962025316455696
-477.722012,158,11929.573583,50.0,0.7248945147679324,0.12658227848101267,0.11240707253365481,0.7848101265822784,0.2974683544303797,0.08227848101265822
-484.968751,158,11932.924585,65.0,0.6293248945147679,0.12289029535864977,0.0994474583082178,0.8037974683544303,0.25316455696202533,0.056962025316455694
-542.627548,158,11936.054158,37.0,0.7827004219409283,0.08122362869198312,0.04864376130198915,0.8481012658227848,0.24050632911392406,0.08860759493670886
-16.081642,158,11939.117151,0.0,1.0,0.06329113924050633,0.06329113924050633,0.9936708860759493,0.24050632911392406,0.23417721518987342
18.948735,158,11942.128868,0.0,1.0,0.06329113924050633,0.06329113924050633,1.0,0.24050632911392406,0.24050632911392406
12.285457,158,11945.151861,5.0,0.9683544303797469,0.06329113924050633,0.06329113924050633,0.930379746835443,0.3037974683544304,0.23417721518987342
55.54783,158,11948.283891,102.0,0.35443037974683544,0.06329113924050633,0.02531645569620253,0.8734177215189873,0.6645569620253164,0.5379746835443038
58.525635,158,11951.513691,148.0,0.06540084388185655,0.06645569620253164,0.002531645569620253,0.9620253164556962,0.4620253164556962,0.4240506329113924
-15.383133,158,11954.667178,122.0,0.25744424352019285,0.10021097046413502,0.0441430580671087,0.9240506329113924,0.4620253164556962,0.3860759493670886
-165.944821,158,11957.812002,121.0,0.2528028933092224,0.10759493670886076,0.046102069519791046,0.879746835443038,0.45569620253164556,0.33544303797468356
-212.77897,158,11960.989197,111.0,0.33343881856540086,0.12236286919831223,0.04676009644364075,0.8037974683544303,0.5759493670886076,0.379746835443038
-116.656936,158,11964.045601,74.0,0.5366033755274261,0.07278481012658228,0.025437010247136828,0.7784810126582279,0.6772151898734177,0.45569620253164556
-244.363953,158,11967.080119,14.0,0.9129746835443038,0.06962025316455696,0.056962025316455694,0.7911392405063291,0.5759493670886076,0.3670886075949367
-221.779843,158,11970.137015,37.0,0.7674050632911392,0.06645569620253164,0.05274261603375527,0.7911392405063291,0.45569620253164556,0.2468354430379747
-151.344319,158,11973.215856,44.0,0.7289029535864978,0.07278481012658228,0.052531645569620256,0.759493670886076,0.5569620253164557,0.31645569620253167
-87.134484,158,11976.326225,26.0,0.8386075949367089,0.06962025316455696,0.054746835443037975,0.7658227848101266,0.7531645569620253,0.5189873417721519
9.541225,158,11979.532637,6.0,0.9620253164556962,0.06329113924050633,0.056962025316455694,0.7911392405063291,0.6265822784810127,0.4177215189873418
15.550778,158,11982.599484,4.0,0.9746835443037974,0.06329113924050633,0.06329113924050633,0.7911392405063291,0.44936708860759494,0.24050632911392406
12.676825,158,11985.707077,8.0,0.9493670886075949,0.06329113924050633,0.056962025316455694,0.8037974683544303,0.43670886075949367,0.24050632911392406
-26.335214,158,11988.818491,16.0,0.9018987341772152,0.06751054852320675,0.06690777576853527,0.7974683544303798,0.3860759493670886,0.18354430379746836
-81.841729,158,11991.931375,34.0,0.790084388185654,0.07278481012658228,0.057383966244725734,0.8354430379746836,0.34810126582278483,0.18354430379746836
-36.838766,158,11995.157383,130.0,0.18354430379746836,0.10232067510548522,0.04789029535864979,0.8354430379746836,0.3291139240506329,0.16455696202531644
-112.819914,158,11998.284019,66.0,0.5856540084388185,0.07278481012658228,0.05286317058468956,0.8481012658227848,0.36075949367088606,0.2088607594936709
-111.787078,158,12001.365312,65.0,0.5938818565400844,0.07278481012658228,0.038291139240506325,0.8544303797468354,0.34177215189873417,0.1962025316455696
-123.484089,158,12004.476563,65.0,0.5914556962025317,0.07278481012658228,0.02332730560578662,0.8860759493670886,0.3291139240506329,0.21518987341772153
-186.212021,158,12007.604087,85.0,0.46566455696202536,0.07489451476793248,0.018037974683544303,0.8860759493670886,0.33544303797468356,0.22151898734177214
-172.920424,158,12010.67854,99.0,0.379957805907173,0.07700421940928269,0.029656419529837254,0.8860759493670886,0.33544303797468356,0.22151898734177214
-188.325835,158,12013.756037,100.0,0.3670886075949367,0.06329113924050633,0.012658227848101266,0.9050632911392406,0.2911392405063291,0.1962025316455696
-244.440381,158,12016.84238,84.0,0.476589813140446,0.08016877637130801,0.023362467349809124,0.930379746835443,0.2974683544303797,0.22784810126582278
-192.024553,158,12019.933852,65.0,0.5910940325497287,0.06856540084388185,0.022202129797066504,0.9240506329113924,0.2974683544303797,0.22151898734177214
-195.581738,158,12023.028162,64.0,0.6005877034358047,0.07489451476793248,0.025457102672292547,0.8734177215189873,0.2911392405063291,0.16455696202531644
-216.266361,158,12026.086702,66.0,0.5874020494273658,0.07067510548523206,0.030661040787623068,0.8734177215189873,0.2848101265822785,0.15822784810126583
-204.682048,158,12029.141598,95.0,0.40449819168173595,0.07700421940928269,0.020675105485232066,0.8164556962025317,0.2848101265822785,0.10126582278481013
-261.099261,158,12032.251442,89.0,0.4429852320675106,0.07489451476793248,0.033248397172447805,0.810126582278481,0.2911392405063291,0.10126582278481013
-408.219258,158,12035.371269,103.0,0.37092877235282296,0.10759493670886076,0.040020914388002995,0.7974683544303798,0.31645569620253167,0.11392405063291139
-435.98439,158,12038.484747,79.0,0.5186357243319268,0.0991561181434599,0.05651999196302994,0.8037974683544303,0.310126582278481,0.11392405063291139
-442.725168,158,12041.559159,78.0,0.5256504922644163,0.10548523206751054,0.04277722980254626,0.8354430379746836,0.26582278481012656,0.10126582278481013
-460.897153,158,12044.581832,68.0,0.5845991561181434,0.08966244725738397,0.06193490054249547,0.8417721518987342,0.27848101265822783,0.12025316455696203
-403.400218,158,12047.671968,61.0,0.6317585895117541,0.10232067510548522,0.060358101813798026,0.8227848101265823,0.31645569620253167,0.13924050632911392
-401.156641,158,12050.780754,71.0,0.5847046413502109,0.11919831223628691,0.08395619851316054,0.8354430379746836,0.2974683544303797,0.13291139240506328
-380.999602,158,12053.886397,89.0,0.4818942133815551,0.1661392405063291,0.10908223281641002,0.810126582278481,0.26582278481012656,0.0759493670886076
-435.891513,158,12056.952394,77.0,0.5348628691983122,0.10232067510548522,0.05890596745027125,0.8164556962025317,0.2721518987341772,0.08860759493670886
-404.847575,158,12060.09157,101.0,0.39492415109503715,0.12763713080168776,0.05433037426708312,0.8164556962025317,0.2468354430379747,0.06329113924050633
-466.021475,158,12063.178437,77.0,0.5318037974683545,0.10759493670886076,0.06803295157725538,0.7911392405063291,0.2974683544303797,0.08860759493670886
-415.894241,158,12066.268424,68.0,0.5963080168776371,0.12447257383966243,0.08371006630500302,0.7911392405063291,0.34177215189873417,0.13291139240506328
-432.325197,158,12069.428699,88.0,0.46877637130801686,0.11181434599156116,0.08324291742013261,0.7848101265822784,0.3291139240506329,0.11392405063291139
-461.259364,158,12072.499407,84.0,0.49135774562989754,0.10654008438818564,0.04376267192722889,0.7848101265822784,0.2911392405063291,0.0759493670886076
-493.394161,158,12075.557482,56.0,0.6492616033755274,0.06856540084388185,0.02953586497890295,0.7974683544303798,0.310126582278481,0.10759493670886076
-538.542999,158,12078.610995,28.0,0.8270042194092826,0.06962025316455696,0.04303797468354431,0.7911392405063291,0.2911392405063291,0.08227848101265822
-525.269446,158,12081.67683,40.0,0.7552742616033756,0.07489451476793248,0.053918022905364675,0.7784810126582279,0.35443037974683544,0.13291139240506328
-503.158638,158,12084.752403,58.0,0.6428270042194093,0.0780590717299578,0.03693490054249548,0.7658227848101266,0.43037974683544306,0.1962025316455696
-467.705855,158,12087.794842,83.0,0.5052993771348202,0.10970464135021096,0.049844740351069464,0.7974683544303798,0.3987341772151899,0.1962025316455696
-410.757818,158,12090.965976,103.0,0.38512658227848096,0.11075949367088607,0.043459915611814344,0.810126582278481,0.31645569620253167,0.12658227848101267
-413.30347,158,12094.127253,119.0,0.29014466546112117,0.14873417721518986,0.06685252159935705,0.8164556962025317,0.3291139240506329,0.14556962025316456
-378.782678,158,12097.229265,128.0,0.2316003616636528,0.1371308016877637,0.05019590114526823,0.8037974683544303,0.3670886075949367,0.17088607594936708
-493.57896,158,12100.535072,89.0,0.47232770745428965,0.13080168776371306,0.04453029389738251,0.810126582278481,0.33544303797468356,0.14556962025316456
-482.762816,158,12103.651588,97.0,0.4182188065099457,0.11708860759493671,0.03791440626883665,0.8037974683544303,0.35443037974683544,0.15822784810126583
-484.190748,158,12106.790631,94.0,0.4327707454289733,0.12341772151898735,0.039577054450472174,0.7848101265822784,0.37341772151898733,0.15822784810126583
-458.452009,158,12109.858485,72.0,0.5789029535864979,0.11497890295358648,0.06353224834237492,0.7721518987341772,0.3924050632911392,0.16455696202531644
-448.379627,158,12112.881292,87.0,0.49379395218002814,0.14767932489451477,0.06980108499095841,0.7658227848101266,0.4177215189873418,0.18354430379746836
-510.805932,158,12115.908514,106.0,0.3515295358649789,0.10126582278481013,0.026828867335196453,0.7658227848101266,0.3987341772151899,0.16455696202531644
-497.652581,158,12119.001251,105.0,0.36965039180229053,0.1271097046413502,0.06068414707655214,0.7848101265822784,0.34810126582278483,0.13291139240506328
-447.078999,158,12122.156674,121.0,0.24754621257785814,0.09177215189873418,0.02998337808464391,0.7848101265822784,0.36075949367088606,0.14556962025316456
-413.623985,158,12125.303254,112.0,0.31329113924050633,0.10232067510548522,0.036457705445047214,0.7848101265822784,0.34810126582278483,0.13291139240506328
-467.849126,158,12128.396812,99.0,0.3955344585091421,0.13080168776371306,0.03709609658976747,0.7721518987341772,0.37341772151898733,0.14556962025316456
-378.02302,158,12131.481643,103.0,0.3932213180630902,0.14345991561181434,0.09360056258790435,0.7974683544303798,0.4050632911392405,0.20253164556962025
-440.119474,158,12134.595598,96.0,0.39841772151898736,0.08438818565400844,0.04051180886623924,0.7721518987341772,0.43670886075949367,0.2088607594936709
-470.820941,158,12137.675166,87.0,0.47025316455696203,0.10548523206751054,0.04779987944544906,0.7784810126582279,0.45569620253164556,0.23417721518987342
-440.792087,158,12140.8136,113.0,0.3242616033755274,0.12552742616033755,0.051612417118746236,0.7784810126582279,0.37341772151898733,0.1518987341772152
-488.662379,158,12143.93482,80.0,0.5114526823387583,0.10126582278481011,0.05279284709664457,0.7974683544303798,0.34177215189873417,0.13924050632911392
-454.447153,158,12146.971023,45.0,0.7224331926863573,0.08438818565400844,0.05895665515918681,0.7911392405063291,0.34810126582278483,0.13924050632911392
-479.531466,158,12150.105139,79.0,0.5300180831826401,0.11075949367088607,0.05989049628290134,0.810126582278481,0.31645569620253167,0.12658227848101267
-458.475228,158,12153.256196,98.0,0.39232469359051636,0.08438818565400844,0.020730816300436557,0.7911392405063291,0.3291139240506329,0.12025316455696203
-487.490179,158,12156.339358,75.0,0.5477848101265823,0.10021097046413502,0.02553244926662648,0.8417721518987342,0.2911392405063291,0.13291139240506328
-503.082109,158,12159.446141,56.0,0.6543324291742013,0.08649789029535865,0.025226039783001804,0.8607594936708861,0.2468354430379747,0.10759493670886076
-513.48779,158,12162.521095,50.0,0.6957353827606991,0.08333333333333333,0.04630299377134821,0.8417721518987342,0.2721518987341772,0.11392405063291139
-476.217272,158,12165.663069,69.0,0.5723628691983123,0.08755274261603375,0.05723327305605787,0.8354430379746836,0.27848101265822783,0.11392405063291139
-520.343507,158,12168.821051,87.0,0.4678270042194092,0.0981012658227848,0.054113924050632915,0.810126582278481,0.25949367088607594,0.06962025316455696
-271.636165,158,12172.08128,142.0,0.1410061281896725,0.140295358649789,0.061006082525069866,0.8481012658227848,0.26582278481012656,0.11392405063291139
-209.000484,158,12175.345733,131.0,0.2107670283303195,0.1930379746835443,0.06471267832027326,0.8164556962025317,0.34177215189873417,0.15822784810126583
-293.39599,158,12178.540838,112.0,0.32004219409282697,0.11708860759493671,0.063597548724131,0.7974683544303798,0.4240506329113924,0.22151898734177214
-333.705414,158,12181.678086,105.0,0.3645569620253164,0.12869198312236285,0.04636829415310428,0.7911392405063291,0.45569620253164556,0.2468354430379747
-410.362332,158,12184.808902,86.0,0.46851014667470364,0.0970464135021097,0.05236679635413813,0.7848101265822784,0.43037974683544306,0.21518987341772153
-350.671635,158,12187.953063,111.0,0.3322860156720916,0.11919831223628691,0.07220212979706651,0.810126582278481,0.34810126582278483,0.15822784810126583
-408.665423,158,12191.114919,82.0,0.49921639541892715,0.09388185654008438,0.05586196503918023,0.7848101265822784,0.46835443037974683,0.25316455696202533
-366.725976,158,12194.269107,88.0,0.4638185654008439,0.11286919831223628,0.04736286919831223,0.7974683544303798,0.5506329113924051,0.34810126582278483
-341.449027,158,12197.390582,107.0,0.3871986136226643,0.18776371308016876,0.0948663853727145,0.7974683544303798,0.379746835443038,0.17721518987341772
-372.935778,158,12200.475476,117.0,0.28836648583484026,0.12869198312236285,0.0954591119148081,0.7911392405063291,0.33544303797468356,0.12658227848101267
-445.10241,158,12203.566874,105.0,0.38521699819168176,0.1371308016877637,0.0872814948764316,0.7911392405063291,0.31645569620253167,0.10759493670886076
-408.115774,158,12206.697477,97.0,0.41622463331324094,0.11497890295358648,0.08125924708203189,0.7911392405063291,0.34177215189873417,0.13291139240506328
-432.328093,158,12209.841859,98.0,0.4059247538677919,0.11286919831223628,0.06742561236232124,0.7911392405063291,0.34810126582278483,0.13924050632911392
-349.59044,158,12212.968117,97.0,0.4060654008438818,0.10232067510548522,0.03679425356640546,0.810126582278481,0.310126582278481,0.12025316455696203
-461.218287,158,12216.045794,51.0,0.6813318538002082,0.07700421940928269,0.02815451074944746,0.8417721518987342,0.25316455696202533,0.0949367088607595
-437.41118,158,12219.143512,46.0,0.7155590717299578,0.0780590717299578,0.04306354686101522,0.8354430379746836,0.26582278481012656,0.10126582278481013
-441.201125,158,12222.116045,30.0,0.8211146272855134,0.08016877637130801,0.06243766781741465,0.8544303797468354,0.25316455696202533,0.10759493670886076
-410.83807,158,12225.138836,22.0,0.8615506329113924,0.06645569620253164,0.06455696202531645,0.8607594936708861,0.25316455696202533,0.11392405063291139
-388.854613,158,12228.19769,32.0,0.8026898734177216,0.0759493670886076,0.07374924653405665,0.8544303797468354,0.25316455696202533,0.10759493670886076
-404.290271,158,12231.267287,53.0,0.6687763713080168,0.06856540084388185,0.03628691983122363,0.8607594936708861,0.25949367088607594,0.12025316455696203
-424.582488,158,12234.349136,45.0,0.7267932489451476,0.08227848101265822,0.04556962025316456,0.8227848101265823,0.3291139240506329,0.1518987341772152
-436.126547,158,12237.453355,63.0,0.6139843279083785,0.08966244725738397,0.046659634317862166,0.8164556962025317,0.34810126582278483,0.16455696202531644
-382.49465,158,12240.623049,81.0,0.5079189270644967,0.10232067510548525,0.05368696001607394,0.8354430379746836,0.3037974683544304,0.13924050632911392
-348.978831,158,12243.773341,76.0,0.5446353224834238,0.12130801687763712,0.07384970865983526,0.8417721518987342,0.31645569620253167,0.15822784810126583
-361.955691,158,12246.891722,78.0,0.5805078360458108,0.20042194092827004,0.12026243798395697,0.810126582278481,0.33544303797468356,0.14556962025316456
-422.68347,158,12249.984335,57.0,0.6546013936836722,0.09282700421940927,0.05680553623591599,0.7911392405063291,0.34810126582278483,0.13924050632911392
-460.847341,158,12253.0751,47.0,0.7118846694796063,0.09177215189873418,0.054535864978902955,0.7848101265822784,0.34177215189873417,0.12658227848101267
-483.838441,158,12256.440918,47.0,0.7117239300783604,0.08016877637130801,0.04289732770745429,0.8037974683544303,0.34810126582278483,0.1518987341772152
-455.112663,158,12259.608802,58.0,0.6426687763713079,0.08755274261603375,0.05022603978300181,0.7784810126582279,0.3860759493670886,0.16455696202531644
-449.102574,158,12262.740162,38.0,0.7679324894514769,0.0780590717299578,0.04789029535864979,0.7721518987341772,0.5443037974683544,0.31645569620253167
-424.808208,158,12265.855093,74.0,0.548048523206751,0.0981012658227848,0.06185955394816154,0.7848101265822784,0.3924050632911392,0.17721518987341772
-34.605588,158,12269.123567,145.0,0.09790536467751657,0.11392405063291139,0.021815807258845236,0.7848101265822784,0.3987341772151899,0.18354430379746836
-431.890613,158,12272.248939,91.0,0.44966345187864176,0.12025316455696203,0.04483168027471825,0.7721518987341772,0.5443037974683544,0.31645569620253167
-462.924145,158,12275.355164,67.0,0.5991033755274261,0.10970464135021096,0.06044303797468355,0.7784810126582279,0.41139240506329117,0.189873417721519
-460.50793,158,12278.505148,67.0,0.6034358047016274,0.12236286919831223,0.07452280490255173,0.810126582278481,0.36075949367088606,0.17088607594936708
-468.660396,158,12281.537233,70.0,0.5691003616636529,0.10548523206751054,0.05578159533855736,0.8544303797468354,0.33544303797468356,0.189873417721519
-476.409388,158,12284.641829,93.0,0.42637884267631104,0.10970464135021096,0.056555153707052434,0.8607594936708861,0.3037974683544304,0.16455696202531644
-490.456678,158,12287.795874,82.0,0.5050331525015069,0.10654008438818564,0.0411543098251959,0.8481012658227848,0.2974683544303797,0.14556962025316456
-454.82246,158,12290.832256,88.0,0.4845585848750406,0.14029535864978904,0.057926461723930074,0.8860759493670886,0.26582278481012656,0.1518987341772152
-483.734263,158,12293.916696,69.0,0.5822081575246132,0.09915611814345991,0.02919977350357097,0.8670886075949367,0.27848101265822783,0.14556962025316456
-507.036669,158,12296.994155,40.0,0.7521348201727949,0.08122362869198312,0.04218450326045263,0.8164556962025317,0.3037974683544304,0.12025316455696203
-493.719991,158,12300.059271,13.0,0.9177215189873418,0.06329113924050633,0.056962025316455694,0.7848101265822784,0.3924050632911392,0.17721518987341772
-442.025223,158,12303.106384,8.0,0.9514767932489451,0.06645569620253164,0.06582278481012659,0.7911392405063291,0.3291139240506329,0.12025316455696203
-496.414326,158,12306.173642,13.0,0.9177215189873418,0.06329113924050633,0.06329113924050633,0.810126582278481,0.2721518987341772,0.08227848101265822
-506.047287,158,12309.23755,27.0,0.8333333333333333,0.0759493670886076,0.06962025316455696,0.8481012658227848,0.26582278481012656,0.11392405063291139
-460.557121,158,12312.337595,13.0,0.9177215189873418,0.06329113924050633,0.06329113924050633,0.8670886075949367,0.25949367088607594,0.12658227848101267
-261.756088,158,12315.383703,3.0,0.9810126582278481,0.06329113924050633,0.06329113924050633,0.8860759493670886,0.2721518987341772,0.15822784810126583
-206.510961,158,12318.390794,8.0,0.9493670886075949,0.06329113924050633,0.06329113924050633,0.879746835443038,0.25316455696202533,0.13291139240506328
-220.510854,158,12321.392489,23.0,0.8544303797468354,0.06329113924050633,0.06329113924050633,0.8354430379746836,0.2974683544303797,0.13291139240506328
-278.401804,158,12324.401765,28.0,0.8240506329113924,0.06645569620253164,0.05244122965641952,0.8227848101265823,0.4050632911392405,0.22784810126582278
-288.764889,158,12327.465839,10.0,0.939873417721519,0.06645569620253164,0.060126582278481014,0.8164556962025317,0.44936708860759494,0.26582278481012656
-323.871377,158,12330.48222,21.0,0.8670886075949367,0.06645569620253164,0.06118143459915611,0.8164556962025317,0.4050632911392405,0.22151898734177214
-392.113637,158,12333.530591,27.0,0.8338607594936709,0.06962025316455696,0.05590717299578058,0.8354430379746836,0.3227848101265823,0.15822784810126583
-353.4956,158,12336.621389,48.0,0.7002712477396021,0.07278481012658228,0.055379746835443035,0.8227848101265823,0.3037974683544304,0.12658227848101267
-400.487256,158,12339.72935,28.0,0.8275316455696202,0.07278481012658228,0.0379746835443038,0.8481012658227848,0.310126582278481,0.15822784810126583
-354.660323,158,12342.795486,35.0,0.7819343982318665,0.08333333333333333,0.06121659634317862,0.8227848101265823,0.34810126582278483,0.17088607594936708
-317.838739,158,12345.893735,41.0,0.747837552742616,0.08860759493670886,0.0732569821177416,0.8291139240506329,0.35443037974683544,0.18354430379746836
-378.003684,158,12349.020341,41.0,0.7456298975286317,0.07700421940928269,0.05113522202129797,0.8544303797468354,0.2848101265822785,0.13924050632911392
-365.279501,158,12352.145373,42.0,0.7457805907172996,0.0759493670886076,0.06265822784810127,0.8417721518987342,0.25949367088607594,0.10126582278481013
-343.422315,158,12355.21236,32.0,0.8006329113924051,0.06540084388185653,0.053164556962025315,0.8354430379746836,0.27848101265822783,0.11392405063291139
-396.412968,158,12358.314222,34.0,0.7927215189873418,0.07383966244725738,0.053164556962025315,0.8227848101265823,0.2721518987341772,0.0949367088607595
-416.457704,158,12361.368722,41.0,0.745464135021097,0.07489451476793248,0.04442435201928873,0.810126582278481,0.3037974683544304,0.11392405063291139
-406.969077,158,12364.341776,36.0,0.7753164556962026,0.06645569620253164,0.04746835443037975,0.7911392405063291,0.43670886075949367,0.22784810126582278
-421.600946,158,12367.388783,46.0,0.7109704641350211,0.06645569620253164,0.04683544303797468,0.8354430379746836,0.310126582278481,0.14556962025316456
-433.647156,158,12370.488651,38.0,0.7654711673699016,0.07278481012658228,0.05747986191024166,0.8734177215189873,0.2721518987341772,0.14556962025316456
-395.591329,158,12373.622364,27.0,0.8291139240506329,0.06645569620253164,0.05485232067510548,0.8481012658227848,0.27848101265822783,0.12658227848101267
-379.696262,158,12376.677014,27.0,0.8291139240506329,0.06329113924050633,0.04430379746835443,0.8291139240506329,0.2974683544303797,0.12658227848101267
-278.07397,158,12379.713834,21.0,0.8746835443037974,0.07489451476793248,0.04336949969861362,0.8354430379746836,0.3227848101265823,0.15822784810126583
-266.71521,158,12382.770121,15.0,0.9050632911392406,0.06329113924050633,0.0379746835443038,0.7974683544303798,0.37341772151898733,0.17088607594936708
-252.743993,158,12385.850387,17.0,0.8955696202531646,0.06962025316455696,0.04841772151898734,0.8227848101265823,0.43670886075949367,0.25949367088607594
-414.564432,158,12388.97736,39.0,0.7592827004219409,0.07383966244725738,0.04525316455696203,0.810126582278481,0.3924050632911392,0.20253164556962025
-443.984327,158,12392.086457,40.0,0.7587904360056259,0.08333333333333333,0.03204833141542003,0.8417721518987342,0.33544303797468356,0.17721518987341772
-425.92955,158,12395.176175,38.0,0.7684599156118143,0.08227848101265822,0.04050632911392405,0.8544303797468354,0.34177215189873417,0.1962025316455696
-443.696789,158,12398.353529,61.0,0.6164104882459313,0.06962025316455696,0.02250351617440225,0.8417721518987342,0.37341772151898733,0.21518987341772153
-446.991574,158,12401.495506,71.0,0.5685654008438819,0.0949367088607595,0.06929375125577658,0.8670886075949367,0.3987341772151899,0.26582278481012656
-370.12046,158,12404.64857,117.0,0.2887130801687764,0.11919831223628691,0.03904460518384569,0.879746835443038,0.3670886075949367,0.2468354430379747
-391.425591,158,12407.819263,116.0,0.2926009644364075,0.11497890295358648,0.04563492063492063,0.8860759493670886,0.3670886075949367,0.25316455696202533
-387.621952,158,12410.95009,120.0,0.25748945147679325,0.10232067510548522,0.028419962597177786,0.8924050632911392,0.36075949367088606,0.25316455696202533
-352.810495,158,12414.116682,112.0,0.31656118143459916,0.11075949367088607,0.06330118545308418,0.8987341772151899,0.33544303797468356,0.23417721518987342
-347.65865,158,12417.253412,117.0,0.29108170310701953,0.11708860759493668,0.06414931763033029,0.8987341772151899,0.33544303797468356,0.23417721518987342
-348.652136,158,12420.511523,114.0,0.31060126582278486,0.11286919831223628,0.036457705445047214,0.9050632911392406,0.3291139240506329,0.23417721518987342
-406.594396,158,12423.678621,83.0,0.49335443037974674,0.10232067510548522,0.04185252159935704,0.8734177215189873,0.31645569620253167,0.189873417721519
-459.926716,158,12426.788806,77.0,0.5360759493670886,0.0949367088607595,0.09486136226642555,0.8417721518987342,0.310126582278481,0.1518987341772152
-317.16921,158,12430.268947,88.0,0.4727848101265822,0.12236286919831223,0.08913502109704641,0.8670886075949367,0.27848101265822783,0.14556962025316456
-388.02031,158,12433.415288,97.0,0.41362266425557564,0.13291139240506328,0.07159935704239502,0.8607594936708861,0.25949367088607594,0.12025316455696203
-391.645491,158,12436.584671,102.0,0.377373417721519,0.08755274261603375,0.06624472573839661,0.8164556962025317,0.27848101265822783,0.0949367088607595
-465.833652,158,12439.746635,61.0,0.6425105485232068,0.1160337552742616,0.0713381555153707,0.8291139240506329,0.2911392405063291,0.12025316455696203
-491.105194,158,12442.808636,35.0,0.7834388185654009,0.07278481012658228,0.03809523809523809,0.8481012658227848,0.310126582278481,0.15822784810126583
-487.194865,158,12445.879518,38.0,0.7715189873417722,0.08755274261603375,0.049487643158529236,0.8417721518987342,0.3037974683544304,0.14556962025316456
-478.05457,158,12448.957802,35.0,0.7911392405063291,0.08227848101265822,0.04641350210970464,0.8670886075949367,0.2721518987341772,0.13924050632911392
-470.693039,158,12452.026588,29.0,0.8175105485232069,0.06645569620253164,0.03955696202531646,0.879746835443038,0.25949367088607594,0.13924050632911392
-484.949538,158,12455.146443,26.0,0.8438818565400843,0.07172995780590717,0.02721518987341772,0.9367088607594937,0.24050632911392406,0.17721518987341772
-497.70736,158,12458.247893,30.0,0.8141952983725136,0.06962025316455696,0.048874824191279885,0.8987341772151899,0.25949367088607594,0.15822784810126583
-470.172509,158,12461.400389,31.0,0.8212025316455697,0.08438818565400844,0.07552742616033756,0.8987341772151899,0.25949367088607594,0.15822784810126583
-457.343415,158,12464.533562,22.0,0.8818565400843881,0.08544303797468354,0.07215189873417721,0.8417721518987342,0.3037974683544304,0.14556962025316456
-506.446475,158,12467.675577,13.0,0.9203586497890297,0.07278481012658228,0.060880048221820374,0.810126582278481,0.41139240506329117,0.22151898734177214
-515.576839,158,12470.749592,17.0,0.8945147679324893,0.06962025316455696,0.06645569620253164,0.8544303797468354,0.34177215189873417,0.1962025316455696
-483.611137,158,12473.785651,23.0,0.8591772151898734,0.07278481012658228,0.06318565400843881,0.8670886075949367,0.35443037974683544,0.22151898734177214
-366.98564,158,12476.887516,74.0,0.5571729957805907,0.11919831223628691,0.04271147277476391,0.8924050632911392,0.31645569620253167,0.2088607594936709
-476.993731,158,12479.983735,42.0,0.7399789029535865,0.07172995780590717,0.06371308016877637,0.8544303797468354,0.3227848101265823,0.17721518987341772
-292.018201,158,12483.137712,122.0,0.27924452481414513,0.14556962025316456,0.06239748296710322,0.8037974683544303,0.5126582278481012,0.31645569620253167
-399.16961,158,12486.230962,92.0,0.43145218002812935,0.10337552742616035,0.023458363015325043,0.7848101265822784,0.6772151898734177,0.4620253164556962
-417.697591,158,12489.331579,90.0,0.4557544248999945,0.12130801687763712,0.0398266641937528,0.7848101265822784,0.5443037974683544,0.3291139240506329
-433.488057,158,12492.432918,62.0,0.6153556359252562,0.08016877637130801,0.027144866385372713,0.8354430379746836,0.4810126582278481,0.31645569620253167
-463.518092,158,12495.505343,34.0,0.7943037974683544,0.0759493670886076,0.06107594936708861,0.8227848101265823,0.44936708860759494,0.2721518987341772
-484.515513,158,12498.531852,36.0,0.7874472573839661,0.08649789029535865,0.06214587100663051,0.7911392405063291,0.4050632911392405,0.1962025316455696
-478.955004,158,12501.597958,29.0,0.8237944544906569,0.0780590717299578,0.07284431461646651,0.7848101265822784,0.43670886075949367,0.22151898734177214
-459.254776,158,12504.630636,30.0,0.8129294755877033,0.07172995780590717,0.06733473980309423,0.7784810126582279,0.5316455696202531,0.310126582278481
-438.198477,158,12507.714732,40.0,0.7595162748643761,0.08966244725738397,0.07916260954235638,0.7911392405063291,0.47468354430379744,0.26582278481012656
-471.258206,158,12510.762532,63.0,0.6141350210970464,0.08122362869198312,0.07341772151898734,0.8164556962025317,0.35443037974683544,0.17088607594936708
-427.054937,158,12513.812482,94.0,0.4520042194092827,0.12869198312236285,0.09691078963230863,0.8481012658227848,0.2911392405063291,0.13924050632911392
-487.064742,158,12516.87952,55.0,0.667879746835443,0.0970464135021097,0.07481916817359856,0.879746835443038,0.27848101265822783,0.15822784810126583
-504.460142,158,12519.926887,43.0,0.7389240506329114,0.08122362869198312,0.0510548523206751,0.8227848101265823,0.2721518987341772,0.0949367088607595
-529.462013,158,12522.957839,18.0,0.8881856540084387,0.06645569620253164,0.053164556962025315,0.810126582278481,0.33544303797468356,0.14556962025316456
-520.538071,158,12525.978301,17.0,0.8945147679324893,0.06540084388185653,0.06540084388185653,0.8417721518987342,0.2974683544303797,0.13924050632911392
-295.910694,158,12528.980517,8.0,0.9522151898734177,0.06962025316455696,0.067209162145871,1.0,0.24050632911392406,0.24050632911392406
-58.8643,158,12532.108729,7.0,0.9572784810126582,0.06645569620253164,0.06540084388185653,1.0,0.24050632911392406,0.24050632911392406
-32.074011,158,12535.211216,15.0,0.9094936708860759,0.07278481012658228,0.06921338155515372,1.0,0.24050632911392406,0.24050632911392406
-33.959364,158,12538.341575,21.0,0.8691983122362869,0.06645569620253164,0.06582278481012659,0.9556962025316456,0.2468354430379747,0.20253164556962025
-51.071303,158,12541.449622,26.0,0.8354430379746836,0.06329113924050633,0.06329113924050633,0.879746835443038,0.35443037974683544,0.23417721518987342
-136.47997,158,12544.526741,21.0,0.8683544303797468,0.06645569620253164,0.06509945750452079,0.8354430379746836,0.5759493670886076,0.41139240506329117
-226.084284,158,12547.60993,34.0,0.7848101265822784,0.06329113924050633,0.0379746835443038,0.8544303797468354,0.6329113924050633,0.4873417721518987
-244.604719,158,12550.673093,80.0,0.49831223628691984,0.07172995780590717,0.03123869801084991,0.9367088607594937,0.44936708860759494,0.3860759493670886
-280.850355,158,12553.827647,113.0,0.3079867389993972,0.10443037974683544,0.03524713682941531,0.9683544303797469,0.4050632911392405,0.37341772151898733
-148.686816,158,12557.025637,139.0,0.16972847827278206,0.17299578059071727,0.06806734053569496,0.9430379746835443,0.4050632911392405,0.34810126582278483
-209.853029,158,12560.238092,118.0,0.29879445449065695,0.1508438818565401,0.0644263612618043,0.9556962025316456,0.4177215189873418,0.37341772151898733
-334.278566,158,12563.323261,91.0,0.4420509342977697,0.11919831223628691,0.062161396971523564,0.9556962025316456,0.37341772151898733,0.3291139240506329
-428.121272,158,12566.429222,73.0,0.5579716696805305,0.10654008438818564,0.055907172995780595,0.9177215189873418,0.33544303797468356,0.25316455696202533
-324.450255,158,12569.663767,88.0,0.4778481012658228,0.12025316455696203,0.06110029211295034,0.8924050632911392,0.43670886075949367,0.3291139240506329
-379.359398,158,12572.775054,78.0,0.5364830492995051,0.12552742616033755,0.07101713335890551,0.8924050632911392,0.4810126582278481,0.37341772151898733
-367.137247,158,12575.907556,74.0,0.5544454490657021,0.11181434599156116,0.032941531042796866,0.9177215189873418,0.47468354430379744,0.3924050632911392
-362.676003,158,12579.00649,91.0,0.4521875627888286,0.13291139240506328,0.05575647980711272,0.9240506329113924,0.4050632911392405,0.3291139240506329
-410.608063,158,12582.094389,76.0,0.5272227245328511,0.08649789029535865,0.02120253164556962,0.8924050632911392,0.4240506329113924,0.31645569620253167
-483.025856,158,12585.199017,34.0,0.7949442435201929,0.08333333333333334,0.06142756680731364,0.9050632911392406,0.379746835443038,0.2848101265822785
-514.607083,158,12588.246762,20.0,0.8746835443037974,0.06540084388185653,0.04588607594936709,0.8607594936708861,0.4050632911392405,0.26582278481012656
-462.060689,158,12591.337823,54.0,0.6797016274864376,0.0981012658227848,0.05134619248543299,0.8417721518987342,0.43670886075949367,0.27848101265822783
-474.32861,158,12594.393371,44.0,0.7294303797468354,0.08649789029535865,0.03948161543098252,0.8544303797468354,0.3670886075949367,0.22151898734177214
-414.080796,158,12597.456467,53.0,0.697739602169982,0.11392405063291139,0.07003214788024914,0.8481012658227848,0.379746835443038,0.22784810126582278
-467.143255,158,12600.789053,52.0,0.6894062688366487,0.09388185654008438,0.054088808519188264,0.8354430379746836,0.4050632911392405,0.24050632911392406
-498.72428,158,12603.895112,47.0,0.7125527426160339,0.08438818565400844,0.05364677516576251,0.8164556962025317,0.4240506329113924,0.24050632911392406
-477.332707,158,12606.968811,44.0,0.7285412899336949,0.08122362869198312,0.047870202933494074,0.8227848101265823,0.45569620253164556,0.27848101265822783
-454.552927,158,12610.093734,53.0,0.6808619650391802,0.0981012658227848,0.07167470363672895,0.7974683544303798,0.45569620253164556,0.25316455696202533
-431.870615,158,12613.18976,63.0,0.6170433996383363,0.10654008438818564,0.06356741008639742,0.8037974683544303,0.43670886075949367,0.24050632911392406
-469.213766,158,12616.316396,40.0,0.7531645569620253,0.07172995780590717,0.04789029535864979,0.8354430379746836,0.3860759493670886,0.22151898734177214
-458.151083,158,12619.373974,18.0,0.8860759493670886,0.06329113924050633,0.05063291139240506,0.8291139240506329,0.36075949367088606,0.189873417721519
-485.410686,158,12622.440022,24.0,0.8570675105485231,0.08122362869198312,0.07784810126582278,0.8227848101265823,0.4240506329113924,0.2468354430379747
-476.891834,158,12625.54863,52.0,0.6772151898734177,0.0759493670886076,0.04641350210970464,0.8164556962025317,0.46835443037974683,0.2848101265822785
-479.315875,158,12628.630515,78.0,0.5232670283303195,0.09177215189873418,0.051527024311834445,0.7974683544303798,0.5,0.2974683544303797
-450.145296,158,12631.728701,100.0,0.39599156118143464,0.11392405063291139,0.06814345991561181,0.8037974683544303,0.45569620253164556,0.25949367088607594
-494.431832,158,12634.910876,56.0,0.6540084388185654,0.07700421940928269,0.0352622061482821,0.8037974683544303,0.3987341772151899,0.20253164556962025
-516.218189,158,12637.996973,52.0,0.6805379746835444,0.08755274261603375,0.0501557162949568,0.8354430379746836,0.36075949367088606,0.1962025316455696
-538.436409,158,12641.043824,39.0,0.7575949367088608,0.06962025316455696,0.04294755877034358,0.9050632911392406,0.27848101265822783,0.18354430379746836
-531.922671,158,12644.130749,39.0,0.759493670886076,0.0759493670886076,0.052109704641350216,0.9113924050632911,0.27848101265822783,0.189873417721519
-537.194994,158,12647.191628,30.0,0.8132911392405063,0.06645569620253164,0.060126582278481014,0.8924050632911392,0.27848101265822783,0.17088607594936708
-539.325499,158,12650.299013,23.0,0.8633966244725738,0.07489451476793248,0.06687763713080169,0.8417721518987342,0.3037974683544304,0.14556962025316456
-527.231109,158,12653.324022,17.0,0.8955696202531646,0.07278481012658228,0.07278481012658228,0.810126582278481,0.36075949367088606,0.17088607594936708
-470.691807,158,12656.438131,13.0,0.9177215189873418,0.06329113924050633,0.06329113924050633,0.7784810126582279,0.4620253164556962,0.24050632911392406
-458.373688,158,12659.546703,24.0,0.8533755274261602,0.07383966244725738,0.07573839662447257,0.7911392405063291,0.46835443037974683,0.25949367088607594
-453.984448,158,12662.60138,57.0,0.6552215189873418,0.08913502109704641,0.06584333388130856,0.8607594936708861,0.37341772151898733,0.23417721518987342
-484.884203,158,12665.674641,89.0,0.4545961422543701,0.08966244725738397,0.04173196704842275,0.8734177215189873,0.2911392405063291,0.16455696202531644
-524.117563,158,12668.770259,56.0,0.6540084388185654,0.09071729957805906,0.08491561181434598,0.8481012658227848,0.2974683544303797,0.14556962025316456
-491.3774,158,12671.797327,32.0,0.8027426160337553,0.06856540084388185,0.06835443037974684,0.879746835443038,0.3037974683544304,0.18354430379746836
-514.568721,158,12674.853043,31.0,0.8117088607594937,0.07489451476793248,0.06871609403254973,0.8417721518987342,0.3227848101265823,0.16455696202531644
-526.494231,158,12677.880563,41.0,0.7521097046413503,0.08544303797468354,0.0710970464135021,0.8481012658227848,0.31645569620253167,0.16455696202531644
-513.471306,158,12680.893753,48.0,0.7037974683544304,0.08016877637130801,0.07626582278481013,0.8924050632911392,0.2974683544303797,0.189873417721519
-471.182849,158,12683.906859,47.0,0.7132911392405064,0.08227848101265822,0.04746835443037975,0.9240506329113924,0.2974683544303797,0.22151898734177214
-408.976176,158,12686.896322,35.0,0.7932489451476793,0.08544303797468354,0.08040988547317662,0.9240506329113924,0.2911392405063291,0.21518987341772153
-362.814194,158,12689.903802,66.0,0.5971518987341772,0.08333333333333333,0.05414406268836648,0.8670886075949367,0.34810126582278483,0.21518987341772153
-325.218736,158,12693.077749,112.0,0.3365958408679927,0.15559071729957807,0.09231510402396478,0.8481012658227848,0.35443037974683544,0.20253164556962025
-293.794596,158,12696.306649,120.0,0.29364325899136023,0.15928270042194093,0.09622262407072533,0.8544303797468354,0.3037974683544304,0.15822784810126583
-488.326932,158,12699.416727,75.0,0.5416666666666666,0.09071729957805906,0.032574844283705044,0.8544303797468354,0.2911392405063291,0.14556962025316456
-454.913962,158,12702.505837,32.0,0.8050632911392406,0.07172995780590717,0.04547920433996384,0.9430379746835443,0.26582278481012656,0.2088607594936709
-201.437246,158,12705.519757,9.0,0.9462025316455697,0.06645569620253164,0.06645569620253164,0.9493670886075949,0.24050632911392406,0.189873417721519
-149.035787,158,12708.518273,9.0,0.948523206751055,0.07120253164556962,0.06943942133815552,0.9113924050632911,0.24050632911392406,0.1518987341772152
-23.776699,158,12711.525469,4.0,0.9778481012658228,0.06540084388185653,0.06582278481012659,0.9113924050632911,0.25316455696202533,0.16455696202531644
-96.130482,158,12714.559421,22.0,0.8639240506329114,0.07278481012658228,0.055274261603375535,0.8417721518987342,0.25316455696202533,0.0949367088607595
-130.651126,158,12717.603635,20.0,0.8734177215189873,0.06329113924050633,0.05063291139240506,0.8037974683544303,0.47468354430379744,0.27848101265822783
-182.912745,158,12720.667833,46.0,0.7136075949367089,0.07067510548523206,0.052109704641350216,0.8481012658227848,0.4430379746835443,0.2911392405063291
-276.719624,158,12723.695941,43.0,0.7384569017480409,0.08755274261603375,0.0632007233273056,0.9050632911392406,0.31645569620253167,0.22151898734177214
-256.317504,158,12726.813859,30.0,0.8117088607594937,0.06645569620253164,0.040084388185654005,0.9493670886075949,0.3227848101265823,0.2721518987341772
-256.433189,158,12729.875285,43.0,0.7389843279083785,0.08860759493670886,0.049326903757283505,1.0,0.26582278481012656,0.26582278481012656
-285.729036,158,12733.002764,60.0,0.6390370705244124,0.10126582278481013,0.047925457102672285,1.0,0.2468354430379747,0.2468354430379747
-207.719353,158,12736.130889,72.0,0.5621308016877636,0.14082278481012658,0.11165360659031544,0.9873417721518988,0.25949367088607594,0.2468354430379747
-262.997965,158,12739.249565,76.0,0.5572784810126583,0.11497890295358648,0.04731766124171188,0.9177215189873418,0.34177215189873417,0.25949367088607594
-286.339099,158,12742.374986,85.0,0.4725738396624472,0.08227848101265822,0.0283001808318264,0.8924050632911392,0.3924050632911392,0.2848101265822785
-272.042426,158,12745.53495,75.0,0.5395569620253164,0.08649789029535865,0.05147679324894514,0.8987341772151899,0.3291139240506329,0.22784810126582278
-330.438156,158,12748.62908,60.0,0.6277601969057665,0.08227848101265822,0.04144610663598006,0.9240506329113924,0.2721518987341772,0.1962025316455696
-310.695693,158,12751.751188,78.0,0.5215792646172392,0.10864978902953586,0.05902652200120554,0.9430379746835443,0.25316455696202533,0.1962025316455696
-374.966068,158,12754.868769,66.0,0.5998945147679324,0.08966244725738397,0.06503918022905365,0.9367088607594937,0.2468354430379747,0.18354430379746836
-304.092083,158,12758.00959,98.0,0.42500000000000004,0.12289029535864977,0.0963532248342375,0.9493670886075949,0.26582278481012656,0.21518987341772153
-373.221967,158,12761.15296,57.0,0.6654008438818565,0.1181434599156118,0.09723729154108901,0.9050632911392406,0.3037974683544304,0.2088607594936709
-415.458744,158,12764.212952,27.0,0.8351265822784809,0.07383966244725738,0.06451677717500504,0.8734177215189873,0.379746835443038,0.25316455696202533
-448.113704,158,12767.330124,36.0,0.7858649789029535,0.08227848101265822,0.05358649789029536,0.8607594936708861,0.310126582278481,0.17088607594936708
-452.18854,158,12770.403652,24.0,0.8533755274261602,0.0759493670886076,0.042616033755274264,0.8544303797468354,0.3291139240506329,0.18354430379746836
-458.687504,158,12773.685874,23.0,0.8565400843881855,0.06962025316455696,0.04113924050632911,0.8734177215189873,0.3037974683544304,0.17721518987341772
-441.634825,158,12776.716439,22.0,0.8632459312839059,0.07278481012658228,0.05836849507735583,0.8860759493670886,0.31645569620253167,0.20253164556962025
-477.055728,158,12779.718667,24.0,0.849005424954792,0.07278481012658228,0.06276371308016877,0.8734177215189873,0.3037974683544304,0.17721518987341772
-492.787407,158,12782.690795,29.0,0.8180630902149889,0.07278481012658228,0.05336593785960875,0.8734177215189873,0.310126582278481,0.18354430379746836
-485.191633,158,12785.697749,11.0,0.930379746835443,0.06329113924050633,0.06329113924050633,0.8417721518987342,0.35443037974683544,0.1962025316455696
-526.603496,158,12788.730898,7.0,0.9556962025316456,0.06329113924050633,0.06329113924050633,0.8354430379746836,0.34810126582278483,0.18354430379746836
-517.541008,158,12791.750689,13.0,0.9261603375527425,0.07489451476793248,0.07257383966244726,0.8291139240506329,0.35443037974683544,0.18354430379746836
-497.5418,158,12794.804078,17.0,0.8976793248945146,0.0759493670886076,0.06434599156118143,0.8291139240506329,0.3670886075949367,0.1962025316455696
-511.552215,158,12797.855696,25.0,0.8417721518987342,0.06540084388185653,0.06645569620253164,0.7911392405063291,0.3987341772151899,0.189873417721519
-469.137955,158,12800.927299,57.0,0.6632986738999397,0.11550632911392406,0.09795559574040585,0.7658227848101266,0.5822784810126582,0.34810126582278483
-403.961115,158,12804.009996,88.0,0.4518987341772152,0.07858649789029536,0.05110508338356439,0.7721518987341772,0.6392405063291139,0.41139240506329117
-444.495718,158,12807.133818,60.0,0.6280138637733574,0.07700421940928269,0.03706047819971871,0.8291139240506329,0.37341772151898733,0.20253164556962025
-325.101598,158,12810.247756,12.0,0.9240506329113924,0.06329113924050633,0.06329113924050633,0.8670886075949367,0.310126582278481,0.17721518987341772
-279.002529,158,12813.248054,0.0,1.0,0.06329113924050633,0.06329113924050633,0.8417721518987342,0.33544303797468356,0.17721518987341772
-330.605924,158,12816.327648,24.0,0.8504219409282701,0.0759493670886076,0.07512055455093429,0.8670886075949367,0.3291139240506329,0.1962025316455696
-302.140359,158,12819.328998,16.0,0.9052742616033757,0.0780590717299578,0.07468354430379748,0.879746835443038,0.310126582278481,0.189873417721519
-275.303295,158,12822.34688,20.0,0.8765822784810127,0.06540084388185653,0.06582278481012659,0.8670886075949367,0.37341772151898733,0.24050632911392406
-268.736078,158,12825.410178,41.0,0.7457805907172996,0.07383966244725738,0.069971870604782,0.8227848101265823,0.5316455696202531,0.35443037974683544
-279.075344,158,12828.452778,71.0,0.5766877637130802,0.10179324894514767,0.07103676913803496,0.8354430379746836,0.5506329113924051,0.3860759493670886
-325.882757,158,12831.598343,74.0,0.5491561181434599,0.09757383966244726,0.06189471569218405,0.8544303797468354,0.47468354430379744,0.3291139240506329
-318.49585,158,12834.741592,83.0,0.4911116134217401,0.0970464135021097,0.057705445047217196,0.8860759493670886,0.36075949367088606,0.2468354430379747
-320.430798,158,12837.861559,91.0,0.4434599156118144,0.10232067510548522,0.05607293550331525,0.9050632911392406,0.3227848101265823,0.22784810126582278
-349.368436,158,12840.916871,87.0,0.4709463532248343,0.10337552742616032,0.07722021297970665,0.8924050632911392,0.31645569620253167,0.2088607594936709
-384.933819,158,12844.061785,95.0,0.42241561181434595,0.10864978902953587,0.07012758689973879,0.8544303797468354,0.3924050632911392,0.2468354430379747
-411.329652,158,12847.151223,78.0,0.5171488848704038,0.0970464135021097,0.053194695599758895,0.8227848101265823,0.5063291139240507,0.3291139240506329
-420.95298,158,12850.18065,75.0,0.540295358649789,0.09124472573839662,0.055726341169379134,0.8417721518987342,0.4810126582278481,0.3227848101265823
-427.44143,158,12853.204375,60.0,0.6410864978902954,0.11392405063291139,0.053752717043856285,0.8417721518987342,0.46835443037974683,0.310126582278481
-472.669423,158,12856.226101,58.0,0.6410940325497287,0.09177215189873418,0.0251557162949568,0.8291139240506329,0.45569620253164556,0.2848101265822785
-501.207392,158,12859.250551,61.0,0.6263185654008439,0.08755274261603375,0.021132208157524614,0.810126582278481,0.3924050632911392,0.20253164556962025
-385.997968,158,12862.307657,80.0,0.520745428973277,0.11972573839662445,0.056113576999652956,0.8164556962025317,0.5126582278481012,0.3291139240506329
-382.021725,158,12865.426738,117.0,0.3244675507333735,0.17827004219409281,0.07914406268836648,0.7974683544303798,0.5886075949367089,0.3860759493670886
-334.885026,158,12868.529866,105.0,0.35575647980711267,0.0949367088607595,0.053335342575848904,0.7911392405063291,0.5822784810126582,0.37341772151898733
-301.570176,158,12871.652805,105.0,0.3678270042194093,0.12763713080168776,0.0742063492063492,0.7974683544303798,0.47468354430379744,0.2721518987341772
-466.794867,158,12874.77638,54.0,0.6945147679324895,0.13185654008438819,0.08274562989752862,0.8734177215189873,0.3987341772151899,0.2721518987341772
-375.800062,158,12877.860827,73.0,0.5445147679324894,0.07700421940928269,0.04588607594936709,0.8860759493670886,0.33544303797468356,0.22151898734177214
-498.221982,158,12880.982542,25.0,0.8433544303797469,0.06540084388185653,0.05244122965641952,0.9050632911392406,0.2468354430379747,0.1518987341772152
-483.240878,158,12884.13657,16.0,0.9075497287522606,0.07911392405063292,0.07408579465541491,0.9113924050632911,0.2468354430379747,0.15822784810126583
-425.299764,158,12887.136212,18.0,0.8934599156118145,0.07383966244725738,0.07489451476793248,0.9113924050632911,0.25316455696202533,0.16455696202531644
-363.474404,158,12890.204027,79.0,0.5327004219409283,0.10654008438818567,0.06750050231062889,0.8860759493670886,0.2848101265822785,0.17088607594936708
-440.958254,158,12893.258736,32.0,0.8040084388185654,0.07489451476793248,0.03881856540084388,0.8670886075949367,0.3670886075949367,0.23417721518987342
-498.356615,158,12896.22537,18.0,0.8899789029535865,0.07172995780590717,0.04950271247739602,0.8417721518987342,0.379746835443038,0.22151898734177214
-421.740225,158,12899.303231,70.0,0.5672995780590717,0.08122362869198312,0.04676009644364074,0.8544303797468354,0.37341772151898733,0.22784810126582278
-423.933201,158,12902.469989,65.0,0.5966244725738397,0.08227848101265822,0.04138537271448664,0.8164556962025317,0.3987341772151899,0.21518987341772153
-411.194164,158,12905.59796,69.0,0.5745253164556963,0.09071729957805906,0.04685051235684147,0.7848101265822784,0.4873417721518987,0.2721518987341772
-461.09268,158,12908.708317,52.0,0.6737341772151899,0.07278481012658228,0.035864978902953586,0.8037974683544303,0.5126582278481012,0.31645569620253167
-467.195219,158,12911.780247,37.0,0.7726793248945149,0.07700421940928269,0.044022503516174406,0.7974683544303798,0.5316455696202531,0.3291139240506329
-462.36279,158,12914.818789,43.0,0.7382459312839059,0.07911392405063292,0.044122965641952984,0.8037974683544303,0.5063291139240507,0.310126582278481
-477.13128,158,12917.832468,29.0,0.8222573839662447,0.07278481012658228,0.03881856540084388,0.810126582278481,0.46835443037974683,0.27848101265822783
-514.127387,158,12920.837197,21.0,0.8670886075949367,0.06645569620253164,0.035864978902953586,0.8291139240506329,0.4810126582278481,0.310126582278481
-493.084217,158,12923.842775,16.0,0.8995253164556962,0.06645569620253164,0.06455696202531645,0.8164556962025317,0.5379746835443038,0.35443037974683544
-465.099901,158,12926.890943,10.0,0.9367088607594937,0.06329113924050633,0.06329113924050633,0.8037974683544303,0.5379746835443038,0.34177215189873417
-463.52468,158,12929.914012,9.0,0.9430379746835443,0.06329113924050633,0.06329113924050633,0.7911392405063291,0.5379746835443038,0.3291139240506329
-468.867609,158,12932.950792,12.0,0.9272151898734177,0.06962025316455696,0.06751054852320675,0.7658227848101266,0.5379746835443038,0.3037974683544304
-468.014414,158,12935.997225,10.0,0.9367088607594937,0.06962025316455696,0.056962025316455694,0.7658227848101266,0.5316455696202531,0.2974683544303797
-463.711202,158,12939.086623,15.0,0.9071729957805906,0.06962025316455696,0.04746835443037975,0.8291139240506329,0.36075949367088606,0.189873417721519
-368.94424,158,12942.122386,21.0,0.8670886075949367,0.06329113924050633,0.02531645569620253,0.8544303797468354,0.310126582278481,0.16455696202531644
-400.968564,158,12945.188436,14.0,0.9124472573839664,0.06540084388185653,0.04571026722925457,0.8227848101265823,0.33544303797468356,0.15822784810126583
-440.898349,158,12948.464572,29.0,0.8237341772151899,0.08016877637130801,0.05783604581072936,0.8164556962025317,0.379746835443038,0.1962025316455696
-456.666896,158,12951.491648,19.0,0.8822784810126583,0.07067510548523206,0.032700421940928266,0.8227848101265823,0.35443037974683544,0.17721518987341772
-459.381352,158,12954.465852,18.0,0.8881856540084387,0.06540084388185653,0.0590717299578059,0.8481012658227848,0.37341772151898733,0.22151898734177214
-462.798741,158,12957.525061,28.0,0.8301687763713081,0.0759493670886076,0.04168173598553345,0.8481012658227848,0.3860759493670886,0.23417721518987342
-490.919889,158,12960.59931,37.0,0.779746835443038,0.08755274261603375,0.0541641551135222,0.8354430379746836,0.3987341772151899,0.23417721518987342
-480.787652,158,12963.640969,44.0,0.7312236286919831,0.07489451476793248,0.054746835443037975,0.8607594936708861,0.34177215189873417,0.20253164556962025
-516.551542,158,12966.751126,28.0,0.8296413502109703,0.0759493670886076,0.052531645569620256,0.8987341772151899,0.2974683544303797,0.1962025316455696
-513.608825,158,12969.841054,40.0,0.7503767329716697,0.07172995780590717,0.06175909182238296,0.8924050632911392,0.2721518987341772,0.16455696202531644
-530.102322,158,12972.944656,38.0,0.7637130801687764,0.06751054852320675,0.06751054852320675,0.8860759493670886,0.27848101265822783,0.16455696202531644
-506.131526,158,12976.004751,56.0,0.6496835443037975,0.07383966244725738,0.04746835443037975,0.8354430379746836,0.3987341772151899,0.23417721518987342
-395.068663,158,12979.080377,75.0,0.5440928270042195,0.09599156118143458,0.05997588908981314,0.8291139240506329,0.4430379746835443,0.2721518987341772
-374.126485,158,12982.101955,45.0,0.7294680530440024,0.0970464135021097,0.08264767932489452,0.8417721518987342,0.33544303797468356,0.17721518987341772
-363.50838,158,12985.135301,66.0,0.5981012658227848,0.08544303797468354,0.06784207353827608,0.8544303797468354,0.3037974683544304,0.15822784810126583
-276.718336,158,12988.179404,89.0,0.4570223025919228,0.1181434599156118,0.07285011050833835,0.879746835443038,0.2911392405063291,0.17088607594936708
-394.021287,158,12991.217773,88.0,0.4588306208559373,0.10706751054852319,0.06504922644163151,0.8354430379746836,0.3291139240506329,0.16455696202531644
-306.415577,158,12994.272804,120.0,0.27552742616033754,0.10917721518987342,0.05102471368294154,0.8164556962025317,0.3924050632911392,0.2088607594936709
-339.145416,158,12997.353536,131.0,0.19126230661040788,0.10759493670886076,0.02569821177416114,0.8037974683544303,0.5,0.3037974683544304
-430.152854,158,13000.461614,104.0,0.3726868595539482,0.1181434599156118,0.07145414360604235,0.8354430379746836,0.3860759493670886,0.22151898734177214
-383.671305,158,13003.566888,111.0,0.33634719710669075,0.12130801687763712,0.06973076150291341,0.8227848101265823,0.43037974683544306,0.25316455696202533
-414.144607,158,13006.659222,100.0,0.3940928270042194,0.12552742616033757,0.06702833031946956,0.8037974683544303,0.6075949367088608,0.41139240506329117
-327.783098,158,13009.782025,125.0,0.25688667872212173,0.17932489451476794,0.09078351325186768,0.8227848101265823,0.6139240506329114,0.43670886075949367
-422.454947,158,13012.89576,110.0,0.3455319469559976,0.1360759493670886,0.07243319268635723,0.8164556962025317,0.4620253164556962,0.27848101265822783
-452.802372,158,13015.988938,67.0,0.5858197709463532,0.08333333333333333,0.024683544303797465,0.8037974683544303,0.43670886075949367,0.24050632911392406
-495.183854,158,13019.072561,53.0,0.6829264617239301,0.09599156118143459,0.0791993168575447,0.8164556962025317,0.35443037974683544,0.17088607594936708
-491.937791,158,13022.104827,72.0,0.5657524613220815,0.10232067510548522,0.0669831223628692,0.8037974683544303,0.34810126582278483,0.1518987341772152
-447.264784,158,13025.12682,47.0,0.7199367088607594,0.0981012658227848,0.06381856540084388,0.8037974683544303,0.33544303797468356,0.13924050632911392
-462.336053,158,13028.162562,52.0,0.6756329113924051,0.06856540084388185,0.05527426160337552,0.7974683544303798,0.3291139240506329,0.12658227848101267
-417.054118,158,13031.161884,36.0,0.7787522603978301,0.08122362869198312,0.07780791641551135,0.7974683544303798,0.34810126582278483,0.14556962025316456
-449.439741,158,13034.214866,78.0,0.5273734177215189,0.09599156118143458,0.07851115129596142,0.7911392405063291,0.34810126582278483,0.13924050632911392
-489.690126,158,13037.310984,68.0,0.5813893911995177,0.09388185654008438,0.07134742894236566,0.8037974683544303,0.2848101265822785,0.08860759493670886
-499.536097,158,13040.33638,33.0,0.8043248945147679,0.0759493670886076,0.07585895117540688,0.8544303797468354,0.25949367088607594,0.11392405063291139
-509.597689,158,13043.370702,42.0,0.7341772151898734,0.06329113924050633,0.05063291139240506,0.8860759493670886,0.25316455696202533,0.13924050632911392
-500.077463,158,13046.43849,52.0,0.6863924050632911,0.08016877637130802,0.06647076552139844,0.8544303797468354,0.25316455696202533,0.10759493670886076
-550.228211,158,13049.524722,37.0,0.7707956600361663,0.07383966244725738,0.06993670886075949,0.8037974683544303,0.2848101265822785,0.08860759493670886
-539.602714,158,13052.636364,29.0,0.8219409282700423,0.07172995780590717,0.06993670886075949,0.7974683544303798,0.3291139240506329,0.12658227848101267
-526.358007,158,13055.65639,22.0,0.8628691983122363,0.07278481012658228,0.07215189873417721,0.7974683544303798,0.43670886075949367,0.23417721518987342
-482.629024,158,13058.745055,39.0,0.7689873417721519,0.09071729957805907,0.0864376130198915,0.7848101265822784,0.5,0.2848101265822785
-521.585393,158,13061.763301,42.0,0.7503767329716696,0.09177215189873418,0.07012758689973879,0.7784810126582279,0.4873417721518987,0.26582278481012656
-476.041575,158,13064.833654,69.0,0.5864978902953587,0.10337552742616032,0.07479998904049537,0.7848101265822784,0.3670886075949367,0.1518987341772152
-433.836763,158,13067.884385,63.0,0.6141350210970464,0.10232067510548522,0.06237191078963231,0.8037974683544303,0.3291139240506329,0.13291139240506328
-407.605042,158,13070.973662,47.0,0.7167721518987342,0.08227848101265822,0.052230259192284516,0.7974683544303798,0.4177215189873418,0.21518987341772153
-495.746929,158,13074.039467,39.0,0.7584388185654009,0.07489451476793248,0.054113924050632915,0.7848101265822784,0.34810126582278483,0.13291139240506328
-504.627676,158,13077.036762,47.0,0.7120253164556962,0.07383966244725738,0.05400843881856539,0.759493670886076,0.34177215189873417,0.10126582278481013
-510.395382,158,13080.071611,63.0,0.623372513562387,0.10232067510548525,0.034825195901145266,0.7658227848101266,0.34810126582278483,0.11392405063291139
-514.628743,158,13083.103375,29.0,0.8266877637130802,0.08016877637130801,0.06311533052039381,0.810126582278481,0.37341772151898733,0.18354430379746836
-502.085563,158,13086.161248,39.0,0.7700421940928269,0.08016877637130801,0.07362869198312236,0.8037974683544303,0.35443037974683544,0.15822784810126583
-528.938733,158,13089.264344,19.0,0.8852320675105486,0.07383966244725738,0.07044404259594132,0.7721518987341772,0.43037974683544306,0.20253164556962025
-529.90609,158,13092.332197,16.0,0.9018987341772152,0.06645569620253164,0.06645569620253164,0.759493670886076,0.4050632911392405,0.16455696202531644
-515.894914,158,13095.298139,17.0,0.8957805907172995,0.06751054852320675,0.06698312236286919,0.759493670886076,0.43670886075949367,0.1962025316455696
-514.766291,158,13098.287458,13.0,0.9177215189873418,0.06329113924050633,0.056962025316455694,0.759493670886076,0.4873417721518987,0.2468354430379747
-479.743942,158,13101.243593,20.0,0.8794303797468354,0.0759493670886076,0.07079566003616637,0.7721518987341772,0.5126582278481012,0.2848101265822785
-528.030769,158,13104.301008,30.0,0.8143459915611814,0.07278481012658228,0.0689873417721519,0.7721518987341772,0.4620253164556962,0.23417721518987342
-521.044559,158,13107.310056,17.0,0.8957805907172995,0.06856540084388185,0.054746835443037975,0.7658227848101266,0.44936708860759494,0.21518987341772153
-493.542455,158,13110.424444,18.0,0.8886075949367089,0.06856540084388185,0.05402350813743218,0.7721518987341772,0.4873417721518987,0.25949367088607594
-495.293381,158,13113.518319,35.0,0.7784810126582279,0.06751054852320675,0.043037974683544304,0.7784810126582279,0.46835443037974683,0.2468354430379747
-475.586636,158,13116.887387,52.0,0.680379746835443,0.08438818565400844,0.07944544906570222,0.7974683544303798,0.41139240506329117,0.2088607594936709
-486.710277,158,13119.989047,28.0,0.8314345991561182,0.08755274261603375,0.0861965039180229,0.7911392405063291,0.4620253164556962,0.25316455696202533
-479.779309,158,13123.101835,20.0,0.8767932489451477,0.06962025316455696,0.06763110307414104,0.7721518987341772,0.5316455696202531,0.3037974683544304
-494.819841,158,13126.105193,19.0,0.879746835443038,0.06645569620253164,0.06751054852320675,0.7974683544303798,0.3670886075949367,0.16455696202531644
-494.471317,158,13129.157725,27.0,0.8351265822784809,0.08122362869198312,0.07881253767329717,0.7974683544303798,0.33544303797468356,0.13291139240506328
-491.198202,158,13132.190108,57.0,0.6526974080771549,0.08755274261603375,0.0792847096644565,0.7784810126582279,0.3670886075949367,0.14556962025316456
-506.462584,158,13135.297759,50.0,0.6929324894514768,0.09071729957805907,0.06880650994575045,0.810126582278481,0.34177215189873417,0.1518987341772152
-451.314184,158,13138.441437,82.0,0.5245931283905968,0.14556962025316456,0.07771750050231062,0.8227848101265823,0.3227848101265823,0.14556962025316456
-510.391054,158,13141.505103,7.0,0.9609704641350212,0.07278481012658228,0.06962025316455696,0.8860759493670886,0.26582278481012656,0.1518987341772152
-529.437972,158,13144.624058,9.0,0.9462025316455697,0.06540084388185653,0.06582278481012659,0.879746835443038,0.24050632911392406,0.12025316455696203
-533.385094,158,13147.707314,13.0,0.9187763713080168,0.06962025316455696,0.06509945750452079,0.8607594936708861,0.25316455696202533,0.11392405063291139
-505.652008,158,13150.754043,41.0,0.7510548523206751,0.07700421940928269,0.07130801687763713,0.810126582278481,0.31645569620253167,0.12658227848101267
-486.639834,158,13153.849281,45.0,0.7347649186256782,0.0949367088607595,0.0801135222021298,0.7784810126582279,0.3924050632911392,0.17088607594936708
-498.167128,158,13156.948892,36.0,0.7743218806509946,0.07278481012658228,0.060478199718706056,0.7721518987341772,0.4430379746835443,0.21518987341772153
-500.182577,158,13160.029662,25.0,0.8433544303797469,0.06645569620253164,0.0590717299578059,0.7721518987341772,0.44936708860759494,0.22151898734177214
-520.342111,158,13163.100834,23.0,0.8578059071729958,0.07278481012658228,0.0679324894514768,0.8037974683544303,0.43037974683544306,0.23417721518987342
-483.769473,158,13166.197814,29.0,0.819620253164557,0.06962025316455696,0.05485232067510548,0.8037974683544303,0.37341772151898733,0.17721518987341772
-527.452584,158,13169.219273,35.0,0.7902953586497891,0.08755274261603375,0.07162447257383966,0.8037974683544303,0.3291139240506329,0.13291139240506328
-553.04278,158,13172.243142,43.0,0.7359704641350212,0.0780590717299578,0.06698312236286919,0.7658227848101266,0.379746835443038,0.14556962025316456
-495.305065,158,13175.292735,33.0,0.7974683544303798,0.07383966244725738,0.05213984327908378,0.759493670886076,0.6329113924050633,0.3924050632911392
-496.904047,158,13178.296011,48.0,0.7125527426160339,0.08122362869198312,0.03577456298975286,0.759493670886076,0.5886075949367089,0.34810126582278483
-489.881931,158,13181.364211,43.0,0.7320675105485233,0.07700421940928269,0.03697006228651799,0.7721518987341772,0.5759493670886076,0.34810126582278483
-513.154549,158,13184.419813,49.0,0.7016877637130802,0.08333333333333333,0.0392706449668475,0.7911392405063291,0.5126582278481012,0.3037974683544304
-500.497752,158,13187.464296,38.0,0.7663502109704642,0.07278481012658228,0.03897428169580069,0.8354430379746836,0.4050632911392405,0.24050632911392406
-481.184538,158,13190.49377,36.0,0.7774261603375527,0.07278481012658228,0.057383966244725734,0.8291139240506329,0.3670886075949367,0.1962025316455696
-490.658184,158,13193.592876,59.0,0.6334388185654009,0.07067510548523206,0.019529837251356236,0.7911392405063291,0.34177215189873417,0.13291139240506328
-497.844252,158,13196.647178,41.0,0.7477396021699819,0.0780590717299578,0.028586497890295357,0.810126582278481,0.310126582278481,0.12025316455696203
-516.620088,158,13199.721834,17.0,0.8952531645569619,0.06856540084388185,0.06690777576853527,0.810126582278481,0.2721518987341772,0.08227848101265822
-501.216273,158,13202.792742,6.0,0.9620253164556962,0.06540084388185653,0.06645569620253164,0.8037974683544303,0.26582278481012656,0.06962025316455696
-513.488987,158,13205.822203,1.0,0.9936708860759493,0.06329113924050633,0.06329113924050633,0.8037974683544303,0.27848101265822783,0.08227848101265822
-530.065033,158,13208.927232,9.0,0.9430379746835443,0.06329113924050633,0.06329113924050633,0.8291139240506329,0.2911392405063291,0.12025316455696203
-498.478734,158,13211.99807,7.0,0.9556962025316456,0.06329113924050633,0.06329113924050633,0.8544303797468354,0.34177215189873417,0.1962025316455696
-391.075444,158,13215.041329,7.0,0.9556962025316456,0.06329113924050633,0.06329113924050633,0.8734177215189873,0.34177215189873417,0.21518987341772153
-104.500991,158,13218.030397,5.0,0.9699367088607594,0.06962025316455696,0.06962025316455696,0.9620253164556962,0.26582278481012656,0.22784810126582278
-64.185295,158,13221.096936,12.0,0.9261603375527426,0.06487341772151899,0.06509945750452079,0.9936708860759493,0.24050632911392406,0.23417721518987342
-71.056348,158,13224.205494,20.0,0.8771097046413503,0.07278481012658228,0.06858138345480116,1.0,0.24050632911392406,0.24050632911392406
-116.780034,158,13227.329326,38.0,0.771518987341772,0.08438818565400844,0.05911693791440628,0.9556962025316456,0.2468354430379747,0.20253164556962025
-162.046879,158,13230.465342,51.0,0.6906118143459916,0.08702531645569621,0.057082579867389995,0.9367088607594937,0.2468354430379747,0.18354430379746836
-141.545074,158,13233.506748,42.0,0.7373417721518988,0.06645569620253164,0.04746835443037975,0.9050632911392406,0.3037974683544304,0.2088607594936709
-169.045646,158,13236.566156,28.0,0.8227848101265823,0.06329113924050633,0.04430379746835443,0.8860759493670886,0.3291139240506329,0.21518987341772153
-199.455904,158,13239.6275,17.0,0.8924050632911392,0.06329113924050633,0.0379746835443038,0.8481012658227848,0.379746835443038,0.22784810126582278
-278.055238,158,13242.716944,12.0,0.9240506329113924,0.06329113924050633,0.05063291139240506,0.8227848101265823,0.4177215189873418,0.24050632911392406
-364.539359,158,13245.698546,14.0,0.9113924050632911,0.06329113924050633,0.056962025316455694,0.8227848101265823,0.5,0.3227848101265823
-483.814758,158,13248.800503,20.0,0.8771097046413501,0.07383966244725738,0.05843881856540085,0.7911392405063291,0.4873417721518987,0.27848101265822783
-502.881041,158,13251.898426,15.0,0.9050632911392406,0.06329113924050633,0.056962025316455694,0.7974683544303798,0.4240506329113924,0.22151898734177214
-499.909718,158,13254.958866,21.0,0.8686708860759493,0.06962025316455696,0.04050632911392405,0.7784810126582279,0.3670886075949367,0.14556962025316456
-495.592589,158,13258.052828,35.0,0.7784810126582279,0.06540084388185653,0.04113924050632911,0.810126582278481,0.31645569620253167,0.12658227848101267
-484.870963,158,13261.124803,24.0,0.8521699819168174,0.06856540084388185,0.029254571026722923,0.8291139240506329,0.3037974683544304,0.13291139240506328
-514.201066,158,13264.168516,21.0,0.8670886075949367,0.06329113924050633,0.03164556962025317,0.8291139240506329,0.27848101265822783,0.10759493670886076
-512.216099,158,13267.208888,12.0,0.9240506329113924,0.06329113924050633,0.0379746835443038,0.8354430379746836,0.31645569620253167,0.1518987341772152
-499.93262,158,13270.221045,19.0,0.879746835443038,0.06329113924050633,0.04430379746835443,0.7911392405063291,0.379746835443038,0.17088607594936708
-459.543291,158,13273.278567,54.0,0.6845991561181435,0.0970464135021097,0.06015672091621459,0.7784810126582279,0.4873417721518987,0.26582278481012656
-504.256305,158,13276.303896,58.0,0.6434599156118144,0.08122362869198312,0.034121961020695195,0.7721518987341772,0.47468354430379744,0.2468354430379747
-493.313009,158,13279.364588,43.0,0.7396624472573841,0.0759493670886076,0.030907172995780587,0.7974683544303798,0.3860759493670886,0.18354430379746836
-514.58041,158,13282.41351,31.0,0.810126582278481,0.07067510548523206,0.053164556962025315,0.8037974683544303,0.3037974683544304,0.10759493670886076
-525.053927,158,13285.418222,21.0,0.8707805907172994,0.07383966244725738,0.052109704641350216,0.8037974683544303,0.2911392405063291,0.0949367088607595
-520.336223,158,13288.456753,32.0,0.8022151898734177,0.06856540084388185,0.029957805907172997,0.8607594936708861,0.25949367088607594,0.12025316455696203
-472.22651,158,13291.491349,28.0,0.8243670886075949,0.06645569620253164,0.02742616033755274,0.8417721518987342,0.25316455696202533,0.0949367088607595
-448.741008,158,13294.541158,24.0,0.8591772151898734,0.08227848101265822,0.03691983122362869,0.8544303797468354,0.2468354430379747,0.10126582278481013
-374.304916,158,13297.507129,23.0,0.8576908323743766,0.07278481012658228,0.04878286270691334,0.8607594936708861,0.24050632911392406,0.10126582278481013
-424.440872,158,13300.538217,26.0,0.8391350210970465,0.07278481012658228,0.049578059071729956,0.810126582278481,0.25316455696202533,0.06329113924050633
-515.78849,158,13303.750906,38.0,0.7718354430379747,0.08016877637130801,0.07290536467751657,0.7911392405063291,0.3037974683544304,0.0949367088607595
-468.106478,158,13306.777812,48.0,0.7048523206751055,0.07383966244725738,0.03377034358047016,0.7721518987341772,0.31645569620253167,0.08860759493670886
-457.076816,158,13309.846478,57.0,0.6526371308016878,0.08755274261603375,0.04526823387582881,0.810126582278481,0.34177215189873417,0.1518987341772152
-458.559567,158,13312.985968,68.0,0.5951476793248945,0.11075949367088607,0.06300482218203737,0.759493670886076,0.4050632911392405,0.16455696202531644
-500.256205,158,13316.019145,71.0,0.5579113924050634,0.0759493670886076,0.04367088607594937,0.759493670886076,0.5189873417721519,0.27848101265822783
-502.137999,158,13319.07646,39.0,0.7601341169379143,0.08755274261603375,0.05917721518987343,0.759493670886076,0.43670886075949367,0.1962025316455696
-491.017665,158,13322.146759,27.0,0.8370253164556962,0.06962025316455696,0.0701627486437613,0.7974683544303798,0.3670886075949367,0.16455696202531644
-499.198579,158,13325.23566,17.0,0.8924050632911392,0.06329113924050633,0.05063291139240506,0.8481012658227848,0.2721518987341772,0.12025316455696203
-447.960298,158,13328.294768,25.0,0.8459915611814347,0.07489451476793248,0.06107594936708861,0.8544303797468354,0.26582278481012656,0.12025316455696203
-477.071121,158,13331.376109,17.0,0.8975286317058468,0.08122362869198312,0.06318565400843881,0.8291139240506329,0.3227848101265823,0.1518987341772152
-450.350799,158,13334.462131,29.0,0.8164556962025317,0.06329113924050633,0.012658227848101266,0.8417721518987342,0.3291139240506329,0.17088607594936708
-368.07061,158,13337.536372,27.0,0.8380801687763715,0.09177215189873418,0.06458710066305003,0.8354430379746836,0.34177215189873417,0.17721518987341772
-269.697669,158,13340.490766,6.0,0.9651898734177216,0.06962025316455696,0.04219409282700422,0.879746835443038,0.27848101265822783,0.15822784810126583
-154.348869,158,13343.479176,10.0,0.944620253164557,0.0780590717299578,0.07260397830018084,0.9050632911392406,0.2468354430379747,0.1518987341772152
-190.598957,158,13346.458612,17.0,0.8948915009041591,0.0701476793248945,0.06690320930827261,0.9050632911392406,0.2721518987341772,0.17721518987341772
-200.803226,158,13349.457592,10.0,0.939873417721519,0.06540084388185653,0.06582278481012659,0.879746835443038,0.3227848101265823,0.20253164556962025
-228.835614,158,13352.50277,14.0,0.9113924050632911,0.06540084388185653,0.06645569620253164,0.8544303797468354,0.379746835443038,0.23417721518987342
-235.578877,158,13355.545555,11.0,0.9353526220614827,0.07172995780590717,0.06230661040787623,0.8354430379746836,0.4050632911392405,0.24050632911392406
-236.249918,158,13358.57647,11.0,0.9345991561181434,0.07172995780590717,0.06223628691983121,0.810126582278481,0.41139240506329117,0.22151898734177214
-229.931716,158,13361.631344,4.0,0.9778481012658228,0.06962025316455696,0.06751054852320675,0.8037974683544303,0.4873417721518987,0.2911392405063291
-222.737972,158,13364.668429,6.0,0.9620253164556962,0.06329113924050633,0.06329113924050633,0.8164556962025317,0.5379746835443038,0.35443037974683544
-211.906181,158,13367.838383,3.0,0.9831223628691982,0.06540084388185653,0.06540084388185653,0.7974683544303798,0.5506329113924051,0.34810126582278483
-284.897191,158,13370.90538,6.0,0.9620253164556962,0.06329113924050633,0.056962025316455694,0.810126582278481,0.5759493670886076,0.3860759493670886
-332.380264,158,13373.934198,26.0,0.844469559975889,0.08016877637130801,0.04824191279887482,0.8354430379746836,0.4810126582278481,0.31645569620253167
-331.769601,158,13377.058416,37.0,0.7746835443037975,0.08755274261603375,0.036829415310427965,0.8417721518987342,0.4873417721518987,0.3291139240506329
-340.443911,158,13380.154284,50.0,0.6918324291742013,0.07911392405063292,0.010372714486638537,0.8354430379746836,0.45569620253164556,0.2911392405063291
-357.764223,158,13383.260151,27.0,0.8359704641350212,0.07911392405063292,0.04113924050632911,0.8354430379746836,0.5126582278481012,0.34810126582278483
-380.572515,158,13386.373699,32.0,0.8032700421940928,0.0759493670886076,0.03955696202531646,0.8037974683544303,0.5569620253164557,0.36075949367088606
-389.143076,158,13389.518755,50.0,0.6879746835443038,0.07489451476793248,0.04630801687763713,0.8544303797468354,0.4620253164556962,0.31645569620253167
-411.924719,158,13392.63483,35.0,0.7854430379746835,0.0759493670886076,0.04686558167570826,0.8417721518987342,0.37341772151898733,0.21518987341772153
-429.184623,158,13395.720807,40.0,0.7626582278481012,0.08966244725738397,0.053164556962025315,0.8607594936708861,0.33544303797468356,0.1962025316455696
-432.703734,158,13398.819003,33.0,0.7979957805907173,0.0780590717299578,0.04303797468354431,0.8481012658227848,0.34177215189873417,0.189873417721519
-441.449888,158,13401.861182,44.0,0.7294906570223026,0.08438818565400844,0.04220916214587101,0.8354430379746836,0.34810126582278483,0.18354430379746836
-440.203533,158,13404.97522,40.0,0.75375226039783,0.0780590717299578,0.04041591320072333,0.8481012658227848,0.3291139240506329,0.17721518987341772
-408.453232,158,13408.112488,39.0,0.7626582278481012,0.0780590717299578,0.04294755877034358,0.8291139240506329,0.35443037974683544,0.18354430379746836
-461.995756,158,13411.182583,34.0,0.7911392405063291,0.07278481012658228,0.0390295358649789,0.8164556962025317,0.33544303797468356,0.1518987341772152
-468.088653,158,13414.252798,32.0,0.7999547920433996,0.06856540084388185,0.0350210970464135,0.7911392405063291,0.36075949367088606,0.1518987341772152
-452.320749,158,13417.380955,27.0,0.8360307414104883,0.07489451476793248,0.039993972272453285,0.8164556962025317,0.4620253164556962,0.27848101265822783
-454.804802,158,13420.435124,30.0,0.819620253164557,0.07278481012658228,0.04113924050632911,0.8227848101265823,0.43670886075949367,0.25949367088607594
-449.468012,158,13423.543343,24.0,0.8570675105485231,0.07911392405063292,0.048945147679324896,0.8227848101265823,0.4810126582278481,0.3037974683544304
-430.540864,158,13426.677061,18.0,0.8873417721518987,0.06540084388185653,0.03322784810126582,0.8417721518987342,0.3670886075949367,0.2088607594936709
-474.162178,158,13429.746508,20.0,0.875,0.06645569620253164,0.040084388185654005,0.8544303797468354,0.33544303797468356,0.189873417721519
-456.160753,158,13432.855617,30.0,0.8122362869198313,0.06856540084388185,0.021976090014064698,0.8417721518987342,0.3037974683544304,0.14556962025316456
-470.365324,158,13435.937706,19.0,0.879746835443038,0.06329113924050633,0.03164556962025317,0.8164556962025317,0.33544303797468356,0.1518987341772152
-449.048882,158,13438.968524,22.0,0.8620253164556961,0.06645569620253164,0.0461121157323689,0.8037974683544303,0.3860759493670886,0.189873417721519
-443.7887,158,13442.032747,25.0,0.8438818565400843,0.06645569620253164,0.053164556962025315,0.7974683544303798,0.37341772151898733,0.17088607594936708
-467.923767,158,13445.098182,22.0,0.8628691983122362,0.06645569620253164,0.04683544303797468,0.8037974683544303,0.3670886075949367,0.17088607594936708
-454.843097,158,13448.189889,23.0,0.8575949367088608,0.06962025316455696,0.06118143459915611,0.8417721518987342,0.310126582278481,0.1518987341772152
-446.891403,158,13451.269505,28.0,0.8227848101265823,0.06329113924050633,0.056962025316455694,0.8544303797468354,0.2848101265822785,0.13924050632911392
-444.585505,158,13454.342311,36.0,0.8078661844484629,0.11286919831223628,0.09082278481012657,0.8544303797468354,0.2911392405063291,0.14556962025316456
-486.702125,158,13457.398816,49.0,0.7037974683544304,0.09388185654008438,0.05685654008438818,0.8354430379746836,0.2911392405063291,0.12658227848101267
-440.257442,158,13460.442841,65.0,0.6007383966244726,0.09071729957805906,0.059915611814345994,0.7974683544303798,0.3037974683544304,0.10126582278481013
-460.587035,158,13463.54661,71.0,0.5685126582278481,0.11075949367088607,0.06438115330520394,0.7784810126582279,0.34177215189873417,0.12025316455696203
-445.037576,158,13466.619935,46.0,0.730168776371308,0.10970464135021096,0.05864978902953586,0.7848101265822784,0.4177215189873418,0.20253164556962025
-482.088579,158,13469.653799,51.0,0.6816455696202531,0.07383966244725738,0.039451476793248945,0.7911392405063291,0.5189873417721519,0.310126582278481
-505.435374,158,13472.692054,36.0,0.7839662447257384,0.09071729957805906,0.05919228450874021,0.7974683544303798,0.4936708860759494,0.2911392405063291
-491.78678,158,13475.753854,61.0,0.6241561181434598,0.07911392405063292,0.05647980711271851,0.7911392405063291,0.3987341772151899,0.189873417721519
-348.630111,158,13478.89168,99.0,0.3916742013261001,0.10126582278481013,0.021554149085794658,0.8037974683544303,0.36075949367088606,0.16455696202531644
-489.757364,158,13481.95831,62.0,0.639451476793249,0.12869198312236285,0.06724478053591977,0.810126582278481,0.35443037974683544,0.16455696202531644
-496.794376,158,13485.271519,58.0,0.6478902953586498,0.08544303797468354,0.04092827004219409,0.810126582278481,0.34177215189873417,0.1518987341772152
-524.498867,158,13488.374051,59.0,0.6424050632911392,0.08122362869198312,0.054038577456298975,0.7974683544303798,0.2848101265822785,0.08227848101265822
-524.668407,158,13491.423299,43.0,0.7361362266425556,0.0780590717299578,0.04314345991561181,0.810126582278481,0.2911392405063291,0.10126582278481013
-432.17946,158,13494.486736,56.0,0.6561181434599156,0.08122362869198312,0.053194695599758895,0.8354430379746836,0.2721518987341772,0.10759493670886076
-413.979202,158,13497.573956,49.0,0.6930379746835443,0.06645569620253164,0.03481012658227848,0.8860759493670886,0.25949367088607594,0.14556962025316456
-334.267408,158,13500.658348,56.0,0.666350210970464,0.1160337552742616,0.06341169379144063,0.9050632911392406,0.24050632911392406,0.14556962025316456
-300.158521,158,13503.716215,46.0,0.7158227848101265,0.0780590717299578,0.045876486382815496,0.8924050632911392,0.2468354430379747,0.13924050632911392
-207.569841,158,13506.800744,36.0,0.7786919831223629,0.07172995780590717,0.05158227848101266,0.8860759493670886,0.26582278481012656,0.1518987341772152
-185.198872,158,13509.840078,32.0,0.8006329113924051,0.06645569620253164,0.06645569620253164,0.8924050632911392,0.2848101265822785,0.17721518987341772
-226.023818,158,13512.917678,51.0,0.684282700421941,0.07489451476793248,0.040204942736588305,0.9050632911392406,0.2848101265822785,0.189873417721519
-278.447139,158,13515.969231,22.0,0.8662447257383967,0.07172995780590717,0.06360759493670887,0.9177215189873418,0.2848101265822785,0.20253164556962025
-303.984671,158,13518.995985,22.0,0.8628691983122362,0.06645569620253164,0.04683544303797468,0.8670886075949367,0.2911392405063291,0.15822784810126583
-279.860869,158,13522.052663,13.0,0.9177215189873418,0.06329113924050633,0.06329113924050633,0.8037974683544303,0.3924050632911392,0.1962025316455696
-225.289526,158,13525.074925,21.0,0.8670886075949367,0.06329113924050633,0.06329113924050633,0.7974683544303798,0.5822784810126582,0.379746835443038
-265.444091,158,13528.115305,6.0,0.9620253164556962,0.06329113924050633,0.06329113924050633,0.8037974683544303,0.6329113924050633,0.43670886075949367
-269.830547,158,13531.155555,15.0,0.9050632911392406,0.06329113924050633,0.06329113924050633,0.7974683544303798,0.620253164556962,0.4177215189873418
-379.668579,158,13534.267007,29.0,0.8185654008438817,0.06540084388185653,0.06540084388185653,0.810126582278481,0.5189873417721519,0.3291139240506329
-404.255183,158,13537.312202,44.0,0.7270042194092826,0.06962025316455696,0.06276371308016877,0.810126582278481,0.5,0.310126582278481
-440.223524,158,13540.359895,58.0,0.644409282700422,0.08966244725738397,0.06476793248945148,0.8164556962025317,0.46835443037974683,0.2848101265822785
-437.636242,158,13543.393221,49.0,0.7012130801687764,0.08649789029535865,0.07510548523206752,0.7974683544303798,0.45569620253164556,0.25316455696202533
-445.218776,158,13546.437077,64.0,0.6093881856540084,0.0949367088607595,0.07968655816757082,0.8164556962025317,0.43037974683544306,0.2468354430379747
-413.240275,158,13549.513153,53.0,0.6882911392405063,0.11075949367088607,0.09358594991506382,0.8037974683544303,0.37341772151898733,0.17721518987341772
-434.792943,158,13552.581555,75.0,0.5341922845087402,0.08227848101265822,0.037110709262607997,0.8037974683544303,0.35443037974683544,0.15822784810126583
-417.326499,158,13555.597407,65.0,0.600632911392405,0.07700421940928269,0.0502260397830018,0.7721518987341772,0.33544303797468356,0.10759493670886076
-483.726178,158,13558.671204,41.0,0.7466847498493069,0.07489451476793248,0.05748945147679324,0.7848101265822784,0.3227848101265823,0.10759493670886076
-500.304452,158,13561.754681,42.0,0.7467299578059072,0.08649789029535863,0.07438215792646173,0.7974683544303798,0.33544303797468356,0.13291139240506328
-515.605348,158,13564.830636,33.0,0.7969409282700423,0.07911392405063292,0.06265822784810127,0.8164556962025317,0.3037974683544304,0.12025316455696203
-503.432863,158,13567.896345,53.0,0.6693037974683544,0.06962025316455696,0.03691983122362869,0.879746835443038,0.25316455696202533,0.13291139240506328
-283.532268,158,13571.069297,112.0,0.33863773357444243,0.16983122362869196,0.06339160136628491,0.8544303797468354,0.25949367088607594,0.11392405063291139
-494.414493,158,13574.200816,62.0,0.6179324894514768,0.08860759493670886,0.05826346649131459,0.8544303797468354,0.2911392405063291,0.14556962025316456
-488.80948,158,13577.274888,61.0,0.617879746835443,0.07489451476793248,0.05009589566551592,0.8291139240506329,0.34177215189873417,0.17088607594936708
-388.54245,158,13580.284689,19.0,0.8808016877637131,0.06856540084388185,0.049929676511955,0.810126582278481,0.4050632911392405,0.21518987341772153
-411.927308,158,13583.314502,15.0,0.909282700421941,0.06856540084388185,0.06160337552742617,0.810126582278481,0.379746835443038,0.189873417721519
-401.169553,158,13586.280462,4.0,0.9746835443037974,0.06645569620253164,0.06118143459915611,0.8227848101265823,0.37341772151898733,0.1962025316455696
-416.796266,158,13589.269843,21.0,0.8744725738396624,0.0759493670886076,0.0661392405063291,0.810126582278481,0.4177215189873418,0.22784810126582278
-431.490469,158,13592.274632,12.0,0.9261603375527425,0.06962025316455696,0.06645569620253164,0.8354430379746836,0.379746835443038,0.21518987341772153
-461.039305,158,13595.273176,10.0,0.9419831223628691,0.07278481012658228,0.06371308016877637,0.879746835443038,0.33544303797468356,0.21518987341772153
-486.680672,158,13598.362299,27.0,0.8343881856540083,0.06962025316455696,0.05,0.8544303797468354,0.35443037974683544,0.2088607594936709
-484.523984,158,13601.445412,47.0,0.710126582278481,0.08333333333333333,0.04672995780590717,0.8227848101265823,0.44936708860759494,0.2721518987341772
-465.215389,158,13604.512863,43.0,0.745253164556962,0.09599156118143458,0.052652200120554556,0.8607594936708861,0.44936708860759494,0.310126582278481
-467.122777,158,13607.560429,39.0,0.7693640747438216,0.09388185654008438,0.054882459312839055,0.8354430379746836,0.4240506329113924,0.25949367088607594
-422.259746,158,13610.594281,85.0,0.4777426160337552,0.09282700421940927,0.03927064496684749,0.8291139240506329,0.43037974683544306,0.25949367088607594
-454.928443,158,13613.636412,67.0,0.5873417721518988,0.08544303797468354,0.03304701627486438,0.8354430379746836,0.43670886075949367,0.2721518987341772
-475.744194,158,13616.675026,48.0,0.704535864978903,0.08860759493670886,0.051295961422543696,0.810126582278481,0.43670886075949367,0.2468354430379747
-479.238492,158,13619.704312,34.0,0.7944620253164557,0.07911392405063292,0.06151295961422543,0.8164556962025317,0.3860759493670886,0.20253164556962025
-469.222901,158,13622.725533,27.0,0.8422995780590716,0.07911392405063292,0.06350210970464135,0.8037974683544303,0.3987341772151899,0.20253164556962025
-373.122527,158,13625.729585,29.0,0.8253164556962024,0.08438818565400844,0.06353224834237492,0.7974683544303798,0.37341772151898733,0.17088607594936708
-372.333516,158,13628.892603,83.0,0.5030666063893912,0.13291139240506328,0.07879290189416771,0.8164556962025317,0.3291139240506329,0.14556962025316456
-410.620696,158,13632.022599,68.0,0.6025316455696202,0.12130801687763712,0.07427667269439421,0.7911392405063291,0.36075949367088606,0.1518987341772152
-385.612144,158,13635.139386,79.0,0.520090141925585,0.09388185654008438,0.06305003013863773,0.7721518987341772,0.4430379746835443,0.21518987341772153
-509.307219,158,13638.172064,31.0,0.8095991561181435,0.0780590717299578,0.06856540084388185,0.759493670886076,0.5316455696202531,0.2911392405063291
-491.73772,158,13641.187738,39.0,0.7563291139240507,0.06962025316455696,0.010548523206751054,0.759493670886076,0.5253164556962026,0.2848101265822785
-530.444922,158,13644.240907,22.0,0.8607594936708861,0.06329113924050633,0.03164556962025317,0.759493670886076,0.4873417721518987,0.2468354430379747
-462.457637,158,13647.324956,8.0,0.9514767932489451,0.06962025316455696,0.060126582278481014,0.759493670886076,0.5063291139240507,0.26582278481012656
-466.367088,158,13650.40328,5.0,0.9683544303797469,0.06329113924050633,0.06329113924050633,0.7721518987341772,0.36075949367088606,0.13291139240506328
-492.502035,158,13653.442291,4.0,0.9767932489451475,0.06751054852320675,0.06856540084388185,0.8037974683544303,0.34177215189873417,0.14556962025316456
-490.092564,158,13656.507831,11.0,0.9316455696202531,0.06540084388185653,0.06487341772151899,0.810126582278481,0.3037974683544304,0.11392405063291139
-455.876443,158,13659.615789,19.0,0.8823839662447257,0.07172995780590717,0.06690777576853527,0.8291139240506329,0.310126582278481,0.13924050632911392
-416.439028,158,13662.680074,27.0,0.8322784810126582,0.06962025316455696,0.035864978902953586,0.8734177215189873,0.27848101265822783,0.1518987341772152
-423.333116,158,13665.997216,20.0,0.8744725738396626,0.06962025316455696,0.03345388788426763,0.8670886075949367,0.26582278481012656,0.13291139240506328
-375.662664,158,13669.081057,59.0,0.6542194092827004,0.09440928270042194,0.08095238095238096,0.8291139240506329,0.25949367088607594,0.08860759493670886
-366.181889,158,13672.181575,59.0,0.6313291139240507,0.07172995780590717,0.018685955394816156,0.8607594936708861,0.25316455696202533,0.11392405063291139
-416.214534,158,13675.194342,18.0,0.8860759493670886,0.06329113924050633,0.0379746835443038,0.9050632911392406,0.24050632911392406,0.14556962025316456
-404.458493,158,13678.265035,22.0,0.8607594936708861,0.06329113924050633,0.03164556962025317,0.8924050632911392,0.24050632911392406,0.13291139240506328
-408.901606,158,13681.330883,20.0,0.8742088607594937,0.06645569620253164,0.05189873417721518,0.879746835443038,0.24050632911392406,0.12025316455696203
-425.640271,158,13684.414009,21.0,0.870253164556962,0.06856540084388185,0.0510548523206751,0.810126582278481,0.2911392405063291,0.10126582278481013
-433.201837,158,13687.437798,12.0,0.9261603375527425,0.06645569620253164,0.06582278481012659,0.7974683544303798,0.3670886075949367,0.16455696202531644
-436.951233,158,13690.518537,11.0,0.931434599156118,0.06645569620253164,0.06487341772151899,0.8037974683544303,0.379746835443038,0.18354430379746836
-441.831336,158,13693.604628,4.0,0.9746835443037974,0.06329113924050633,0.06329113924050633,0.7911392405063291,0.4177215189873418,0.2088607594936709
-439.128174,158,13696.689146,13.0,0.9224683544303798,0.07172995780590717,0.06835443037974684,0.7974683544303798,0.4430379746835443,0.24050632911392406
-369.73229,158,13699.784428,36.0,0.7732067510548524,0.06962025316455696,0.03345388788426763,0.7658227848101266,0.4873417721518987,0.25316455696202533
-407.046376,158,13702.835927,36.0,0.7774261603375529,0.0759493670886076,0.07044404259594132,0.759493670886076,0.4810126582278481,0.24050632911392406
-356.470673,158,13705.933839,39.0,0.756276371308017,0.07172995780590717,0.061442636126180436,0.7848101265822784,0.47468354430379744,0.25949367088607594
-389.45324,158,13709.057739,47.0,0.7135724331926864,0.08755274261603375,0.06466792700969917,0.7721518987341772,0.5126582278481012,0.2848101265822785
-436.784986,158,13712.143095,46.0,0.7238045007032349,0.09599156118143459,0.06742013261000603,0.7784810126582279,0.5316455696202531,0.310126582278481
-445.302501,158,13715.234698,39.0,0.7616033755274262,0.0759493670886076,0.050246132208157525,0.7974683544303798,0.4873417721518987,0.2848101265822785
-424.025633,158,13718.299311,12.0,0.9287974683544303,0.06962025316455696,0.06223628691983121,0.8164556962025317,0.4430379746835443,0.25949367088607594
-462.640765,158,13721.373013,21.0,0.8727848101265823,0.08544303797468354,0.08167570825798673,0.810126582278481,0.3924050632911392,0.20253164556962025
-365.892962,158,13724.465331,52.0,0.6988396624472574,0.10443037974683544,0.08028933092224232,0.7848101265822784,0.4873417721518987,0.2721518987341772
-461.27853,158,13727.595006,43.0,0.7289029535864979,0.0780590717299578,0.05560578661844484,0.7848101265822784,0.45569620253164556,0.24050632911392406
-511.544439,158,13730.702689,52.0,0.6724683544303798,0.06540084388185653,0.039783001808318265,0.8354430379746836,0.36075949367088606,0.1962025316455696
-494.845277,158,13733.849228,44.0,0.7308619650391802,0.07911392405063292,0.07461322081575246,0.8607594936708861,0.310126582278481,0.17088607594936708
-476.730355,158,13736.91082,37.0,0.7699367088607595,0.0759493670886076,0.06943942133815552,0.8860759493670886,0.31645569620253167,0.20253164556962025
-399.726005,158,13740.000111,60.0,0.6416214587100664,0.09915611814345993,0.08621659634317862,0.8164556962025317,0.3227848101265823,0.13924050632911392
-397.080717,158,13743.106954,63.0,0.6095991561181434,0.08438818565400844,0.04590114526823388,0.7848101265822784,0.37341772151898733,0.15822784810126583
-392.895904,158,13746.223727,67.0,0.5969760900140647,0.11392405063291139,0.06089009443439823,0.8227848101265823,0.3291139240506329,0.1518987341772152
-419.202256,158,13749.304326,68.0,0.5855033152501508,0.09282700421940927,0.02517580872011252,0.8670886075949367,0.27848101265822783,0.14556962025316456
-476.824256,158,13752.360014,73.0,0.5536919831223629,0.10126582278481013,0.04452983725135624,0.8544303797468354,0.2848101265822785,0.13924050632911392
-496.973638,158,13755.454054,66.0,0.6018535262206148,0.10443037974683544,0.044580068314245526,0.8291139240506329,0.310126582278481,0.13924050632911392
-469.439963,158,13758.50729,58.0,0.6456751054852321,0.10126582278481013,0.054545911191480806,0.8544303797468354,0.36075949367088606,0.21518987341772153
-489.878076,158,13761.586592,32.0,0.8111814345991563,0.08649789029535865,0.04451476793248945,0.8670886075949367,0.33544303797468356,0.20253164556962025
-513.177157,158,13764.660083,26.0,0.8370253164556962,0.06645569620253164,0.040084388185654005,0.8164556962025317,0.3291139240506329,0.14556962025316456
-504.066302,158,13767.695634,31.0,0.8066455696202531,0.06856540084388185,0.022603978300180832,0.7721518987341772,0.3291139240506329,0.10126582278481013
-488.082769,158,13770.729508,32.0,0.8055907172995781,0.08227848101265822,0.03259493670886076,0.7784810126582279,0.310126582278481,0.08860759493670886
-498.776842,158,13773.76412,20.0,0.879746835443038,0.07489451476793248,0.06195499296765119,0.7848101265822784,0.379746835443038,0.16455696202531644
-482.822668,158,13776.811958,6.0,0.9620253164556962,0.06329113924050633,0.05063291139240506,0.8037974683544303,0.3924050632911392,0.1962025316455696
-510.506718,158,13779.882018,12.0,0.9240506329113924,0.06329113924050633,0.04430379746835443,0.8227848101265823,0.33544303797468356,0.15822784810126583
-441.657059,158,13782.906842,9.0,0.9430379746835443,0.06329113924050633,0.05063291139240506,0.8670886075949367,0.2974683544303797,0.16455696202531644
-516.41601,158,13785.947825,16.0,0.9018987341772152,0.06645569620253164,0.060126582278481014,0.810126582278481,0.310126582278481,0.12025316455696203
-513.494231,158,13788.978733,29.0,0.820886075949367,0.06856540084388185,0.03598553345388788,0.7721518987341772,0.44936708860759494,0.22151898734177214
-497.944242,158,13792.050346,38.0,0.7651898734177216,0.0780590717299578,0.06509945750452079,0.810126582278481,0.3924050632911392,0.20253164556962025
-508.524943,158,13795.069921,42.0,0.7407172995780591,0.08227848101265822,0.047362869198312244,0.7784810126582279,0.4240506329113924,0.20253164556962025
-480.361732,158,13798.12961,20.0,0.8767932489451477,0.07172995780590717,0.06751054852320676,0.7721518987341772,0.4240506329113924,0.1962025316455696
-491.109002,158,13801.08543,39.0,0.7639240506329114,0.0780590717299578,0.06793248945147679,0.7911392405063291,0.379746835443038,0.17088607594936708
-488.042402,158,13804.099988,32.0,0.79957805907173,0.06540084388185653,0.0590717299578059,0.7911392405063291,0.379746835443038,0.17088607594936708
-509.553159,158,13807.110741,30.0,0.8122362869198313,0.06645569620253164,0.059493670886075954,0.810126582278481,0.3860759493670886,0.1962025316455696
-499.601161,158,13810.077134,13.0,0.9177215189873418,0.06329113924050633,0.06329113924050633,0.8291139240506329,0.34810126582278483,0.17721518987341772
-485.00311,158,13813.160266,27.0,0.8386075949367089,0.08544303797468354,0.07046413502109704,0.8227848101265823,0.3227848101265823,0.14556962025316456
-464.875589,158,13816.215327,22.0,0.8686708860759493,0.07911392405063292,0.05485232067510548,0.8227848101265823,0.34810126582278483,0.17088607594936708
-415.998016,158,13819.252512,44.0,0.7329189270644967,0.09599156118143459,0.05618846694796062,0.7911392405063291,0.41139240506329117,0.20253164556962025
-406.900668,158,13822.278648,53.0,0.6800632911392405,0.09599156118143459,0.04495177817962628,0.7911392405063291,0.4873417721518987,0.27848101265822783
-361.851159,158,13825.284758,60.0,0.6326476793248946,0.08755274261603375,0.02742616033755274,0.7911392405063291,0.5506329113924051,0.34177215189873417
-409.817715,158,13828.325306,42.0,0.7483122362869198,0.09177215189873418,0.053541289933694995,0.7911392405063291,0.4936708860759494,0.2848101265822785
-404.515449,158,13831.426146,39.0,0.7600210970464135,0.07278481012658228,0.039451476793248945,0.8354430379746836,0.37341772151898733,0.2088607594936709
-454.121834,158,13834.497033,36.0,0.7782700421940928,0.0759493670886076,0.026913803496081978,0.8417721518987342,0.3037974683544304,0.14556962025316456
-421.04532,158,13837.580295,47.0,0.7154008438818567,0.08438818565400844,0.0530590717299578,0.8227848101265823,0.33544303797468356,0.15822784810126583
-460.066665,158,13840.684409,42.0,0.746308016877637,0.08016877637130801,0.06371308016877637,0.8037974683544303,0.3670886075949367,0.17088607594936708
-433.099897,158,13843.756424,50.0,0.7056057866184449,0.10970464135021096,0.08721117138838658,0.8227848101265823,0.3987341772151899,0.22151898734177214
-452.530919,158,13846.832442,17.0,0.90084388185654,0.0780590717299578,0.07320675105485232,0.8291139240506329,0.36075949367088606,0.189873417721519
-437.980052,158,13850.120562,29.0,0.8212025316455697,0.06962025316455696,0.05590717299578058,0.810126582278481,0.41139240506329117,0.22151898734177214
-436.391334,158,13853.179765,14.0,0.9113924050632911,0.06540084388185653,0.06645569620253164,0.7848101265822784,0.4430379746835443,0.22784810126582278
-480.634334,158,13856.275236,17.0,0.9036919831223629,0.08016877637130802,0.07640144665461121,0.7848101265822784,0.3860759493670886,0.17088607594936708
-459.925633,158,13859.302817,10.0,0.9367088607594937,0.06329113924050633,0.06329113924050633,0.7974683544303798,0.3670886075949367,0.16455696202531644
-456.216346,158,13862.319029,5.0,0.970464135021097,0.06540084388185653,0.06540084388185653,0.7848101265822784,0.4177215189873418,0.20253164556962025
-463.261387,158,13865.395616,3.0,0.9810126582278481,0.06329113924050633,0.06329113924050633,0.7974683544303798,0.4177215189873418,0.21518987341772153
-455.742847,158,13868.523384,17.0,0.8987341772151899,0.06962025316455696,0.056962025316455694,0.8037974683544303,0.33544303797468356,0.13924050632911392
-469.54426,158,13871.567364,30.0,0.814873417721519,0.07278481012658228,0.06962025316455696,0.7911392405063291,0.2974683544303797,0.08860759493670886
-468.872453,158,13874.684958,49.0,0.7008438818565402,0.08966244725738397,0.06205545509342977,0.810126582278481,0.2848101265822785,0.0949367088607595
-452.34824,158,13877.718733,58.0,0.6530590717299578,0.10548523206751054,0.06375828812537673,0.7911392405063291,0.27848101265822783,0.06962025316455696
-499.277781,158,13880.789043,61.0,0.6319168173598553,0.09599156118143458,0.04108398633715089,0.7848101265822784,0.3037974683544304,0.08860759493670886
-490.078927,158,13883.873855,60.0,0.6341420534458508,0.08860759493670886,0.015953842219665008,0.8354430379746836,0.2721518987341772,0.10759493670886076
-495.938261,158,13886.935663,44.0,0.7317510548523207,0.08438818565400844,0.030500301386377333,0.8481012658227848,0.27848101265822783,0.12658227848101267
-474.368627,158,13890.023541,30.0,0.810126582278481,0.06962025316455696,0.012658227848101266,0.8227848101265823,0.4050632911392405,0.22784810126582278
-433.265724,158,13893.085662,21.0,0.875,0.0759493670886076,0.05063291139240506,0.7974683544303798,0.6329113924050633,0.43037974683544306
-454.479915,158,13896.129944,25.0,0.8449367088607594,0.07172995780590717,0.053164556962025315,0.7658227848101266,0.7531645569620253,0.5189873417721519
-466.911324,158,13899.22865,39.0,0.7579113924050633,0.07278481012658228,0.0379746835443038,0.8164556962025317,0.6582278481012658,0.47468354430379744
-383.960772,158,13902.318558,82.0,0.4915611814345991,0.09388185654008438,0.05537015726889145,0.8860759493670886,0.43670886075949367,0.3227848101265823
-428.944856,158,13905.461964,87.0,0.4760676384094105,0.12869198312236285,0.05127130253712532,0.8860759493670886,0.2911392405063291,0.17721518987341772
-404.37928,158,13908.581453,101.0,0.38649789029535864,0.10443037974683544,0.04243520192887282,0.8354430379746836,0.2911392405063291,0.12658227848101267
-445.394643,158,13911.671188,76.0,0.5374472573839663,0.10232067510548522,0.040958408679927664,0.8227848101265823,0.34177215189873417,0.16455696202531644
-417.96275,158,13914.760665,61.0,0.6306962025316456,0.08755274261603375,0.01820721472620207,0.8291139240506329,0.3987341772151899,0.22784810126582278
-426.163304,158,13917.872093,57.0,0.6487341772151898,0.08016877637130801,0.017827004219409283,0.8227848101265823,0.37341772151898733,0.1962025316455696
-486.262084,158,13920.973035,60.0,0.6392405063291139,0.0970464135021097,0.046514877527535754,0.7784810126582279,0.34810126582278483,0.12658227848101267
-449.005734,158,13924.097342,66.0,0.5956751054852322,0.09915611814345991,0.023945147679324895,0.7784810126582279,0.3670886075949367,0.14556962025316456
-442.26477,158,13927.222216,66.0,0.6010548523206751,0.10126582278481013,0.044966847498493064,0.7911392405063291,0.3037974683544304,0.0949367088607595
-479.274639,158,13930.287198,34.0,0.799427365883062,0.0981012658227848,0.07297568816556159,0.7911392405063291,0.34177215189873417,0.13291139240506328
-500.984925,158,13933.339625,28.0,0.8289632308619651,0.07278481012658228,0.06406469760900141,0.7911392405063291,0.3924050632911392,0.18354430379746836
-493.387893,158,13936.393708,29.0,0.8217299578059071,0.07911392405063292,0.04789029535864979,0.7784810126582279,0.43670886075949367,0.21518987341772153
-476.734353,158,13939.4559,42.0,0.745253164556962,0.08860759493670886,0.04514767932489451,0.7848101265822784,0.4240506329113924,0.2088607594936709
-475.976144,158,13942.644026,60.0,0.6264767932489451,0.07489451476793248,0.03967751657625075,0.7911392405063291,0.4430379746835443,0.23417721518987342
-455.293163,158,13945.826487,61.0,0.6327606992163954,0.09388185654008438,0.05066807313642756,0.7848101265822784,0.45569620253164556,0.24050632911392406
-501.543711,158,13949.02675,65.0,0.5975738396624471,0.07489451476793248,0.022362869198312235,0.7974683544303798,0.3291139240506329,0.12658227848101267
-469.770932,158,13952.156438,73.0,0.5746835443037974,0.12447257383966243,0.07634116937914408,0.8037974683544303,0.3037974683544304,0.10759493670886076
-496.585037,158,13955.290393,55.0,0.6592827004219409,0.07700421940928269,0.0759493670886076,0.8037974683544303,0.35443037974683544,0.15822784810126583
-487.225512,158,13958.391184,46.0,0.7241561181434598,0.10126582278481013,0.09104882459312838,0.810126582278481,0.34177215189873417,0.1518987341772152
-482.907365,158,13961.519422,73.0,0.5571277878239904,0.11181434599156116,0.05986035764516777,0.8291139240506329,0.2848101265822785,0.11392405063291139
-500.395748,158,13964.644305,62.0,0.619198312236287,0.08755274261603375,0.031118143459915606,0.8417721518987342,0.27848101265822783,0.12025316455696203
-490.952801,158,13967.738054,50.0,0.6860759493670886,0.07383966244725738,0.04874924653405666,0.8734177215189873,0.2721518987341772,0.14556962025316456
-496.467906,158,13970.878882,47.0,0.7056962025316456,0.07172995780590717,0.053164556962025315,0.8607594936708861,0.2721518987341772,0.13291139240506328
-503.086907,158,13973.960989,66.0,0.5922619047619048,0.08438818565400844,0.037165963431786214,0.8417721518987342,0.2848101265822785,0.12658227848101267
-513.499379,158,13977.055068,59.0,0.645253164556962,0.09599156118143459,0.059930681133212774,0.8037974683544303,0.2848101265822785,0.08860759493670886
-487.191807,158,13980.135543,65.0,0.6122714486638536,0.10443037974683544,0.041606389391199525,0.8037974683544303,0.35443037974683544,0.15822784810126583
-475.203412,158,13983.199979,51.0,0.7003918022905364,0.10970464135021096,0.04145569620253165,0.7911392405063291,0.33544303797468356,0.12658227848101267
-480.007825,158,13986.350916,42.0,0.7447257383966244,0.08122362869198312,0.03839662447257384,0.8227848101265823,0.310126582278481,0.13291139240506328
-510.638719,158,13989.461445,43.0,0.7352320675105485,0.08016877637130801,0.03535262206148282,0.8291139240506329,0.3037974683544304,0.13291139240506328
-494.817994,158,13992.564672,35.0,0.7879746835443039,0.08438818565400844,0.044444444444444446,0.8354430379746836,0.35443037974683544,0.189873417721519
-505.292268,158,13995.594794,28.0,0.8259493670886076,0.06856540084388185,0.022679324894514765,0.8354430379746836,0.36075949367088606,0.1962025316455696
-508.726359,158,13998.699473,36.0,0.7843306482546989,0.08649789029535865,0.040250150693188665,0.810126582278481,0.3227848101265823,0.13291139240506328
-495.816789,158,14001.738076,65.0,0.6180379746835444,0.1239451476793249,0.06154309825195901,0.810126582278481,0.27848101265822783,0.08860759493670886
-541.370106,158,14004.816488,65.0,0.6102923447860157,0.10021097046413502,0.06133212778782399,0.810126582278481,0.31645569620253167,0.12658227848101267
-514.39946,158,14007.957876,67.0,0.5926763110307414,0.09018987341772151,0.08581018137980162,0.8037974683544303,0.2911392405063291,0.0949367088607595
-522.685208,158,14011.065039,62.0,0.6170886075949367,0.07700421940928269,0.06773658830620856,0.8164556962025317,0.25949367088607594,0.0759493670886076
-455.819056,158,14014.126938,98.0,0.4083132409081776,0.11181434599156116,0.06592370358193143,0.8164556962025317,0.2911392405063291,0.10759493670886076
-477.434138,158,14017.214664,86.0,0.48307715491259795,0.12025316455696203,0.057740606791239706,0.7784810126582279,0.37341772151898733,0.1518987341772152
-519.801929,158,14020.308224,62.0,0.6237821250479478,0.09177215189873418,0.0547862475077665,0.7784810126582279,0.4240506329113924,0.20253164556962025
-489.126985,158,14023.602118,71.0,0.5793248945147679,0.11497890295358648,0.07185051235684146,0.8164556962025317,0.3924050632911392,0.2088607594936709
-503.84007,158,14026.692732,37.0,0.7751732971669679,0.08755274261603375,0.04992465340566607,0.810126582278481,0.43037974683544306,0.24050632911392406
-498.012635,158,14029.764701,28.0,0.8306962025316456,0.07172995780590717,0.039451476793248945,0.7658227848101266,0.4430379746835443,0.2088607594936709
-523.230626,158,14032.821683,35.0,0.7869198312236286,0.0780590717299578,0.06763110307414105,0.759493670886076,0.4177215189873418,0.17721518987341772
-497.397969,158,14035.902521,41.0,0.7449367088607595,0.07489451476793248,0.056660638939119955,0.7721518987341772,0.4620253164556962,0.23417721518987342
-511.372102,158,14038.999057,49.0,0.7088080168776371,0.0949367088607595,0.067209162145871,0.7784810126582279,0.3860759493670886,0.16455696202531644
-494.523267,158,14042.128134,53.0,0.7010548523206751,0.12341772151898735,0.0642706449668475,0.7974683544303798,0.33544303797468356,0.13291139240506328
-479.824785,158,14045.236502,56.0,0.6627637130801687,0.0981012658227848,0.04429375125577657,0.8227848101265823,0.310126582278481,0.13291139240506328
-434.420034,158,14048.36348,63.0,0.6316706851516978,0.10917721518987342,0.06696850969002868,0.8291139240506329,0.3227848101265823,0.1518987341772152
-464.703069,158,14051.450165,51.0,0.6864978902953587,0.08649789029535865,0.03501105083383564,0.8037974683544303,0.3670886075949367,0.17088607594936708
-516.472753,158,14054.564372,47.0,0.7078059071729957,0.07172995780590717,0.012778782399035564,0.7848101265822784,0.3924050632911392,0.17721518987341772
-495.621856,158,14057.710099,63.0,0.6135724331926864,0.08438818565400844,0.014556962025316455,0.8227848101265823,0.310126582278481,0.13291139240506328
-486.782268,158,14060.798132,61.0,0.62415611814346,0.08544303797468354,0.03442334739803094,0.8481012658227848,0.310126582278481,0.15822784810126583
-470.710854,158,14063.858371,45.0,0.7241561181434598,0.08333333333333333,0.05954390194896524,0.879746835443038,0.310126582278481,0.189873417721519
-401.127552,158,14066.985166,48.0,0.7037974683544304,0.0780590717299578,0.04459359206194649,0.8670886075949367,0.3227848101265823,0.189873417721519
-447.602267,158,14070.114113,73.0,0.5532700421940928,0.08966244725738397,0.03251959011452682,0.8481012658227848,0.3227848101265823,0.17088607594936708
-433.920456,158,14073.29852,97.0,0.42443490054249544,0.1429324894514768,0.05683644765923247,0.8481012658227848,0.35443037974683544,0.20253164556962025
-314.55177,158,14076.441741,118.0,0.28223327305605783,0.11023206751054851,0.03763813542294554,0.8291139240506329,0.3987341772151899,0.22784810126582278
-97.341325,158,14079.665047,149.0,0.1061181434599156,0.160337552742616,0.07087602973678923,0.8417721518987342,0.4240506329113924,0.26582278481012656
-329.838254,158,14082.790715,100.0,0.4093881856540085,0.13080168776371306,0.08040029590662501,0.8164556962025317,0.4810126582278481,0.2974683544303797
-421.988561,158,14085.896387,74.0,0.5609779987944545,0.12658227848101267,0.07381957002210165,0.8037974683544303,0.43670886075949367,0.24050632911392406
-454.402576,158,14089.01507,89.0,0.47334739803094233,0.12447257383966243,0.044420242205052335,0.8291139240506329,0.3227848101265823,0.1518987341772152
-477.355041,158,14092.136497,73.0,0.5674804098854732,0.13291139240506328,0.0581525015069319,0.7784810126582279,0.37341772151898733,0.1518987341772152
-466.057013,158,14095.268288,48.0,0.6997689371107093,0.07383966244725738,0.02421685206495333,0.7784810126582279,0.5,0.27848101265822783
-424.919438,158,14098.406971,72.0,0.566365280289331,0.11075949367088607,0.05251155314446453,0.7974683544303798,0.4050632911392405,0.20253164556962025
-491.367355,158,14101.576977,81.0,0.5062236286919831,0.0981012658227848,0.05101466747036367,0.8291139240506329,0.34177215189873417,0.17088607594936708
-507.705218,158,14104.71339,61.0,0.6408227848101266,0.10232067510548522,0.056660638939119955,0.8481012658227848,0.33544303797468356,0.18354430379746836
-482.244502,158,14107.838269,42.0,0.7481012658227847,0.08966244725738397,0.024201326100060278,0.810126582278481,0.3924050632911392,0.20253164556962025
-448.177449,158,14110.95213,37.0,0.7753164556962026,0.07700421940928269,0.042616033755274264,0.8481012658227848,0.379746835443038,0.22784810126582278
-414.073022,158,14113.997209,59.0,0.6373066104078763,0.08122362869198312,0.04447960618846695,0.8670886075949367,0.33544303797468356,0.20253164556962025
-359.77082,158,14117.118893,91.0,0.44116435603777376,0.10443037974683544,0.029491113668328857,0.8860759493670886,0.3291139240506329,0.21518987341772153
-390.33844,158,14120.241769,100.0,0.3921589310829817,0.11392405063291139,0.032385336182804536,0.8544303797468354,0.3227848101265823,0.17721518987341772
-367.909947,158,14123.330019,104.0,0.36054852320675107,0.10126582278481013,0.02325195901145268,0.879746835443038,0.34177215189873417,0.22151898734177214
-481.986391,158,14126.409903,77.0,0.520253164556962,0.07489451476793249,0.04050632911392405,0.8860759493670886,0.36075949367088606,0.2468354430379747
-505.541722,158,14129.484004,79.0,0.5121308016877637,0.08544303797468354,0.04029535864978903,0.879746835443038,0.3670886075949367,0.2468354430379747
-481.861035,158,14132.585692,59.0,0.629957805907173,0.08122362869198312,0.05286317058468956,0.8607594936708861,0.33544303797468356,0.1962025316455696
-456.078123,158,14135.700299,77.0,0.5289029535864979,0.09282700421940927,0.026265822784810128,0.8291139240506329,0.37341772151898733,0.20253164556962025
-517.00866,158,14138.806855,55.0,0.6563291139240507,0.0759493670886076,0.03164556962025317,0.8481012658227848,0.379746835443038,0.22784810126582278
-524.306162,158,14141.921316,55.0,0.665084388185654,0.08544303797468354,0.03399638336347197,0.8860759493670886,0.34810126582278483,0.23417721518987342
-525.230642,158,14145.004471,49.0,0.7003164556962026,0.08016877637130801,0.018856741008639745,0.8860759493670886,0.2974683544303797,0.18354430379746836
-506.475293,158,14148.125311,46.0,0.7191455696202531,0.08333333333333333,0.016279887482419125,0.8860759493670886,0.35443037974683544,0.24050632911392406
-512.128295,158,14151.257797,56.0,0.6518535262206148,0.0780590717299578,0.014978902953586495,0.8607594936708861,0.3670886075949367,0.22784810126582278
-500.389829,158,14154.387951,52.0,0.6869198312236287,0.08333333333333333,0.02344786015672092,0.8607594936708861,0.37341772151898733,0.23417721518987342
-464.519719,158,14157.477203,41.0,0.7584990958408679,0.08966244725738397,0.03345388788426763,0.8291139240506329,0.4620253164556962,0.2911392405063291
-505.239832,158,14160.561793,31.0,0.810126582278481,0.06962025316455696,0.03779385171790235,0.8164556962025317,0.43037974683544306,0.2468354430379747
-541.407589,158,14163.603154,24.0,0.8517932489451475,0.06751054852320675,0.022905364677516575,0.8227848101265823,0.3924050632911392,0.21518987341772153
-523.529395,158,14166.625679,46.0,0.7221167369901547,0.08755274261603375,0.047612935587619136,0.8354430379746836,0.3670886075949367,0.20253164556962025
-505.472633,158,14169.682737,59.0,0.640295358649789,0.09071729957805906,0.05200421940928269,0.8607594936708861,0.34177215189873417,0.20253164556962025
-484.91388,158,14172.821715,76.0,0.5484428370504321,0.12025316455696203,0.038120810272709006,0.8164556962025317,0.34810126582278483,0.16455696202531644
-544.508833,158,14175.875144,23.0,0.8591772151898734,0.07489451476793249,0.03146473779385172,0.8227848101265823,0.3227848101265823,0.14556962025316456
-533.105171,158,14178.999595,17.0,0.8955696202531646,0.06540084388185653,0.03417721518987342,0.8354430379746836,0.2974683544303797,0.13291139240506328
-556.48317,158,14182.086176,24.0,0.8533755274261602,0.06751054852320675,0.042616033755274264,0.8417721518987342,0.2721518987341772,0.11392405063291139
-507.604389,158,14185.18177,30.0,0.8175105485232067,0.07911392405063292,0.03839662447257384,0.8544303797468354,0.3227848101265823,0.17721518987341772
-524.657419,158,14188.281103,24.0,0.8512658227848101,0.06540084388185653,0.04050632911392405,0.8544303797468354,0.3227848101265823,0.17721518987341772
-526.212326,158,14191.56148,24.0,0.8533755274261604,0.07383966244725738,0.056329113924050635,0.8544303797468354,0.3037974683544304,0.15822784810126583
-529.110613,158,14194.635937,25.0,0.847837552742616,0.07911392405063292,0.023980309423347397,0.8354430379746836,0.3227848101265823,0.15822784810126583
-500.522034,158,14197.728211,32.0,0.8032172995780591,0.0780590717299578,0.024478053591977644,0.8291139240506329,0.3291139240506329,0.15822784810126583
-512.695991,158,14200.847318,40.0,0.7489451476793249,0.07278481012658228,0.0073839662447257376,0.810126582278481,0.3037974683544304,0.11392405063291139
-430.025537,158,14204.005004,91.0,0.45537974683544297,0.10443037974683544,0.043701024713682944,0.8037974683544303,0.34810126582278483,0.1518987341772152
-429.758889,158,14207.163384,76.0,0.5476793248945148,0.12974683544303797,0.07626582278481012,0.8037974683544303,0.33544303797468356,0.13924050632911392
-349.79114,158,14210.23828,96.0,0.44715189873417727,0.1413502109704641,0.07328209764918625,0.7911392405063291,0.5316455696202531,0.3227848101265823
-371.867592,158,14213.340894,49.0,0.6925105485232067,0.08016877637130801,0.04962829013461925,0.8291139240506329,0.34177215189873417,0.17088607594936708
-316.137188,158,14216.542015,60.0,0.6265822784810127,0.07700421940928269,0.04472573839662446,0.8607594936708861,0.33544303797468356,0.1962025316455696
-294.096375,158,14219.646871,67.0,0.579746835443038,0.06962025316455696,0.035864978902953586,0.8670886075949367,0.26582278481012656,0.13291139240506328
-354.872174,158,14222.704319,66.0,0.6032348804500702,0.10337552742616032,0.0829018028385117,0.8924050632911392,0.27848101265822783,0.17088607594936708
-421.688141,158,14225.714446,24.0,0.8512658227848101,0.06540084388185653,0.04683544303797468,0.8860759493670886,0.2974683544303797,0.18354430379746836
-396.601583,158,14228.756624,8.0,0.9493670886075949,0.06329113924050633,0.05063291139240506,0.8607594936708861,0.31645569620253167,0.17721518987341772
-442.410479,158,14231.895496,20.0,0.8734177215189873,0.06645569620253164,0.04852320675105485,0.8164556962025317,0.4810126582278481,0.2974683544303797
-478.535052,158,14234.927543,46.0,0.7141350210970464,0.06962025316455696,0.018354430379746836,0.7974683544303798,0.5506329113924051,0.34810126582278483
-462.22091,158,14238.059475,46.0,0.7201476793248945,0.07911392405063292,0.025437010247136828,0.7848101265822784,0.4810126582278481,0.26582278481012656
-493.819711,158,14241.127679,7.0,0.9590717299578059,0.06962025316455696,0.04864376130198915,0.7911392405063291,0.5126582278481012,0.3037974683544304
-444.176816,158,14244.134362,23.0,0.8572784810126581,0.07278481012658228,0.06509945750452079,0.8164556962025317,0.5126582278481012,0.3291139240506329
-461.822247,158,14247.16746,19.0,0.8818565400843883,0.06645569620253164,0.06582278481012659,0.8607594936708861,0.3670886075949367,0.22784810126582278
-435.550707,158,14250.21507,27.0,0.8366736990154713,0.0759493670886076,0.05326045262754123,0.8544303797468354,0.34177215189873417,0.1962025316455696
-407.812927,158,14253.332631,30.0,0.810126582278481,0.06645569620253164,0.054852320675105495,0.8291139240506329,0.3924050632911392,0.22151898734177214
-437.34417,158,14256.407095,15.0,0.9137733574442434,0.0780590717299578,0.07658227848101265,0.8037974683544303,0.3037974683544304,0.10759493670886076
-485.10264,158,14259.516939,21.0,0.8802742616033754,0.08227848101265822,0.07848101265822785,0.8164556962025317,0.2974683544303797,0.11392405063291139
-470.046723,158,14262.636786,50.0,0.6987341772151899,0.08755274261603375,0.0811441722834128,0.8291139240506329,0.3227848101265823,0.1518987341772152
-512.997445,158,14265.759328,56.0,0.66207805907173,0.08913502109704641,0.07608499095840869,0.8670886075949367,0.31645569620253167,0.18354430379746836
-486.305956,158,14268.961721,55.0,0.6662748643761301,0.08966244725738395,0.05551537070524413,0.8670886075949367,0.3670886075949367,0.23417721518987342
-469.948068,158,14272.077282,74.0,0.5492239300783605,0.10548523206751054,0.06428069117942536,0.8607594936708861,0.44936708860759494,0.310126582278481
-355.437516,158,14275.251091,77.0,0.5428521197508539,0.13291139240506328,0.0723377536668676,0.8291139240506329,0.5632911392405063,0.3924050632911392
-407.449415,158,14278.459617,52.0,0.6856188466947961,0.10232067510548522,0.05110006027727547,0.8607594936708861,0.5126582278481012,0.37341772151898733
-457.683259,158,14281.615937,39.0,0.7638185654008439,0.09177215189873418,0.045780590717299584,0.8924050632911392,0.4430379746835443,0.33544303797468356
-480.92486,158,14284.655159,35.0,0.7932489451476793,0.08016877637130802,0.047166968053043996,0.8734177215189873,0.4873417721518987,0.36075949367088606
-436.234028,158,14287.740287,34.0,0.7890295358649788,0.06856540084388185,0.03575949367088608,0.8734177215189873,0.5,0.37341772151898733
-483.564433,158,14290.735577,23.0,0.8618143459915613,0.07067510548523206,0.04535864978902953,0.8544303797468354,0.4810126582278481,0.33544303797468356
-486.914769,158,14293.820301,28.0,0.8306962025316456,0.0759493670886076,0.058890898131404454,0.9050632911392406,0.4620253164556962,0.3670886075949367
-438.474506,158,14296.907641,58.0,0.6563893911995178,0.10232067510548522,0.04947257383966244,0.9367088607594937,0.35443037974683544,0.2911392405063291
-372.505877,158,14300.05043,60.0,0.6401446654611211,0.09599156118143459,0.04247036367289532,0.9050632911392406,0.3037974683544304,0.2088607594936709
-444.996117,158,14303.16857,38.0,0.7632986738999397,0.07172995780590717,0.03673443293696459,0.8924050632911392,0.310126582278481,0.20253164556962025
-413.55119,158,14306.320668,52.0,0.6809071729957805,0.08227848101265822,0.04718706047819972,0.8860759493670886,0.2911392405063291,0.17721518987341772
-434.996528,158,14309.451676,46.0,0.7225738396624471,0.08122362869198312,0.0490154711673699,0.8607594936708861,0.2848101265822785,0.14556962025316456
-472.009997,158,14312.590494,17.0,0.9022754671488847,0.08755274261603375,0.06933895921237694,0.8354430379746836,0.3037974683544304,0.13924050632911392
-409.905854,158,14315.680713,22.0,0.8676160337552742,0.07067510548523206,0.05138637733574442,0.8481012658227848,0.3291139240506329,0.17721518987341772
-383.584621,158,14318.796845,29.0,0.8164556962025317,0.06329113924050633,0.03164556962025317,0.8544303797468354,0.4177215189873418,0.2721518987341772
-396.435132,158,14321.900774,27.0,0.8375527426160339,0.0759493670886076,0.06687763713080169,0.8987341772151899,0.36075949367088606,0.25949367088607594
-464.441476,158,14324.968658,38.0,0.7713080168776371,0.08544303797468354,0.05961422543701025,0.9113924050632911,0.2468354430379747,0.15822784810126583
-468.796663,158,14328.038051,25.0,0.8433544303797469,0.06645569620253164,0.052742616033755275,0.9113924050632911,0.2974683544303797,0.2088607594936709
-414.32965,158,14331.069889,27.0,0.831223628691983,0.06645569620253164,0.053164556962025315,0.8860759493670886,0.33544303797468356,0.22151898734177214
-421.073257,158,14334.116187,24.0,0.8512658227848101,0.06540084388185653,0.053164556962025315,0.9050632911392406,0.2974683544303797,0.20253164556962025
-424.030384,158,14337.190312,34.0,0.790084388185654,0.06856540084388185,0.043248945147679324,0.8924050632911392,0.2721518987341772,0.16455696202531644
-409.090837,158,14340.274684,43.0,0.7438818565400844,0.08649789029535865,0.04381153305203938,0.8924050632911392,0.3037974683544304,0.1962025316455696
-428.832031,158,14343.413484,47.0,0.709493670886076,0.08016877637130801,0.018580470162748643,0.8860759493670886,0.31645569620253167,0.20253164556962025
-440.23185,158,14346.521158,62.0,0.6255274261603375,0.08491561181434598,0.018369499698613623,0.8607594936708861,0.31645569620253167,0.17721518987341772
-493.827233,158,14349.601383,41.0,0.7596694796061885,0.10548523206751055,0.06487341772151899,0.8734177215189873,0.31645569620253167,0.189873417721519
-506.911198,158,14352.708474,50.0,0.6951476793248946,0.0780590717299578,0.01888185654008439,0.8670886075949367,0.2721518987341772,0.13924050632911392
-506.344549,158,14355.877449,26.0,0.840614554222149,0.08227848101265822,0.020734609975116305,0.8670886075949367,0.2468354430379747,0.11392405063291139
-489.87169,158,14359.125391,42.0,0.7396624472573841,0.0759493670886076,0.01383363471971067,0.879746835443038,0.25316455696202533,0.13291139240506328
-499.040294,158,14362.314427,28.0,0.8259493670886076,0.06540084388185653,0.03417721518987342,0.8607594936708861,0.26582278481012656,0.12658227848101267
-534.861415,158,14365.449739,21.0,0.870253164556962,0.06962025316455696,0.05168776371308016,0.7974683544303798,0.3227848101265823,0.12025316455696203
-520.257039,158,14368.556559,28.0,0.8277426160337552,0.07489451476793248,0.038502109704641345,0.7911392405063291,0.3924050632911392,0.18354430379746836
-535.969063,158,14371.669905,14.0,0.9182489451476792,0.07911392405063292,0.05961422543701025,0.7974683544303798,0.4430379746835443,0.24050632911392406
-508.49845,158,14375.107138,13.0,0.9177215189873418,0.06329113924050633,0.04430379746835443,0.8037974683544303,0.4050632911392405,0.2088607594936709
-444.201595,158,14378.215026,27.0,0.8291139240506329,0.06329113924050633,0.0379746835443038,0.8227848101265823,0.41139240506329117,0.23417721518987342
-405.122301,158,14381.368919,58.0,0.6451024713682941,0.09388185654008438,0.04871408479003416,0.8417721518987342,0.43037974683544306,0.2721518987341772
-419.999333,158,14384.484886,23.0,0.8651898734177215,0.07489451476793248,0.04231464737793852,0.8417721518987342,0.37341772151898733,0.21518987341772153
-474.187517,158,14387.569271,30.0,0.8154008438818566,0.07911392405063292,0.04314345991561181,0.8924050632911392,0.3860759493670886,0.27848101265822783
-455.845067,158,14390.680647,50.0,0.7157172995780592,0.11286919831223628,0.07269439421338156,0.9050632911392406,0.3987341772151899,0.3037974683544304
-487.011682,158,14393.842458,33.0,0.8041742013261001,0.09282700421940927,0.06490857946554149,0.8670886075949367,0.43670886075949367,0.3037974683544304
-488.965191,158,14396.985293,43.0,0.7393007836045811,0.08966244725738397,0.05680128591520996,0.8291139240506329,0.43670886075949367,0.26582278481012656
-484.714299,158,14400.338734,60.0,0.647626582278481,0.10548523206751055,0.06222624070725337,0.8164556962025317,0.45569620253164556,0.2721518987341772
-481.779721,158,14403.468747,44.0,0.7283755274261604,0.07911392405063292,0.03812537673297167,0.8164556962025317,0.47468354430379744,0.2911392405063291
-493.587061,158,14406.597059,43.0,0.7417194092827004,0.08966244725738395,0.05332027325698211,0.8164556962025317,0.37341772151898733,0.189873417721519
-491.873395,158,14409.788305,43.0,0.7352923447860157,0.08016877637130801,0.06481816355234077,0.8354430379746836,0.34810126582278483,0.18354430379746836
-466.959649,158,14412.8955,55.0,0.6619198312236286,0.08966244725738397,0.05379746835443038,0.8291139240506329,0.3227848101265823,0.1518987341772152
-352.341765,158,14416.062927,97.0,0.39620253164556957,0.08966244725738397,0.03239903556359252,0.8544303797468354,0.310126582278481,0.16455696202531644
-538.202463,158,14419.191017,24.0,0.8496835443037974,0.06645569620253164,0.03375527426160337,0.8164556962025317,0.3924050632911392,0.2088607594936709
-546.77693,158,14422.321099,18.0,0.8860759493670886,0.06329113924050633,0.04430379746835443,0.8354430379746836,0.3670886075949367,0.20253164556962025
-551.277923,158,14425.416385,33.0,0.7986286919831224,0.08227848101265822,0.07848101265822785,0.8734177215189873,0.2848101265822785,0.15822784810126583
-530.182832,158,14428.548231,50.0,0.6981163351416516,0.10021097046413502,0.04467048422744625,0.8417721518987342,0.2911392405063291,0.13291139240506328
-500.822681,158,14431.749482,76.0,0.5354430379746835,0.09388185654008438,0.019650391802290536,0.8544303797468354,0.310126582278481,0.16455696202531644
-343.003938,158,14435.114412,110.0,0.3368143459915612,0.12763713080168776,0.06077456298975285,0.879746835443038,0.2721518987341772,0.1518987341772152
-457.457335,158,14438.291246,70.0,0.5842374924653405,0.10970464135021096,0.06768133413703034,0.8924050632911392,0.26582278481012656,0.15822784810126583
-487.24887,158,14441.417588,42.0,0.745464135021097,0.08122362869198312,0.04525316455696203,0.8607594936708861,0.2974683544303797,0.15822784810126583
-501.275771,158,14444.529134,33.0,0.8061332127787824,0.0949367088607595,0.058137432188065094,0.8670886075949367,0.34177215189873417,0.2088607594936709
-537.361196,158,14447.601159,28.0,0.8275316455696202,0.0759493670886076,0.03839662447257384,0.8354430379746836,0.379746835443038,0.21518987341772153
-526.856144,158,14450.721772,26.0,0.8428270042194093,0.07700421940928269,0.05,0.7974683544303798,0.36075949367088606,0.15822784810126583
-509.950913,158,14453.883609,18.0,0.8929324894514769,0.07172995780590717,0.04547920433996384,0.8544303797468354,0.3291139240506329,0.18354430379746836
-501.294692,158,14457.000385,39.0,0.7631856540084387,0.0759493670886076,0.048945147679324896,0.9113924050632911,0.2721518987341772,0.18354430379746836
-492.529469,158,14460.057925,61.0,0.6328059071729957,0.08966244725738397,0.05516877637130801,0.8417721518987342,0.27848101265822783,0.12025316455696203
-429.960325,158,14463.205112,80.0,0.5068565400843882,0.09704641350210971,0.018248945147679326,0.810126582278481,0.3670886075949367,0.17721518987341772
-502.169818,158,14466.263196,17.0,0.8936708860759492,0.06962025316455696,0.052742616033755275,0.810126582278481,0.5379746835443038,0.34810126582278483
-493.535277,158,14469.46277,11.0,0.9335443037974683,0.07278481012658228,0.0590717299578059,0.8481012658227848,0.5569620253164557,0.4050632911392405
-502.204398,158,14472.561563,25.0,0.8438818565400843,0.06645569620253164,0.04050632911392405,0.8734177215189873,0.4936708860759494,0.3670886075949367
-475.765737,158,14475.718613,44.0,0.7312236286919832,0.08122362869198312,0.04308820574643359,0.9240506329113924,0.34177215189873417,0.26582278481012656
-464.20853,158,14478.861477,52.0,0.6957956600361663,0.10337552742616032,0.04052139843279084,0.9177215189873418,0.310126582278481,0.22784810126582278
-452.531925,158,14481.982636,45.0,0.7333333333333334,0.0970464135021097,0.07290536467751657,0.9240506329113924,0.34177215189873417,0.26582278481012656
-454.639637,158,14485.121401,34.0,0.8006329113924051,0.08333333333333333,0.06773658830620856,0.8924050632911392,0.35443037974683544,0.2468354430379747
-470.442589,158,14488.193875,30.0,0.8132911392405063,0.06751054852320675,0.05414908579465541,0.8670886075949367,0.34177215189873417,0.2088607594936709
-479.987495,158,14491.309901,27.0,0.8291139240506329,0.06329113924050633,0.056962025316455694,0.8291139240506329,0.4430379746835443,0.2721518987341772
-486.716632,158,14494.357714,19.0,0.8876582278481012,0.07383966244725738,0.06582278481012659,0.8291139240506329,0.4873417721518987,0.31645569620253167
-469.888617,158,14497.473729,39.0,0.7679324894514767,0.08333333333333333,0.048382559774964834,0.8227848101265823,0.4430379746835443,0.26582278481012656
-475.62378,158,14500.507952,36.0,0.7758438818565401,0.07278481012658228,0.03691983122362869,0.8354430379746836,0.36075949367088606,0.1962025316455696
-453.756214,158,14503.638006,34.0,0.7848101265822784,0.06329113924050633,0.03164556962025317,0.8607594936708861,0.33544303797468356,0.1962025316455696
-465.369983,158,14506.770843,51.0,0.6882911392405063,0.08333333333333333,0.013426763110307414,0.8670886075949367,0.3227848101265823,0.189873417721519
-451.014683,158,14509.943259,50.0,0.70042194092827,0.08438818565400844,0.02482419127988748,0.8607594936708861,0.3227848101265823,0.18354430379746836
-456.005816,158,14513.080282,58.0,0.6484779987944544,0.0981012658227848,0.050572634116937916,0.8354430379746836,0.3291139240506329,0.16455696202531644
-448.926292,158,14516.233375,61.0,0.634493670886076,0.10337552742616032,0.038863773357444245,0.8481012658227848,0.31645569620253167,0.16455696202531644
-476.599697,158,14519.362488,64.0,0.626318565400844,0.12658227848101267,0.049990410433448415,0.8354430379746836,0.31645569620253167,0.1518987341772152
-470.315751,158,14522.535353,49.0,0.7027501506931887,0.09388185654008438,0.03383564396222624,0.8544303797468354,0.2911392405063291,0.14556962025316456
-506.806862,158,14525.627624,42.0,0.7420886075949367,0.0759493670886076,0.022046413502109702,0.8227848101265823,0.2848101265822785,0.10759493670886076
-517.254898,158,14528.723151,43.0,0.7404008438818566,0.08122362869198312,0.03628691983122363,0.8037974683544303,0.3037974683544304,0.10759493670886076
-499.921297,158,14531.80665,38.0,0.7645644966847498,0.0780590717299578,0.05183389044148538,0.8037974683544303,0.3037974683544304,0.10759493670886076
-476.993963,158,14534.85348,56.0,0.6580168776371308,0.09177215189873417,0.05213984327908379,0.8037974683544303,0.33544303797468356,0.13924050632911392
-505.303474,158,14537.992671,50.0,0.6922192083584489,0.08333333333333333,0.047081575246132205,0.7911392405063291,0.3227848101265823,0.11392405063291139
-513.890631,158,14541.130547,39.0,0.7563994374120957,0.07067510548523206,0.04861910241657077,0.810126582278481,0.3291139240506329,0.13924050632911392
-473.348026,158,14544.194624,53.0,0.6874472573839663,0.10970464135021096,0.054581072935503315,0.8037974683544303,0.31645569620253167,0.12025316455696203
-490.752258,158,14547.355743,49.0,0.6991561181434599,0.07911392405063292,0.04306811332127788,0.7911392405063291,0.35443037974683544,0.14556962025316456
-475.810867,158,14550.829646,49.0,0.6964135021097047,0.07489451476793248,0.032820976491862566,0.7848101265822784,0.35443037974683544,0.13924050632911392
-498.839919,158,14553.94077,69.0,0.5727923447860157,0.08649789029535865,0.044233473980309426,0.7911392405063291,0.3037974683544304,0.0949367088607595
-431.960145,158,14557.055207,92.0,0.4629445449065702,0.15717299578059074,0.08329817158931083,0.7721518987341772,0.3291139240506329,0.10126582278481013
-447.284329,158,14560.208957,65.0,0.6164983926059875,0.12658227848101267,0.062031252854037655,0.7784810126582279,0.3291139240506329,0.10759493670886076
-482.934426,158,14563.291301,68.0,0.5921488848704038,0.10759493670886076,0.06016174402250351,0.7974683544303798,0.3227848101265823,0.12025316455696203
-499.241262,158,14566.372953,73.0,0.5611889692585895,0.10864978902953586,0.047408077154912596,0.7848101265822784,0.3291139240506329,0.11392405063291139
-510.168004,158,14569.439384,53.0,0.6762733574442436,0.10337552742616032,0.05427512009790491,0.8037974683544303,0.35443037974683544,0.15822784810126583
-508.653456,158,14572.584396,44.0,0.7351416515973478,0.0949367088607595,0.04973377536668676,0.810126582278481,0.35443037974683544,0.16455696202531644
-501.922669,158,14575.742123,42.0,0.7393007836045811,0.07383966244725738,0.04781997187060478,0.7721518987341772,0.33544303797468356,0.10759493670886076
-502.213426,158,14578.790698,42.0,0.739451476793249,0.07172995780590717,0.03734177215189874,0.7784810126582279,0.2974683544303797,0.0759493670886076
-505.837671,158,14581.9551,46.0,0.7154008438818565,0.07278481012658228,0.026491862567811938,0.7784810126582279,0.3291139240506329,0.10759493670886076
-523.522437,158,14585.202213,31.0,0.8059071729957805,0.06962025316455696,0.04746835443037975,0.7721518987341772,0.3037974683544304,0.0759493670886076
-514.895295,158,14588.463365,37.0,0.7710970464135022,0.06856540084388185,0.024050632911392405,0.7848101265822784,0.3037974683544304,0.08860759493670886
-485.36329,158,14591.60382,14.0,0.9166666666666665,0.08227848101265822,0.056962025316455694,0.810126582278481,0.2974683544303797,0.10759493670886076
-508.480582,158,14594.691164,16.0,0.8987341772151899,0.06329113924050633,0.04430379746835443,0.8227848101265823,0.2848101265822785,0.10759493670886076
-521.504854,158,14597.801943,23.0,0.8597046413502111,0.06962025316455696,0.03734177215189874,0.7974683544303798,0.31645569620253167,0.11392405063291139
-472.521825,158,14600.929773,42.0,0.7432489451476794,0.08227848101265822,0.030741410488245934,0.8037974683544303,0.2974683544303797,0.10126582278481013
-427.642046,158,14604.073646,66.0,0.6065400843881857,0.0970464135021097,0.05296865581675709,0.8291139240506329,0.2721518987341772,0.10126582278481013
-412.986415,158,14607.248867,81.0,0.5041390395820776,0.09599156118143459,0.03653853179169635,0.8291139240506329,0.26582278481012656,0.0949367088607595
-420.552106,158,14610.671297,89.0,0.46092525617842073,0.10548523206751054,0.06737994775969461,0.8164556962025317,0.2848101265822785,0.10126582278481013
-463.494651,158,14613.839378,43.0,0.7352923447860157,0.08227848101265822,0.042033353425758486,0.8164556962025317,0.3291139240506329,0.14556962025316456
-473.257713,158,14616.91325,47.0,0.7078661844484629,0.07172995780590717,0.03779887482419128,0.8164556962025317,0.3291139240506329,0.14556962025316456
-470.49071,158,14620.066494,66.0,0.6022151898734177,0.12130801687763712,0.07448764315852924,0.8291139240506329,0.2911392405063291,0.12025316455696203
-494.939056,158,14623.18029,58.0,0.6503164556962026,0.08966244725738397,0.05171790235081374,0.8227848101265823,0.310126582278481,0.13291139240506328
-502.986666,158,14626.237861,29.0,0.8226793248945149,0.08122362869198312,0.04452983725135624,0.810126582278481,0.3291139240506329,0.13924050632911392
-504.756317,158,14629.31304,18.0,0.8902953586497891,0.07278481012658228,0.05010548523206751,0.7974683544303798,0.3860759493670886,0.18354430379746836
-496.452055,158,14632.467621,31.0,0.810126582278481,0.0759493670886076,0.040084388185654005,0.7848101265822784,0.43670886075949367,0.22151898734177214
-493.581329,158,14635.677128,41.0,0.745253164556962,0.07278481012658228,0.03481012658227848,0.7848101265822784,0.4873417721518987,0.2721518987341772
-513.800434,158,14638.889452,28.0,0.8301687763713081,0.07278481012658228,0.04588607594936709,0.7848101265822784,0.4620253164556962,0.2468354430379747
-518.019439,158,14642.145831,59.0,0.640506329113924,0.09071729957805906,0.03410186859553948,0.7911392405063291,0.379746835443038,0.17088607594936708
-492.311882,158,14645.305227,68.0,0.5812839059674504,0.10021097046413502,0.03271549125979505,0.8164556962025317,0.34177215189873417,0.15822784810126583
-538.630183,158,14648.475712,65.0,0.603963230861965,0.10232067510548522,0.03399638336347197,0.8291139240506329,0.31645569620253167,0.14556962025316456
-502.042788,158,14651.599524,34.0,0.7879746835443038,0.06751054852320675,0.0352622061482821,0.8164556962025317,0.3291139240506329,0.14556962025316456
-486.815864,158,14654.813666,33.0,0.8048523206751054,0.08122362869198312,0.07827004219409282,0.8037974683544303,0.33544303797468356,0.13924050632911392
-523.191403,158,14657.98782,37.0,0.7835443037974683,0.09282700421940927,0.08610608800482218,0.8354430379746836,0.3291139240506329,0.16455696202531644
-468.113586,158,14661.199859,66.0,0.5981715893108299,0.10126582278481013,0.05729903008384021,0.8291139240506329,0.36075949367088606,0.189873417721519
-473.200176,158,14664.342546,45.0,0.7375527426160339,0.0970464135021097,0.08884870403857746,0.8227848101265823,0.3291139240506329,0.1518987341772152
-470.301019,158,14667.597951,51.0,0.6816455696202531,0.06856540084388185,0.0490506329113924,0.8291139240506329,0.310126582278481,0.13924050632911392
-492.417463,158,14670.775926,46.0,0.7199969861362266,0.08438818565400844,0.06460719308820574,0.8227848101265823,0.4050632911392405,0.22784810126582278
-412.557934,158,14673.965737,79.0,0.5147679324894514,0.08544303797468354,0.05479204339963834,0.7974683544303798,0.4240506329113924,0.22151898734177214
-386.378027,158,14677.122649,108.0,0.3445147679324895,0.1160337552742616,0.07260397830018084,0.7974683544303798,0.41139240506329117,0.2088607594936709
-442.561875,158,14680.280689,82.0,0.510548523206751,0.12552742616033755,0.08454390194896524,0.8037974683544303,0.41139240506329117,0.21518987341772153
-385.358186,158,14683.516331,101.0,0.4006479807112718,0.12658227848101267,0.09046112115732369,0.7784810126582279,0.4430379746835443,0.22151898734177214
-440.230748,158,14686.737357,80.0,0.5180982519590115,0.10864978902953586,0.06086543554897985,0.7721518987341772,0.4810126582278481,0.25316455696202533
-433.086796,158,14689.904089,83.0,0.5139391199517782,0.1518987341772152,0.08906469760900142,0.8417721518987342,0.37341772151898733,0.21518987341772153
-478.127854,158,14693.082444,71.0,0.5694695599758891,0.09651898734177215,0.07179525818766326,0.8860759493670886,0.3227848101265823,0.2088607594936709
-392.658835,158,14696.234137,84.0,0.48364978902953587,0.11392405063291139,0.09168173598553345,0.8924050632911392,0.2974683544303797,0.189873417721519
-479.236623,158,14699.331725,67.0,0.6067410086397428,0.12869198312236285,0.08799614590753832,0.9050632911392406,0.2911392405063291,0.1962025316455696
-507.3598,158,14702.591541,63.0,0.6366561181434599,0.13132911392405064,0.1135623869801085,0.8860759493670886,0.27848101265822783,0.16455696202531644
-478.76856,158,14705.803449,60.0,0.6428270042194093,0.1239451476793249,0.09756881655615832,0.8670886075949367,0.2974683544303797,0.16455696202531644
-499.566466,158,14708.881257,40.0,0.7621308016877637,0.08860759493670886,0.07142857142857142,0.8164556962025317,0.31645569620253167,0.13291139240506328
-443.534648,158,14712.043272,67.0,0.5863924050632912,0.08544303797468354,0.05761000602772754,0.8037974683544303,0.3924050632911392,0.1962025316455696
-490.473385,158,14715.15198,36.0,0.7818565400843882,0.09124472573839662,0.08214788024914607,0.810126582278481,0.4873417721518987,0.2974683544303797
-522.557449,158,14718.255078,31.0,0.8164556962025317,0.08860759493670886,0.08535262206148282,0.7911392405063291,0.5253164556962026,0.31645569620253167
-432.86703,158,14721.347759,53.0,0.6994198312236286,0.1360759493670886,0.111066359800537,0.759493670886076,0.6329113924050633,0.3924050632911392
-466.288109,158,14724.818093,50.0,0.7101265822784811,0.10337552742616032,0.0910488245931284,0.7784810126582279,0.6075949367088608,0.3860759493670886
-466.355184,158,14727.94452,56.0,0.6517932489451477,0.07489451476793248,0.03967751657625075,0.810126582278481,0.5316455696202531,0.34177215189873417
-434.480026,158,14731.132869,67.0,0.6162447257383967,0.125,0.07668776371308016,0.8291139240506329,0.4936708860759494,0.3227848101265823
-458.083391,158,14734.299048,67.0,0.5916666666666667,0.1017932489451477,0.04864376130198914,0.8164556962025317,0.46835443037974683,0.2848101265822785
-481.573707,158,14737.392274,48.0,0.7041139240506329,0.0759493670886076,0.060126582278481014,0.7974683544303798,0.5506329113924051,0.34810126582278483
-447.88865,158,14740.48079,59.0,0.630168776371308,0.07489451476793248,0.03367992766726944,0.8164556962025317,0.4620253164556962,0.27848101265822783
-471.307783,158,14743.621124,59.0,0.643836648583484,0.09388185654008438,0.06719409282700423,0.8164556962025317,0.3860759493670886,0.20253164556962025
-472.14076,158,14746.770931,65.0,0.60290837854129,0.10337552742616032,0.05444544906570222,0.8291139240506329,0.3860759493670886,0.21518987341772153
-467.427013,158,14749.925475,57.0,0.6526371308016878,0.09915611814345991,0.07084589109905565,0.8227848101265823,0.43037974683544306,0.25316455696202533
-500.810807,158,14753.061784,60.0,0.6340265220012055,0.09177215189873418,0.049206349206349205,0.7974683544303798,0.4240506329113924,0.22151898734177214
-483.61323,158,14756.147299,38.0,0.7728902953586498,0.08544303797468354,0.0793550331525015,0.7848101265822784,0.46835443037974683,0.25316455696202533
-496.836668,158,14759.226589,30.0,0.8240506329113924,0.09124472573839662,0.08324291742013261,0.7721518987341772,0.5506329113924051,0.3227848101265823
-449.999607,158,14762.360326,32.0,0.8032700421940928,0.07120253164556962,0.06993670886075949,0.7974683544303798,0.4810126582278481,0.27848101265822783
-456.722435,158,14765.541168,32.0,0.8113622664255575,0.09599156118143459,0.08167570825798674,0.7974683544303798,0.47468354430379744,0.2721518987341772
-489.191647,158,14768.620772,44.0,0.7375527426160338,0.08333333333333333,0.0740657022302592,0.7721518987341772,0.44936708860759494,0.22151898734177214
-461.85464,158,14771.76542,31.0,0.8284810126582279,0.09757383966244726,0.09220916214587101,0.759493670886076,0.5949367088607594,0.35443037974683544
-461.53779,158,14774.977257,49.0,0.7105736387381957,0.12078059071729957,0.08223327305605788,0.7658227848101266,0.5886075949367089,0.35443037974683544
-493.362109,158,14778.104051,60.0,0.6284960819770946,0.08966244725738397,0.0590420479660986,0.7848101265822784,0.4936708860759494,0.27848101265822783
-455.670007,158,14781.112746,65.0,0.6049804098854732,0.10126582278481013,0.06510493725683598,0.7974683544303798,0.44936708860759494,0.2468354430379747
-470.924569,158,14784.191427,64.0,0.6100286317058469,0.09599156118143459,0.08201773613166018,0.8291139240506329,0.4620253164556962,0.2911392405063291
-482.078677,158,14787.30711,66.0,0.5946809870860503,0.0970464135021097,0.058502573375991095,0.8670886075949367,0.379746835443038,0.2468354430379747
-463.012677,158,14790.451504,66.0,0.5938818565400844,0.08122362869198312,0.04525316455696203,0.8734177215189873,0.3291139240506329,0.20253164556962025
-493.827123,158,14793.516791,57.0,0.6649789029535865,0.10232067510548522,0.06763110307414104,0.8670886075949367,0.2911392405063291,0.15822784810126583
-467.350705,158,14796.603487,41.0,0.7587201125175808,0.09282700421940927,0.07217244780535918,0.8670886075949367,0.2721518987341772,0.13924050632911392
-453.784732,158,14799.678907,34.0,0.7950673096242716,0.08438818565400844,0.05749493122910844,0.8607594936708861,0.25949367088607594,0.12025316455696203
-420.797789,158,14802.734612,36.0,0.8054400241109102,0.10970464135021096,0.09994474583082177,0.8607594936708861,0.27848101265822783,0.13924050632911392
-496.757423,158,14805.802228,24.0,0.8496835443037974,0.07278481012658228,0.06540084388185653,0.8481012658227848,0.26582278481012656,0.11392405063291139
-477.797758,158,14808.918098,26.0,0.8470464135021097,0.08649789029535865,0.07679324894514768,0.8670886075949367,0.2721518987341772,0.13924050632911392
-504.478797,158,14812.103662,24.0,0.8517932489451475,0.07911392405063292,0.05949367088607594,0.8670886075949367,0.26582278481012656,0.13291139240506328
-526.235797,158,14815.240134,23.0,0.8593881856540084,0.07911392405063292,0.057082579867389995,0.8734177215189873,0.2721518987341772,0.14556962025316456
-541.991651,158,14818.365541,34.0,0.7900843881856541,0.07278481012658228,0.04789029535864979,0.8544303797468354,0.27848101265822783,0.13291139240506328
-503.393134,158,14821.523306,55.0,0.6646172393007836,0.09335443037974683,0.05341068917018284,0.8354430379746836,0.26582278481012656,0.10126582278481013
-476.146991,158,14824.620002,93.0,0.4492691380349608,0.14187763713080168,0.07678320273256982,0.810126582278481,0.2721518987341772,0.08227848101265822
-447.4059,158,14827.724962,94.0,0.4244725738396624,0.08860759493670886,0.053089210367691375,0.7784810126582279,0.34177215189873417,0.12025316455696203
-422.354629,158,14830.908111,111.0,0.32035864978902956,0.09388185654008438,0.04368595539481615,0.7658227848101266,0.46835443037974683,0.23417721518987342
-459.456247,158,14834.023483,54.0,0.6630877034358047,0.07911392405063292,0.0638888888888889,0.759493670886076,0.5632911392405063,0.3227848101265823
-462.338347,158,14837.193386,64.0,0.6143007836045811,0.10232067510548522,0.05069821177416114,0.7784810126582279,0.5126582278481012,0.2911392405063291
-416.04043,158,14840.375938,92.0,0.46255274261603374,0.13396624472573837,0.0639592123769339,0.7848101265822784,0.3987341772151899,0.18354430379746836
-444.785552,158,14843.552809,90.0,0.46677968655816754,0.13291139240506328,0.07989250552541691,0.8164556962025317,0.3227848101265823,0.13924050632911392
-488.00864,158,14846.641727,61.0,0.6500527426160337,0.11919831223628691,0.08115330520393811,0.8924050632911392,0.25949367088607594,0.1518987341772152
-472.106343,158,14849.727181,57.0,0.6551235684147076,0.09071729957805906,0.07040385774562989,0.9430379746835443,0.25316455696202533,0.1962025316455696
-447.412136,158,14852.910269,61.0,0.6334388185654009,0.08966244725738397,0.05581675708257987,0.9177215189873418,0.26582278481012656,0.18354430379746836
-487.655539,158,14856.05097,49.0,0.6964135021097047,0.08016877637130801,0.04801084990958409,0.8354430379746836,0.37341772151898733,0.2088607594936709
-480.828854,158,14859.13572,25.0,0.8464135021097048,0.07700421940928269,0.041365280289330925,0.8037974683544303,0.5126582278481012,0.31645569620253167
-499.854687,158,14862.226789,18.0,0.8917269439421338,0.07383966244725738,0.04843279083785412,0.7848101265822784,0.4430379746835443,0.22784810126582278
-485.077291,158,14865.294116,14.0,0.9126582278481012,0.06540084388185653,0.06487341772151899,0.8037974683544303,0.5063291139240507,0.310126582278481
-490.658502,158,14868.392811,20.0,0.875,0.06645569620253164,0.06540084388185653,0.7974683544303798,0.34810126582278483,0.14556962025316456
-493.192587,158,14871.490533,33.0,0.8008438818565401,0.07647679324894514,0.07682338758288125,0.8227848101265823,0.27848101265822783,0.10126582278481013
-456.326264,158,14874.577413,64.0,0.6126657625075346,0.09546413502109703,0.07224277129340421,0.8037974683544303,0.3670886075949367,0.17088607594936708
-430.412461,158,14877.725329,75.0,0.5417721518987342,0.08860759493670886,0.03801486839461523,0.7974683544303798,0.4177215189873418,0.21518987341772153
-412.9409,158,14880.891051,96.0,0.41416515973478,0.11814345991561183,0.06455696202531645,0.8734177215189873,0.3037974683544304,0.17721518987341772
-304.065826,158,14884.204608,135.0,0.1955319469559976,0.18354430379746836,0.06731967048422745,0.9050632911392406,0.25949367088607594,0.16455696202531644
-338.520988,158,14887.356253,133.0,0.17837552742616034,0.11075949367088607,0.026612417118746234,0.9113924050632911,0.26582278481012656,0.17721518987341772
-349.594536,158,14890.598311,131.0,0.2018535262206148,0.11234177215189874,0.04219409282700422,0.8417721518987342,0.35443037974683544,0.1962025316455696
-450.067287,158,14893.718936,75.0,0.5385021097046414,0.08333333333333333,0.015591721920835846,0.8354430379746836,0.44936708860759494,0.2848101265822785
-342.588183,158,14897.119514,109.0,0.3434599156118143,0.12394514767932491,0.04974884468555355,0.8164556962025317,0.46835443037974683,0.2848101265822785
-464.441843,158,14900.307469,76.0,0.5403907976692787,0.10864978902953586,0.04643861764114929,0.7911392405063291,0.43037974683544306,0.22151898734177214
-454.357489,158,14903.493472,100.0,0.4123945147679325,0.13343881856540082,0.05522905364677517,0.7974683544303798,0.4050632911392405,0.20253164556962025
-491.485024,158,14906.594447,75.0,0.544009945750452,0.10337552742616032,0.03673397629093832,0.8481012658227848,0.3291139240506329,0.17721518987341772
-523.644839,158,14909.705983,70.0,0.5824593128390597,0.11075949367088607,0.02981715893108298,0.8417721518987342,0.3037974683544304,0.14556962025316456
-492.691652,158,14912.815346,62.0,0.6291289933694997,0.10443037974683544,0.05710267229254571,0.8227848101265823,0.37341772151898733,0.1962025316455696
-334.534615,158,14915.966449,104.0,0.3770042194092827,0.16561181434599154,0.08455897126783203,0.8164556962025317,0.3670886075949367,0.18354430379746836
-359.83846,158,14919.183382,112.0,0.3191104078762307,0.12078059071729957,0.046151527797097414,0.8164556962025317,0.379746835443038,0.1962025316455696
-352.82664,158,14922.422526,126.0,0.22647679324894518,0.11286919831223628,0.04749849306811332,0.7658227848101266,0.41139240506329117,0.17721518987341772
-279.835793,158,14925.699325,134.0,0.16842475386779182,0.10021097046413502,0.026376787769192833,0.7784810126582279,0.34177215189873417,0.12025316455696203
-370.575308,158,14928.843858,121.0,0.24994725738396625,0.10548523206751054,0.027275467148884867,0.810126582278481,0.25316455696202533,0.06329113924050633
-215.194986,158,14931.994559,136.0,0.20348101265822785,0.189873417721519,0.09917621056861564,0.9493670886075949,0.2468354430379747,0.1962025316455696
-200.635498,158,14935.086846,92.0,0.44367088607594934,0.12658227848101267,0.05981012658227849,0.9493670886075949,0.24050632911392406,0.189873417721519
-293.836528,158,14938.16723,61.0,0.6353978300180831,0.0949367088607595,0.07026823387582881,0.9556962025316456,0.24050632911392406,0.1962025316455696
-309.528891,158,14941.320174,54.0,0.6647679324894514,0.07383966244725738,0.035985533453887886,0.930379746835443,0.25316455696202533,0.18354430379746836
-322.549528,158,14944.438177,81.0,0.5015822784810127,0.08227848101265822,0.053707052441229655,0.9050632911392406,0.2468354430379747,0.1518987341772152
-294.589014,158,14947.640948,95.0,0.4159282700421941,0.10126582278481013,0.04214888487040386,0.879746835443038,0.2911392405063291,0.17088607594936708
-307.408893,158,14950.808844,105.0,0.3574367088607595,0.10654008438818564,0.054550934297769735,0.8417721518987342,0.310126582278481,0.1518987341772152
-208.735821,158,14954.052467,119.0,0.2812236286919831,0.12763713080168776,0.04993972272453284,0.8164556962025317,0.3987341772151899,0.21518987341772153
-315.766369,158,14957.245946,118.0,0.2935078634445723,0.12605485232067512,0.05830319469559976,0.7911392405063291,0.4873417721518987,0.27848101265822783
-348.375555,158,14960.46199,130.0,0.1930379746835443,0.08122362869198312,0.016244725738396623,0.7848101265822784,0.43037974683544306,0.21518987341772153
-346.684226,158,14963.682148,87.0,0.4590717299578059,0.08016877637130801,0.020569620253164556,0.7974683544303798,0.33544303797468356,0.13291139240506328
-375.593323,158,14966.824712,81.0,0.5265822784810127,0.12763713080168776,0.05013562386980108,0.8354430379746836,0.3291139240506329,0.16455696202531644
-390.860368,158,14970.032636,88.0,0.5011854530841873,0.140295358649789,0.062081027270900695,0.8227848101265823,0.34177215189873417,0.16455696202531644
-446.220435,158,14973.195266,60.0,0.6274789029535864,0.08860759493670886,0.03906469760900141,0.8037974683544303,0.3670886075949367,0.17088607594936708
-453.56754,158,14976.306005,50.0,0.6911392405063291,0.08122362869198312,0.021217600964436405,0.8291139240506329,0.3670886075949367,0.1962025316455696
-451.767733,158,14979.425527,50.0,0.693776371308017,0.08755274261603375,0.02332730560578662,0.8860759493670886,0.31645569620253167,0.20253164556962025
-449.231232,158,14982.616459,41.0,0.7446729957805907,0.07172995780590717,0.03713628144007891,0.8924050632911392,0.310126582278481,0.20253164556962025
-367.610397,158,14985.779397,86.0,0.49255849635596466,0.13396624472573837,0.05204363147401122,0.9050632911392406,0.26582278481012656,0.17088607594936708
-355.968184,158,14988.961615,104.0,0.37591922845087405,0.14978902953586495,0.0607293550331525,0.8670886075949367,0.25316455696202533,0.12025316455696203
-462.09063,158,14992.061347,90.0,0.46440626883664854,0.10864978902953586,0.03670886075949367,0.8354430379746836,0.2974683544303797,0.13291139240506328
-425.620171,158,14995.199184,76.0,0.5246835443037975,0.07489451476793248,0.00644966847498493,0.8607594936708861,0.25949367088607594,0.12025316455696203
-406.835979,158,14998.355568,88.0,0.4690400843881857,0.10337552742616032,0.03074689024056113,0.8987341772151899,0.25316455696202533,0.1518987341772152
-484.785814,158,15001.451717,60.0,0.6368746232670284,0.09282700421940927,0.03621157323688969,0.8987341772151899,0.25316455696202533,0.1518987341772152
-563.374715,158,15004.552635,45.0,0.7209915611814346,0.07278481012658228,0.01951476793248945,0.8987341772151899,0.25316455696202533,0.1518987341772152
-527.924099,158,15007.763753,58.0,0.6392405063291139,0.07278481012658228,0.026265822784810128,0.9050632911392406,0.26582278481012656,0.17088607594936708
-512.65002,158,15010.886663,48.0,0.7149336949969862,0.10232067510548522,0.030078360458107294,0.8734177215189873,0.2974683544303797,0.17088607594936708
-531.003437,158,15014.016642,40.0,0.7496835443037975,0.06962025316455696,0.0039180229053646775,0.8354430379746836,0.35443037974683544,0.189873417721519
-508.122546,158,15017.144957,35.0,0.779385171790235,0.06540084388185653,0.013924050632911394,0.8481012658227848,0.35443037974683544,0.20253164556962025
-532.236379,158,15020.238985,32.0,0.7974683544303798,0.06329113924050633,0.02531645569620253,0.8734177215189873,0.33544303797468356,0.2088607594936709
-539.699541,158,15023.405448,27.0,0.8322784810126582,0.06962025316455696,0.016877637130801686,0.8734177215189873,0.33544303797468356,0.2088607594936709
-513.800724,158,15026.487872,35.0,0.779184247538678,0.06645569620253164,0.026467203682393557,0.8734177215189873,0.33544303797468356,0.2088607594936709
-517.770384,158,15029.556033,55.0,0.6620956399437412,0.08860759493670886,0.012989752863170584,0.8291139240506329,0.33544303797468356,0.16455696202531644
-507.286645,158,15032.69712,64.0,0.6057564798071127,0.08544303797468354,0.01940928270042194,0.8164556962025317,0.35443037974683544,0.17088607594936708
-480.07951,158,15035.795009,55.0,0.6526898734177216,0.07172995780590717,0.004571026722925457,0.8227848101265823,0.379746835443038,0.20253164556962025
-520.617903,158,15038.880065,33.0,0.7992616033755274,0.08860759493670886,0.04831223628691983,0.8607594936708861,0.3291139240506329,0.189873417721519
-531.501681,158,15041.892659,39.0,0.7575949367088609,0.08227848101265822,0.058755274261603374,0.8481012658227848,0.27848101265822783,0.12658227848101267
-535.376142,158,15044.939232,44.0,0.7291139240506329,0.08016877637130801,0.03387582881253768,0.8227848101265823,0.3670886075949367,0.189873417721519
-474.838247,158,15048.084652,75.0,0.5350210970464135,0.07436708860759493,0.016068917018284105,0.8227848101265823,0.31645569620253167,0.13924050632911392
-383.72332,158,15051.276486,96.0,0.4330771549125979,0.12658227848101264,0.05001506931886678,0.8164556962025317,0.34810126582278483,0.16455696202531644
-437.339001,158,15054.513709,101.0,0.3956298975286317,0.12130801687763713,0.060422945549527825,0.7974683544303798,0.2974683544303797,0.0949367088607595
-539.357535,158,15057.64001,66.0,0.5966395418927065,0.10021097046413502,0.07691928324839716,0.8417721518987342,0.2911392405063291,0.13291139240506328
-562.142278,158,15060.940482,55.0,0.6604681535061282,0.07700421940928269,0.04769407807382491,0.8544303797468354,0.26582278481012656,0.12025316455696203
-515.339309,158,15064.029327,54.0,0.6645569620253164,0.08016877637130801,0.045534458509142055,0.8417721518987342,0.27848101265822783,0.12025316455696203
-501.518355,158,15067.112351,49.0,0.7126130198915009,0.11128691983122362,0.07327205143660839,0.8354430379746836,0.33544303797468356,0.17088607594936708
-462.016264,158,15070.2306,72.0,0.564737793851718,0.120253164556962,0.08453887884267632,0.7784810126582279,0.4177215189873418,0.1962025316455696
-535.557888,158,15073.266423,44.0,0.748400140646976,0.11497890295358648,0.10190421392953039,0.7721518987341772,0.3860759493670886,0.15822784810126583
-528.062662,158,15076.312185,40.0,0.7513185654008439,0.08016877637130801,0.07574387637678777,0.7911392405063291,0.4050632911392405,0.1962025316455696
-522.569394,158,15079.409208,27.0,0.8380274261603375,0.08227848101265822,0.0752059473578461,0.8164556962025317,0.35443037974683544,0.17088607594936708
-475.892846,158,15082.540418,29.0,0.8224758890898132,0.0759493670886076,0.07079566003616637,0.8037974683544303,0.4177215189873418,0.22151898734177214
-508.3539,158,15085.661155,29.0,0.8197257383966243,0.07067510548523206,0.06778102347722602,0.7848101265822784,0.43037974683544306,0.21518987341772153
-526.050248,158,15088.697076,26.0,0.8414205344585092,0.0759493670886076,0.07077100115074798,0.8164556962025317,0.43670886075949367,0.25316455696202533
-508.160393,158,15091.772902,31.0,0.8099231464737794,0.08227848101265822,0.0689928215244671,0.7721518987341772,0.45569620253164556,0.22784810126582278
-529.067112,158,15094.876084,36.0,0.784245027124774,0.0970464135021097,0.06831926863572434,0.7848101265822784,0.43670886075949367,0.22151898734177214
-424.695288,158,15097.983633,89.0,0.45010297367892305,0.08860759493670886,0.03500191791331032,0.7974683544303798,0.3924050632911392,0.189873417721519
-479.486553,158,15101.048957,56.0,0.6719409282700421,0.10548523206751054,0.08586497890295358,0.8164556962025317,0.34177215189873417,0.15822784810126583
-377.868638,158,15104.279658,96.0,0.41255274261603375,0.10021097046413502,0.02341772151898734,0.8164556962025317,0.33544303797468356,0.1518987341772152
-468.274682,158,15107.427085,79.0,0.5116736990154712,0.09177215189873418,0.02801477706540998,0.8354430379746836,0.3227848101265823,0.15822784810126583
-391.010252,158,15110.581533,84.0,0.4936859553948162,0.11128691983122362,0.04304802089612217,0.8607594936708861,0.310126582278481,0.17088607594936708
-424.438122,158,15113.702979,73.0,0.5498141450673096,0.08544303797468354,0.04001954444992419,0.879746835443038,0.2721518987341772,0.1518987341772152
-438.327908,158,15116.769799,45.0,0.7236286919831223,0.08227848101265822,0.04259091822382962,0.8670886075949367,0.26582278481012656,0.13291139240506328
-427.997517,158,15119.986744,52.0,0.6806509945750452,0.08438818565400844,0.06293449869399236,0.8481012658227848,0.2721518987341772,0.12025316455696203
-434.239367,158,15123.080443,47.0,0.7229606188466948,0.10021097046413502,0.07503561839004877,0.8544303797468354,0.2721518987341772,0.12658227848101267
-493.991005,158,15126.236479,40.0,0.767490456098051,0.10337552742616032,0.0701179973331872,0.8291139240506329,0.26582278481012656,0.0949367088607595
-529.23402,158,15129.36531,32.0,0.8108649789029536,0.0949367088607595,0.06086497890295359,0.8354430379746836,0.3227848101265823,0.15822784810126583
-501.699085,158,15132.466491,40.0,0.7659282700421942,0.09229957805907173,0.05301386377335745,0.810126582278481,0.3037974683544304,0.11392405063291139
-541.789149,158,15135.599407,30.0,0.8150843881856542,0.07067510548523206,0.05635925256178421,0.8164556962025317,0.2848101265822785,0.10126582278481013
-486.349944,158,15138.758935,61.0,0.6329113924050633,0.09229957805907173,0.05327004219409282,0.8291139240506329,0.3037974683544304,0.13291139240506328
-527.649894,158,15141.863185,50.0,0.7021097046413503,0.10548523206751054,0.06871609403254973,0.8481012658227848,0.2974683544303797,0.14556962025316456
-464.572947,158,15144.973482,65.0,0.5981012658227848,0.07700421940928269,0.06796262808921036,0.8227848101265823,0.27848101265822783,0.10126582278481013
-431.826854,158,15148.107254,78.0,0.5475738396624472,0.12552742616033757,0.04739300783604581,0.810126582278481,0.3291139240506329,0.13924050632911392
-538.981291,158,15151.155901,53.0,0.6859177215189873,0.11075949367088607,0.05933293148483021,0.7848101265822784,0.34810126582278483,0.13291139240506328
-492.014272,158,15154.288519,62.0,0.629746835443038,0.11286919831223628,0.08830620855937311,0.7848101265822784,0.34177215189873417,0.12658227848101267
-537.976696,158,15157.406884,45.0,0.7248945147679324,0.08016877637130801,0.04590114526823388,0.7911392405063291,0.33544303797468356,0.12658227848101267
-558.675903,158,15160.495999,19.0,0.8860759493670886,0.07489451476793248,0.05485232067510548,0.7911392405063291,0.310126582278481,0.10126582278481013
-551.736943,158,15163.60903,30.0,0.810126582278481,0.06329113924050633,0.05063291139240506,0.8164556962025317,0.310126582278481,0.12658227848101267
-547.713054,158,15166.714537,31.0,0.8059071729957806,0.06645569620253164,0.03417721518987342,0.8037974683544303,0.379746835443038,0.18354430379746836
-538.290659,158,15169.828179,34.0,0.7913502109704642,0.07383966244725738,0.04593128390596746,0.7848101265822784,0.43670886075949367,0.22151898734177214
-542.891433,158,15172.927824,39.0,0.7573839662447258,0.07172995780590717,0.04347498493068113,0.7721518987341772,0.47468354430379744,0.2468354430379747
-369.043425,158,15176.076181,70.0,0.5605485232067511,0.0759493670886076,0.037145871006630506,0.7658227848101266,0.5379746835443038,0.3037974683544304
-556.761355,158,15179.200007,24.0,0.8546413502109704,0.07278481012658228,0.07079566003616636,0.7784810126582279,0.44936708860759494,0.22784810126582278
-530.103955,158,15182.28749,37.0,0.7736286919831223,0.0759493670886076,0.053616636528028935,0.7848101265822784,0.4177215189873418,0.20253164556962025
-499.907469,158,15185.443765,63.0,0.6221594333936106,0.09862869198312235,0.062407072533654816,0.7911392405063291,0.35443037974683544,0.14556962025316456
-520.741728,158,15188.527539,51.0,0.6918424753867791,0.0949367088607595,0.056660638939119955,0.8037974683544303,0.3037974683544304,0.10759493670886076
-496.448768,158,15191.647245,48.0,0.7059674502712477,0.08649789029535865,0.04872413100261201,0.8037974683544303,0.2974683544303797,0.10126582278481013
-524.423209,158,15194.706867,29.0,0.8201476793248944,0.06962025316455696,0.042616033755274264,0.8291139240506329,0.27848101265822783,0.10759493670886076
-558.326847,158,15197.832756,28.0,0.832137834036568,0.07911392405063292,0.05549071181982574,0.8037974683544303,0.2974683544303797,0.10126582278481013
-531.649034,158,15200.952822,34.0,0.7967902350813743,0.08227848101265822,0.06341169379144063,0.7911392405063291,0.310126582278481,0.10126582278481013
-427.664466,158,15204.093724,21.0,0.8743319268635724,0.07278481012658228,0.07120253164556962,0.8164556962025317,0.31645569620253167,0.13291139240506328
-430.166702,158,15207.171456,26.0,0.8428270042194094,0.0759493670886076,0.04092827004219409,0.8291139240506329,0.31645569620253167,0.14556962025316456
-493.448794,158,15210.253736,23.0,0.8575949367088608,0.06645569620253164,0.04746835443037975,0.7974683544303798,0.36075949367088606,0.15822784810126583
-513.21957,158,15213.352715,24.0,0.8633966244725738,0.08438818565400844,0.08059071729957805,0.810126582278481,0.34810126582278483,0.15822784810126583
-524.387704,158,15216.467879,14.0,0.9113924050632911,0.06329113924050633,0.06329113924050633,0.8227848101265823,0.3670886075949367,0.189873417721519
-543.374084,158,15219.585528,10.0,0.9367088607594937,0.06329113924050633,0.06329113924050633,0.8037974683544303,0.35443037974683544,0.15822784810126583
-509.06265,158,15222.680733,16.0,0.9012658227848102,0.06751054852320675,0.060126582278481014,0.8670886075949367,0.31645569620253167,0.18354430379746836
-524.87607,158,15225.775255,23.0,0.8544303797468354,0.06645569620253164,0.06118143459915611,0.879746835443038,0.2974683544303797,0.17721518987341772
-506.452521,158,15228.896077,16.0,0.9018987341772152,0.06645569620253164,0.060126582278481014,0.8670886075949367,0.2974683544303797,0.16455696202531644
-522.284677,158,15232.226453,11.0,0.930379746835443,0.06645569620253164,0.06751054852320675,0.8291139240506329,0.37341772151898733,0.20253164556962025
-528.132596,158,15235.340559,34.0,0.7848101265822784,0.06329113924050633,0.03164556962025317,0.8481012658227848,0.4050632911392405,0.25316455696202533
-485.977774,158,15238.405326,56.0,0.6529535864978903,0.07278481012658228,0.03354430379746835,0.8291139240506329,0.4050632911392405,0.23417721518987342
-359.684076,158,15241.526208,82.0,0.5143987341772153,0.1350210970464135,0.07852622061482821,0.8417721518987342,0.4050632911392405,0.2468354430379747
-478.248514,158,15244.595961,39.0,0.7560126582278481,0.06856540084388185,0.054249547920433995,0.8481012658227848,0.4050632911392405,0.25316455696202533
-492.224901,158,15247.69848,49.0,0.69957805907173,0.07278481012658228,0.046955997588908976,0.8481012658227848,0.5063291139240507,0.35443037974683544
-506.390678,158,15250.816848,23.0,0.8544303797468354,0.06329113924050633,0.04430379746835443,0.8544303797468354,0.4810126582278481,0.33544303797468356
-497.177511,158,15253.913646,16.0,0.9018987341772152,0.06962025316455696,0.035864978902953586,0.8734177215189873,0.5379746835443038,0.41139240506329117
-518.591797,158,15256.96622,17.0,0.8987341772151899,0.07172995780590717,0.06645569620253164,0.879746835443038,0.47468354430379744,0.35443037974683544
-530.259846,158,15260.026623,19.0,0.8813291139240507,0.06540084388185653,0.058770343580470154,0.8860759493670886,0.3987341772151899,0.2848101265822785
-541.059892,158,15263.13693,16.0,0.9026898734177216,0.06856540084388185,0.06760644418872266,0.8481012658227848,0.34810126582278483,0.1962025316455696
-502.392634,158,15266.282194,54.0,0.6724683544303798,0.08966244725738397,0.05590717299578058,0.8607594936708861,0.3291139240506329,0.189873417721519
-542.439576,158,15269.372759,57.0,0.6554400241109102,0.0880801687763713,0.05657524613220815,0.8860759493670886,0.2911392405063291,0.17721518987341772
-543.86698,158,15272.436383,50.0,0.6974683544303798,0.08016877637130801,0.05539481615430983,0.8481012658227848,0.3227848101265823,0.17088607594936708
-543.08382,158,15275.5685,41.0,0.7484177215189873,0.07383966244725738,0.0399789029535865,0.8164556962025317,0.33544303797468356,0.1518987341772152
-540.720898,158,15278.561591,20.0,0.8783755274261603,0.07489451476793248,0.06374321880650995,0.8164556962025317,0.3291139240506329,0.14556962025316456
-517.188061,158,15281.613663,13.0,0.9229957805907174,0.06856540084388185,0.06856540084388185,0.8037974683544303,0.34810126582278483,0.1518987341772152
-496.205545,158,15284.725439,13.0,0.9177215189873418,0.06329113924050633,0.06329113924050633,0.8417721518987342,0.3291139240506329,0.17088607594936708
-523.724187,158,15287.84269,13.0,0.9177215189873418,0.06329113924050633,0.06329113924050633,0.8607594936708861,0.25316455696202533,0.11392405063291139
-542.485376,158,15290.972918,27.0,0.8306962025316456,0.06645569620253164,0.06540084388185653,0.8544303797468354,0.26582278481012656,0.12025316455696203
-538.344262,158,15294.049479,52.0,0.6753164556962026,0.06856540084388185,0.061708860759493674,0.8291139240506329,0.26582278481012656,0.0949367088607595
-508.855028,158,15297.110486,52.0,0.6755274261603376,0.07172995780590717,0.04389692585895118,0.7974683544303798,0.34810126582278483,0.14556962025316456
-503.975243,158,15300.252728,58.0,0.6529535864978904,0.08966244725738397,0.06322081575246133,0.7974683544303798,0.3670886075949367,0.16455696202531644
-522.501653,158,15303.346961,65.0,0.610337552742616,0.10864978902953586,0.060362668274060685,0.8037974683544303,0.34177215189873417,0.14556962025316456
-521.089255,158,15306.461852,68.0,0.5962025316455697,0.11075949367088607,0.07474884468555354,0.8037974683544303,0.3227848101265823,0.12658227848101267
-505.03492,158,15309.519909,59.0,0.6338155515370706,0.08122362869198312,0.06037271448663853,0.8037974683544303,0.33544303797468356,0.13924050632911392
-502.132409,158,15312.61165,47.0,0.7122362869198312,0.07911392405063292,0.046534056660638944,0.7974683544303798,0.34177215189873417,0.13924050632911392
-485.181271,158,15315.672912,45.0,0.7220464135021097,0.07278481012658228,0.039451476793248945,0.8037974683544303,0.41139240506329117,0.21518987341772153
-509.06827,158,15318.766604,48.0,0.7062839059674503,0.08122362869198313,0.04284207353827607,0.7974683544303798,0.4430379746835443,0.24050632911392406
-532.515481,158,15321.798998,24.0,0.8533755274261604,0.06856540084388185,0.06856540084388185,0.7974683544303798,0.44936708860759494,0.2468354430379747
-539.956972,158,15324.824712,13.0,0.9214135021097045,0.06962025316455696,0.0679324894514768,0.7848101265822784,0.45569620253164556,0.24050632911392406
-559.362974,158,15327.872809,9.0,0.9430379746835443,0.06329113924050633,0.06329113924050633,0.7784810126582279,0.3924050632911392,0.17088607594936708
-571.959679,158,15330.922359,31.0,0.8124120956399438,0.0780590717299578,0.06697353279631761,0.810126582278481,0.3291139240506329,0.13924050632911392
-566.440616,158,15333.905639,36.0,0.779535864978903,0.07278481012658228,0.06518987341772152,0.8037974683544303,0.3670886075949367,0.17088607594936708
-523.416179,158,15336.95853,41.0,0.7457805907172995,0.07172995780590717,0.07278481012658228,0.7974683544303798,0.31645569620253167,0.11392405063291139
-509.702779,158,15340.061246,44.0,0.7367088607594937,0.09388185654008438,0.07946051838456901,0.810126582278481,0.34810126582278483,0.15822784810126583
-504.663056,158,15343.147395,32.0,0.8006329113924051,0.06962025316455696,0.07067510548523206,0.7784810126582279,0.36075949367088606,0.13924050632911392
-519.235761,158,15346.260021,16.0,0.9034810126582279,0.07911392405063292,0.07426160337552742,0.7784810126582279,0.3860759493670886,0.16455696202531644
-496.364314,158,15349.323626,33.0,0.8070147679324895,0.10970464135021096,0.08273558368495078,0.7658227848101266,0.41139240506329117,0.17721518987341772
-480.856535,158,15352.406694,42.0,0.7458860759493672,0.08544303797468354,0.05301386377335745,0.7784810126582279,0.35443037974683544,0.13291139240506328
-441.669808,158,15355.497108,51.0,0.6830771549125979,0.0759493670886076,0.0331725939320876,0.8037974683544303,0.35443037974683544,0.15822784810126583
-466.685581,158,15358.539154,29.0,0.8212025316455697,0.07067510548523206,0.04578059071729958,0.8417721518987342,0.34810126582278483,0.189873417721519
-484.828102,158,15361.624227,33.0,0.7971518987341772,0.07120253164556962,0.05033152501506932,0.8291139240506329,0.3227848101265823,0.1518987341772152
-528.449878,158,15364.659497,22.0,0.8623417721518988,0.06540084388185653,0.0461121157323689,0.8227848101265823,0.34810126582278483,0.17088607594936708
-514.239718,158,15367.751086,26.0,0.8422995780590716,0.0759493670886076,0.04641350210970464,0.8417721518987342,0.43037974683544306,0.2721518987341772
-372.726941,158,15370.986171,89.0,0.47858649789029534,0.12130801687763713,0.05920735382760699,0.8734177215189873,0.3987341772151899,0.2721518987341772
-447.654663,158,15374.108564,78.0,0.5196880650994574,0.10654008438818564,0.0520896122161945,0.9050632911392406,0.3037974683544304,0.2088607594936709
-484.993297,158,15377.183416,62.0,0.6149789029535865,0.09071729957805906,0.05421940928270042,0.8417721518987342,0.27848101265822783,0.12025316455696203
-523.243532,158,15380.316017,42.0,0.7410337552742615,0.07700421940928269,0.06476793248945148,0.8417721518987342,0.25316455696202533,0.0949367088607595
-476.330727,158,15383.473485,55.0,0.6782700421940928,0.11075949367088607,0.08073136427566809,0.8354430379746836,0.25949367088607594,0.0949367088607595
-452.762301,158,15386.553499,47.0,0.7138185654008439,0.07436708860759493,0.04853827606992164,0.8291139240506329,0.26582278481012656,0.0949367088607595
-432.102519,158,15389.642279,43.0,0.7278481012658228,0.06329113924050633,0.012658227848101266,0.7974683544303798,0.3037974683544304,0.10126582278481013
-501.859849,158,15392.699855,21.0,0.8681434599156119,0.06856540084388185,0.05625879043600563,0.7721518987341772,0.47468354430379744,0.2468354430379747
-220.493554,158,15395.780344,53.0,0.6917194092827005,0.09388185654008438,0.08980309423347399,0.8037974683544303,0.44936708860759494,0.25316455696202533
-121.541392,158,15398.870441,7.0,0.9578059071729956,0.0680379746835443,0.06835443037974684,0.8417721518987342,0.46835443037974683,0.310126582278481
-150.345902,158,15401.936319,19.0,0.8825949367088607,0.06751054852320675,0.06668173598553345,0.8734177215189873,0.3227848101265823,0.1962025316455696
-173.290725,158,15405.0227,16.0,0.9018987341772152,0.0759493670886076,0.07383966244725738,0.9050632911392406,0.3037974683544304,0.2088607594936709
-163.609381,158,15408.378397,69.0,0.5854430379746836,0.08755274261603375,0.034704641350210966,0.9177215189873418,0.3037974683544304,0.22151898734177214
-272.370287,158,15411.523359,54.0,0.6702079566003616,0.08544303797468354,0.05228551336146273,0.8734177215189873,0.31645569620253167,0.189873417721519
-277.165701,158,15414.643951,57.0,0.6664104882459313,0.10337552742616032,0.07512055455093429,0.8164556962025317,0.3670886075949367,0.18354430379746836
-388.298686,158,15417.710287,34.0,0.8168776371308016,0.1039029535864979,0.07882760699216394,0.8417721518987342,0.3987341772151899,0.24050632911392406
-365.749589,158,15420.815629,40.0,0.7544303797468355,0.0759493670886076,0.0419831223628692,0.8607594936708861,0.31645569620253167,0.17721518987341772
-387.71703,158,15423.884867,47.0,0.7105485232067511,0.07911392405063292,0.04166666666666667,0.8860759493670886,0.27848101265822783,0.16455696202531644
-414.890552,158,15427.025975,59.0,0.6362869198312237,0.07489451476793248,0.05477697408077155,0.8860759493670886,0.2721518987341772,0.15822784810126583
-480.265312,158,15430.111061,33.0,0.7932489451476793,0.06645569620253164,0.04683544303797468,0.9050632911392406,0.3037974683544304,0.2088607594936709
-503.144373,158,15433.18999,19.0,0.8818565400843881,0.06645569620253164,0.04050632911392405,0.8987341772151899,0.2974683544303797,0.1962025316455696
-530.744525,158,15436.264438,10.0,0.9367088607594937,0.06329113924050633,0.06329113924050633,0.8607594936708861,0.34810126582278483,0.2088607594936709
-530.555868,158,15439.308042,26.0,0.8438818565400843,0.07489451476793248,0.053918022905364675,0.879746835443038,0.34177215189873417,0.22151898734177214
-517.647441,158,15442.398369,34.0,0.7955696202531646,0.07911392405063292,0.050331525015069316,0.8607594936708861,0.2974683544303797,0.15822784810126583
-499.55382,158,15445.520916,56.0,0.6520569620253165,0.08016877637130801,0.038296618992821524,0.8734177215189873,0.25949367088607594,0.13291139240506328
-451.098306,158,15448.631422,93.0,0.42478902953586495,0.08544303797468354,0.0321880650994575,0.9113924050632911,0.2721518987341772,0.18354430379746836
-391.460189,158,15451.711894,103.0,0.377795358649789,0.11656118143459913,0.0436407474382158,0.8924050632911392,0.3037974683544304,0.1962025316455696
-471.12845,158,15454.766014,73.0,0.5547995780590718,0.09546413502109703,0.06397428169580067,0.8607594936708861,0.3227848101265823,0.18354430379746836
-519.330554,158,15457.804342,39.0,0.7674050632911392,0.07911392405063292,0.07817962628089209,0.8227848101265823,0.3987341772151899,0.22151898734177214
-447.078535,158,15460.873743,70.0,0.5600738396624473,0.07911392405063292,0.040747438215792645,0.8164556962025317,0.41139240506329117,0.22784810126582278
-446.837632,158,15463.995763,76.0,0.5391952983725136,0.10021097046413502,0.04952280490255174,0.8227848101265823,0.45569620253164556,0.27848101265822783
-516.286921,158,15467.076306,70.0,0.5732846092023306,0.10179324894514767,0.05176904670575557,0.7974683544303798,0.5253164556962026,0.3227848101265823
-476.567972,158,15470.144904,29.0,0.8204113924050633,0.06962025316455696,0.048734177215189876,0.8037974683544303,0.5189873417721519,0.3227848101265823
-492.229086,158,15473.234145,53.0,0.690084388185654,0.09177215189873418,0.07317158931082982,0.8227848101265823,0.45569620253164556,0.27848101265822783
-476.620371,158,15476.277808,45.0,0.7380801687763713,0.11286919831223628,0.07637130801687764,0.7911392405063291,0.6265822784810127,0.4177215189873418
-460.116415,158,15479.320332,30.0,0.811392405063291,0.06962025316455696,0.044002411091018684,0.7848101265822784,0.759493670886076,0.5443037974683544
-479.711049,158,15482.377934,31.0,0.8088783403656822,0.07542194092827004,0.03223920945439933,0.7911392405063291,0.620253164556962,0.41139240506329117
-497.283857,158,15485.484775,26.0,0.8401898734177216,0.06856540084388185,0.048945147679324896,0.8291139240506329,0.4810126582278481,0.310126582278481
-493.393927,158,15488.582078,15.0,0.9082278481012658,0.06540084388185653,0.06582278481012659,0.8607594936708861,0.36075949367088606,0.22151898734177214
-451.66917,158,15491.667316,4.0,0.9746835443037974,0.06329113924050633,0.056962025316455694,0.8670886075949367,0.3291139240506329,0.1962025316455696
-443.681438,158,15494.800774,10.0,0.9367088607594937,0.06329113924050633,0.05063291139240506,0.8481012658227848,0.35443037974683544,0.20253164556962025
-455.186187,158,15497.907158,12.0,0.9272151898734177,0.0759493670886076,0.05485232067510548,0.8291139240506329,0.35443037974683544,0.18354430379746836
-474.419056,158,15500.939755,16.0,0.90084388185654,0.06645569620253164,0.059493670886075954,0.8227848101265823,0.41139240506329117,0.23417721518987342
-501.584655,158,15504.008176,12.0,0.9240506329113924,0.06329113924050633,0.05063291139240506,0.8417721518987342,0.4240506329113924,0.26582278481012656
-525.024763,158,15507.060151,18.0,0.8892405063291139,0.06645569620253164,0.05379746835443038,0.8481012658227848,0.3291139240506329,0.17721518987341772
-514.817908,158,15510.069746,22.0,0.8640370705244123,0.07172995780590717,0.06160337552742617,0.810126582278481,0.3227848101265823,0.13291139240506328
-515.22708,158,15513.152869,17.0,0.8955168776371308,0.07067510548523206,0.0549482163406214,0.7721518987341772,0.3924050632911392,0.16455696202531644
-452.175402,158,15516.212652,9.0,0.9438291139240507,0.06856540084388185,0.06139240506329113,0.7911392405063291,0.4620253164556962,0.25316455696202533
-450.669353,158,15519.276215,28.0,0.8277576853526221,0.07067510548523206,0.056329113924050635,0.8164556962025317,0.41139240506329117,0.22784810126582278
-503.474595,158,15522.352526,28.0,0.828119349005425,0.07172995780590717,0.056871609403254975,0.9050632911392406,0.26582278481012656,0.17088607594936708
-487.67954,158,15525.410383,42.0,0.7519590114526823,0.09071729957805907,0.07051436608398634,0.879746835443038,0.25316455696202533,0.13291139240506328
-486.815761,158,15528.526102,76.0,0.5329168721573785,0.10443037974683544,0.0747071142640763,0.8354430379746836,0.2721518987341772,0.10759493670886076
-543.323646,158,15531.597171,29.0,0.819620253164557,0.06645569620253164,0.04746835443037975,0.8291139240506329,0.3670886075949367,0.1962025316455696
-574.206866,158,15534.598675,16.0,0.8987341772151899,0.06329113924050633,0.05063291139240506,0.8164556962025317,0.3924050632911392,0.2088607594936709
-549.045576,158,15537.710881,7.0,0.9556962025316456,0.06329113924050633,0.06329113924050633,0.8037974683544303,0.4050632911392405,0.2088607594936709
-544.496501,158,15540.765241,14.0,0.9113924050632911,0.06329113924050633,0.05063291139240506,0.8037974683544303,0.4050632911392405,0.2088607594936709
-532.502785,158,15543.829554,10.0,0.9367088607594937,0.06329113924050633,0.06329113924050633,0.810126582278481,0.4430379746835443,0.25316455696202533
-537.90444,158,15546.892508,16.0,0.9040084388185653,0.07489451476793248,0.0701476793248945,0.8417721518987342,0.36075949367088606,0.20253164556962025
-523.181804,158,15549.940874,10.0,0.9367088607594937,0.06329113924050633,0.06329113924050633,0.8481012658227848,0.3291139240506329,0.17721518987341772
-539.847789,158,15553.017859,15.0,0.910337552742616,0.06962025316455696,0.0689873417721519,0.8481012658227848,0.3291139240506329,0.17721518987341772
-525.266091,158,15556.100924,7.0,0.9572784810126582,0.06962025316455696,0.06582278481012659,0.8417721518987342,0.3291139240506329,0.17088607594936708
-543.583153,158,15559.139282,7.0,0.9578059071729959,0.06751054852320675,0.06856540084388185,0.8607594936708861,0.310126582278481,0.17088607594936708
-532.938866,158,15562.25963,11.0,0.9316455696202531,0.06645569620253164,0.06509945750452079,0.8481012658227848,0.2911392405063291,0.13924050632911392
-536.061066,158,15565.390555,12.0,0.9240506329113924,0.06962025316455696,0.056962025316455694,0.8354430379746836,0.3037974683544304,0.13924050632911392
-517.334134,158,15568.52897,14.0,0.9145569620253164,0.06540084388185653,0.04683544303797468,0.8734177215189873,0.2911392405063291,0.16455696202531644
-509.780656,158,15571.62352,5.0,0.9725738396624474,0.06856540084388185,0.06793248945147679,0.8734177215189873,0.2974683544303797,0.17088607594936708
-531.518423,158,15574.725181,4.0,0.9746835443037974,0.06329113924050633,0.06329113924050633,0.879746835443038,0.2721518987341772,0.1518987341772152
-525.209463,158,15577.934789,2.0,0.9873417721518988,0.06329113924050633,0.06329113924050633,0.879746835443038,0.27848101265822783,0.15822784810126583
-512.941545,158,15581.038827,4.0,0.9746835443037974,0.06329113924050633,0.06329113924050633,0.879746835443038,0.25949367088607594,0.13924050632911392
-525.699066,158,15584.163408,9.0,0.9430379746835443,0.06329113924050633,0.05063291139240506,0.8227848101265823,0.36075949367088606,0.18354430379746836
-529.029909,158,15587.25633,21.0,0.8670886075949367,0.06329113924050633,0.03164556962025317,0.7784810126582279,0.43670886075949367,0.21518987341772153
-499.2551,158,15590.311095,24.0,0.8565400843881855,0.0780590717299578,0.03551336146272855,0.7974683544303798,0.5759493670886076,0.37341772151898733
-477.720138,158,15593.377273,22.0,0.8669379144062689,0.0780590717299578,0.05158227848101266,0.8291139240506329,0.4873417721518987,0.31645569620253167
-472.42971,158,15596.674567,25.0,0.8451476793248945,0.06962025316455696,0.04864376130198915,0.8670886075949367,0.41139240506329117,0.27848101265822783
-507.271044,158,15599.733957,25.0,0.8571880650994574,0.09177215189873418,0.08273056057866185,0.8354430379746836,0.3291139240506329,0.16455696202531644
-534.480237,158,15602.768482,28.0,0.8301687763713081,0.08016877637130801,0.048126838000255724,0.8607594936708861,0.34177215189873417,0.20253164556962025
-531.286587,158,15605.841005,24.0,0.8556962025316455,0.07489451476793248,0.0659985935302391,0.8544303797468354,0.31645569620253167,0.17088607594936708
-530.792423,158,15608.871415,13.0,0.9193037974683544,0.06645569620253164,0.06540084388185653,0.8734177215189873,0.2848101265822785,0.15822784810126583
-530.471633,158,15611.918292,16.0,0.8987341772151899,0.06329113924050633,0.05063291139240506,0.8734177215189873,0.26582278481012656,0.13924050632911392
-526.727734,158,15614.949093,16.0,0.9003164556962026,0.07067510548523206,0.06254315304948217,0.8734177215189873,0.25949367088607594,0.13291139240506328
-512.181494,158,15617.989869,13.0,0.9217902350813743,0.07172995780590717,0.06740506329113924,0.8734177215189873,0.26582278481012656,0.13924050632911392
-523.486087,158,15621.071373,10.0,0.9377637130801689,0.06962025316455696,0.06909282700421941,0.8417721518987342,0.2468354430379747,0.08860759493670886
-524.69803,158,15624.096742,15.0,0.9082278481012658,0.06645569620253164,0.06645569620253164,0.8164556962025317,0.2468354430379747,0.06329113924050633
-508.477974,158,15627.180523,30.0,0.8270042194092826,0.09915611814345993,0.07374924653405665,0.8227848101265823,0.2974683544303797,0.12025316455696203
-561.951343,158,15630.270288,27.0,0.8291139240506329,0.06329113924050633,0.04430379746835443,0.7974683544303798,0.37341772151898733,0.17088607594936708
-524.765624,158,15633.333151,7.0,0.9556962025316456,0.06329113924050633,0.06329113924050633,0.7911392405063291,0.44936708860759494,0.24050632911392406
-514.878555,158,15636.395422,6.0,0.9620253164556962,0.06329113924050633,0.06329113924050633,0.7974683544303798,0.36075949367088606,0.15822784810126583
-537.25688,158,15639.486436,7.0,0.9556962025316456,0.06329113924050633,0.06329113924050633,0.8417721518987342,0.310126582278481,0.1518987341772152
-516.550501,158,15642.566855,13.0,0.9198312236286919,0.06645569620253164,0.06582278481012659,0.8544303797468354,0.2848101265822785,0.13924050632911392
-509.42166,158,15645.674845,17.0,0.8934599156118145,0.06645569620253164,0.06487341772151899,0.8607594936708861,0.2848101265822785,0.14556962025316456
-436.038356,158,15648.727577,15.0,0.9050632911392406,0.06329113924050633,0.06329113924050633,0.8607594936708861,0.2974683544303797,0.15822784810126583
-408.356233,158,15651.815055,28.0,0.8289413118527043,0.07700421940928269,0.06509945750452079,0.8607594936708861,0.2848101265822785,0.14556962025316456
-429.220147,158,15654.915412,32.0,0.8005301660364952,0.0759493670886076,0.06480825784623254,0.8670886075949367,0.310126582278481,0.17721518987341772
-364.603515,158,15658.040064,40.0,0.7528481012658228,0.07172995780590717,0.05748945147679324,0.9113924050632911,0.3037974683544304,0.21518987341772153
-398.871555,158,15661.126627,39.0,0.7603978300180831,0.0759493670886076,0.057735583684950784,0.9240506329113924,0.2721518987341772,0.1962025316455696
-352.132876,158,15664.202927,50.0,0.6925105485232067,0.08755274261603375,0.060126582278481014,0.9050632911392406,0.26582278481012656,0.17088607594936708
-429.15509,158,15667.296881,51.0,0.6935654008438819,0.09177215189873418,0.050874020494273656,0.8481012658227848,0.26582278481012656,0.11392405063291139
-438.416261,158,15670.404153,44.0,0.7310126582278481,0.0780590717299578,0.06202531645569621,0.7974683544303798,0.34810126582278483,0.14556962025316456
-494.591274,158,15673.484638,34.0,0.7990506329113924,0.08016877637130802,0.07185051235684146,0.7911392405063291,0.34177215189873417,0.13291139240506328
-466.367479,158,15676.513577,31.0,0.8059071729957805,0.07278481012658228,0.032700421940928266,0.7974683544303798,0.379746835443038,0.17721518987341772
-473.036855,158,15679.58134,41.0,0.7473628691983122,0.08544303797468354,0.034704641350210966,0.7974683544303798,0.45569620253164556,0.25316455696202533
-449.582039,158,15682.673153,41.0,0.7611814345991561,0.11181434599156116,0.06891199517781797,0.8417721518987342,0.36075949367088606,0.20253164556962025
-522.265132,158,15685.713314,25.0,0.8417721518987342,0.06329113924050633,0.04430379746835443,0.8417721518987342,0.3291139240506329,0.17088607594936708
-498.058625,158,15688.77385,13.0,0.9177215189873418,0.06329113924050633,0.056962025316455694,0.8291139240506329,0.45569620253164556,0.2848101265822785
-500.36477,158,15691.817845,12.0,0.9251054852320675,0.06540084388185653,0.06469760900140646,0.8164556962025317,0.3924050632911392,0.2088607594936709
-437.576042,158,15694.939236,35.0,0.819620253164557,0.1550632911392405,0.12172995780590717,0.8227848101265823,0.34810126582278483,0.17088607594936708
-399.141353,158,15698.062202,69.0,0.5769690576652601,0.0959915611814346,0.023342374924653405,0.879746835443038,0.33544303797468356,0.21518987341772153
-489.146972,158,15701.159566,39.0,0.7575949367088608,0.07172995780590717,0.01729957805907173,0.8670886075949367,0.379746835443038,0.2468354430379747
-517.012175,158,15704.218881,25.0,0.8475738396624471,0.0780590717299578,0.04578059071729958,0.8607594936708861,0.3987341772151899,0.25949367088607594
-495.691394,158,15707.30892,15.0,0.9120428973277074,0.07700421940928269,0.06540632363417173,0.8607594936708861,0.3227848101265823,0.18354430379746836
-483.464244,158,15710.363291,31.0,0.8126582278481013,0.07700421940928269,0.06139240506329113,0.8544303797468354,0.3037974683544304,0.15822784810126583
-441.216887,158,15713.518461,70.0,0.57457805907173,0.0880801687763713,0.05795660036166365,0.8417721518987342,0.33544303797468356,0.17721518987341772
-536.706594,158,15716.621877,37.0,0.7767932489451477,0.08227848101265822,0.050647980711271856,0.8354430379746836,0.37341772151898733,0.2088607594936709
-494.567159,158,15719.702528,35.0,0.7860759493670886,0.0780590717299578,0.044755877034358044,0.8417721518987342,0.4177215189873418,0.25949367088607594
-519.440931,158,15722.795236,37.0,0.7756931886678722,0.08860759493670886,0.06405510804244981,0.8734177215189873,0.2974683544303797,0.17088607594936708
-546.345907,158,15725.836092,43.0,0.7358649789029534,0.0780590717299578,0.06371308016877637,0.8924050632911392,0.2974683544303797,0.189873417721519
-547.517899,158,15728.926043,37.0,0.7679324894514767,0.06645569620253164,0.059493670886075954,0.8227848101265823,0.43037974683544306,0.25316455696202533
-538.426094,158,15731.954255,35.0,0.7805907172995781,0.06540084388185653,0.02742616033755274,0.7911392405063291,0.41139240506329117,0.20253164556962025
-538.7911,158,15734.960533,32.0,0.804324894514768,0.08438818565400844,0.034849538647007,0.8734177215189873,0.2974683544303797,0.17088607594936708
-420.979712,158,15738.068634,63.0,0.6265822784810127,0.10337552742616032,0.08327305605786618,0.8544303797468354,0.33544303797468356,0.189873417721519
-309.379021,158,15741.262279,130.0,0.23171589310829818,0.13291139240506328,0.08319314300326958,0.8544303797468354,0.34177215189873417,0.1962025316455696
-441.383543,158,15744.405749,96.0,0.41540358375801417,0.11392405063291139,0.05157725537472373,0.8291139240506329,0.33544303797468356,0.16455696202531644
-419.245783,158,15747.571731,86.0,0.4714285714285715,0.10759493670886076,0.04692722888925421,0.8417721518987342,0.34810126582278483,0.189873417721519
-519.046385,158,15750.707379,39.0,0.7650316455696202,0.08649789029535865,0.06427566807313642,0.8354430379746836,0.4050632911392405,0.24050632911392406
-492.653159,158,15753.854733,66.0,0.5927742616033755,0.0970464135021097,0.0690375728350412,0.8354430379746836,0.3670886075949367,0.20253164556962025
-476.979573,158,15756.9733,64.0,0.6099758890898132,0.10126582278481013,0.06682238296162347,0.8481012658227848,0.310126582278481,0.15822784810126583
-512.611406,158,15760.076712,50.0,0.6965792646172392,0.08649789029535865,0.06308016877637129,0.8481012658227848,0.3037974683544304,0.1518987341772152
-529.25866,158,15763.158214,38.0,0.7627185051235684,0.07383966244725738,0.04896021699819168,0.8670886075949367,0.2974683544303797,0.16455696202531644
-505.971312,158,15766.298238,50.0,0.7032700421940928,0.09071729957805906,0.0660488245931284,0.8670886075949367,0.2848101265822785,0.1518987341772152
-477.654201,158,15769.412669,72.0,0.563818565400844,0.08649789029535863,0.05795660036166365,0.8607594936708861,0.3291139240506329,0.189873417721519
-523.297339,158,15772.486585,61.0,0.6371308016877637,0.10021097046413502,0.09032549728752261,0.8544303797468354,0.33544303797468356,0.189873417721519
-468.853058,158,15775.779955,67.0,0.5914556962025316,0.09282700421940927,0.05089411291942937,0.810126582278481,0.4050632911392405,0.21518987341772153
-420.441007,158,15778.852923,66.0,0.5911392405063292,0.07911392405063292,0.037869198312236285,0.7848101265822784,0.44936708860759494,0.23417721518987342
-508.917189,158,15781.977407,32.0,0.8030590717299578,0.07489451476793248,0.03892405063291139,0.7848101265822784,0.5189873417721519,0.3037974683544304
-515.033578,158,15785.103157,15.0,0.9063291139240506,0.06540084388185653,0.05221518987341772,0.8227848101265823,0.45569620253164556,0.27848101265822783
-529.908213,158,15788.179302,13.0,0.9213080168776371,0.0759493670886076,0.06879144062688368,0.9050632911392406,0.33544303797468356,0.24050632911392406
-518.997062,158,15791.285121,24.0,0.8511151295961423,0.06856540084388185,0.06708860759493672,0.9177215189873418,0.3037974683544304,0.22151898734177214
-503.046629,158,15794.40149,34.0,0.7883966244725739,0.07067510548523206,0.05542997789833233,0.9050632911392406,0.2974683544303797,0.20253164556962025
-484.261961,158,15797.522015,28.0,0.8227848101265823,0.06751054852320675,0.056962025316455694,0.9177215189873418,0.27848101265822783,0.1962025316455696
-483.489941,158,15800.616379,45.0,0.7242616033755275,0.08227848101265822,0.024261603375527425,0.8607594936708861,0.26582278481012656,0.12658227848101267
-535.902008,158,15803.627794,34.0,0.8013713080168776,0.09388185654008438,0.051527024311834445,0.8544303797468354,0.2848101265822785,0.13924050632911392
-521.499515,158,15806.779946,54.0,0.6601868595539482,0.07172995780590717,0.02830520393811533,0.8481012658227848,0.2974683544303797,0.14556962025316456
-477.672786,158,15809.90451,60.0,0.6493444846292947,0.11919831223628691,0.047870202933494074,0.8354430379746836,0.3227848101265823,0.15822784810126583
-555.01288,158,15812.957296,34.0,0.7866184448462928,0.06751054852320675,0.021518987341772152,0.8227848101265823,0.379746835443038,0.20253164556962025
-548.062462,158,15816.056353,6.0,0.9651898734177216,0.06540084388185653,0.06582278481012659,0.8291139240506329,0.4050632911392405,0.23417721518987342
-503.856096,158,15819.077481,21.0,0.869620253164557,0.07172995780590717,0.058242917420132614,0.8481012658227848,0.37341772151898733,0.22151898734177214
-512.54346,158,15822.172809,26.0,0.8449367088607594,0.0780590717299578,0.0419831223628692,0.8607594936708861,0.310126582278481,0.17088607594936708
-526.962724,158,15825.265213,37.0,0.7707805907172995,0.07911392405063292,0.05168776371308016,0.8417721518987342,0.31645569620253167,0.15822784810126583
-550.954143,158,15828.356402,44.0,0.7340265220012054,0.09177215189873418,0.05457102672292546,0.8227848101265823,0.3227848101265823,0.14556962025316456
-561.991717,158,15831.427652,24.0,0.8625527426160338,0.10232067510548522,0.09927667269439422,0.8164556962025317,0.34810126582278483,0.16455696202531644
-508.104169,158,15834.501846,12.0,0.9240506329113924,0.06329113924050633,0.06329113924050633,0.8164556962025317,0.3860759493670886,0.20253164556962025
-425.597738,158,15837.606266,78.0,0.545464135021097,0.14240506329113925,0.09930681133212778,0.8037974683544303,0.37341772151898733,0.17721518987341772
-476.504947,158,15840.613242,15.0,0.9066455696202531,0.06540084388185653,0.06509945750452079,0.8291139240506329,0.3987341772151899,0.22784810126582278
-395.80408,158,15843.599284,2.0,0.990506329113924,0.06645569620253164,0.06645569620253164,0.8291139240506329,0.4050632911392405,0.23417721518987342
-368.391066,158,15846.700159,12.0,0.9240506329113924,0.06329113924050633,0.04430379746835443,0.8481012658227848,0.4240506329113924,0.2721518987341772
-462.899658,158,15849.70811,20.0,0.8765822784810127,0.0780590717299578,0.06160337552742617,0.8291139240506329,0.44936708860759494,0.27848101265822783
-408.242807,158,15852.767097,36.0,0.7753164556962026,0.06962025316455696,0.04852320675105485,0.8354430379746836,0.47468354430379744,0.310126582278481
-416.503551,158,15855.830991,53.0,0.6703586497890295,0.07489451476793248,0.051808318264014476,0.8227848101265823,0.5443037974683544,0.3670886075949367
-393.328194,158,15858.879008,33.0,0.8008438818565402,0.07911392405063292,0.0520042194092827,0.810126582278481,0.6835443037974683,0.4936708860759494
-406.59311,158,15862.013235,29.0,0.8264767932489452,0.08649789029535865,0.05991561181434598,0.7784810126582279,0.759493670886076,0.5379746835443038
-440.18794,158,15865.067614,30.0,0.810126582278481,0.06751054852320675,0.024050632911392405,0.7784810126582279,0.6772151898734177,0.45569620253164556
-436.751961,158,15868.171706,27.0,0.8375527426160336,0.07489451476793248,0.028270042194092827,0.7974683544303798,0.44936708860759494,0.2468354430379747
-443.228269,158,15871.279865,34.0,0.7955696202531646,0.08122362869198312,0.057082579867389995,0.879746835443038,0.31645569620253167,0.1962025316455696
-462.841356,158,15874.372428,43.0,0.7380274261603376,0.08333333333333333,0.050105485232067516,0.8924050632911392,0.2848101265822785,0.17721518987341772
-476.021206,158,15877.555426,50.0,0.7047016274864376,0.09915611814345991,0.05268736186457705,0.8924050632911392,0.3037974683544304,0.1962025316455696
-435.492076,158,15880.720483,56.0,0.6643359453486035,0.10126582278481013,0.044876431585292344,0.8607594936708861,0.3670886075949367,0.22784810126582278
-461.08268,158,15883.852386,45.0,0.7278481012658228,0.08966244725738397,0.03788426763110307,0.8417721518987342,0.3924050632911392,0.23417721518987342
-484.008975,158,15886.966379,53.0,0.6779535864978904,0.08860759493670886,0.029304802089612215,0.8734177215189873,0.34810126582278483,0.22151898734177214
-462.476934,158,15890.10834,54.0,0.6656720916214587,0.07911392405063292,0.06627988748241913,0.8924050632911392,0.33544303797468356,0.22784810126582278
-397.857408,158,15893.316031,78.0,0.515506329113924,0.07489451476793248,0.06024713682941531,0.8354430379746836,0.4177215189873418,0.25316455696202533
-523.075925,158,15896.452864,61.0,0.6204792043399637,0.0780590717299578,0.03952180028129395,0.810126582278481,0.37341772151898733,0.18354430379746836
-465.044724,158,15899.542285,72.0,0.5583484026522001,0.10021097046413502,0.03768836648583484,0.8544303797468354,0.2911392405063291,0.14556962025316456
-479.260246,158,15902.65977,40.0,0.7565928270042194,0.08122362869198312,0.05033152501506932,0.8860759493670886,0.25949367088607594,0.14556962025316456
-471.351146,158,15905.752328,54.0,0.6772151898734177,0.09599156118143458,0.0270042194092827,0.8987341772151899,0.2848101265822785,0.18354430379746836
-437.029367,158,15908.897682,51.0,0.6902501506931886,0.09388185654008438,0.04718203737191079,0.8987341772151899,0.2974683544303797,0.1962025316455696
-433.515382,158,15912.026527,56.0,0.6492616033755274,0.07278481012658228,0.017932489451476793,0.8607594936708861,0.379746835443038,0.24050632911392406
-368.909652,158,15915.215692,75.0,0.5533755274261604,0.10759493670886076,0.07010247136829414,0.8481012658227848,0.4177215189873418,0.26582278481012656
-363.025567,158,15918.387991,83.0,0.4938818565400844,0.10443037974683544,0.04326401446654611,0.8354430379746836,0.43670886075949367,0.2721518987341772
-468.959512,158,15921.512905,41.0,0.7451476793248946,0.07278481012658228,0.06311030741410488,0.8734177215189873,0.44936708860759494,0.3227848101265823
-400.738886,158,15924.647527,67.0,0.5880226313770618,0.09177215189873417,0.06880071405387861,0.8481012658227848,0.43037974683544306,0.27848101265822783
-471.697614,158,15927.789733,50.0,0.7029535864978903,0.0970464135021097,0.07724532851115129,0.8164556962025317,0.379746835443038,0.1962025316455696
-395.45852,158,15930.991092,79.0,0.5478902953586497,0.14240506329113925,0.0892153907976693,0.8481012658227848,0.4240506329113924,0.2721518987341772
-449.703864,158,15934.168937,58.0,0.6529535864978903,0.10021097046413502,0.059086799276672694,0.8544303797468354,0.41139240506329117,0.26582278481012656
-419.255568,158,15937.32219,72.0,0.5550632911392406,0.10548523206751054,0.07438215792646173,0.8734177215189873,0.3670886075949367,0.24050632911392406
-449.776738,158,15940.499311,81.0,0.5170433996383363,0.12869198312236285,0.0844685553546313,0.9177215189873418,0.3227848101265823,0.24050632911392406
-372.348493,158,15943.694556,108.0,0.3363396624472574,0.12763713080168776,0.07553290591265274,0.8734177215189873,0.34810126582278483,0.22151898734177214
-384.992647,158,15946.811864,87.0,0.47279987944544916,0.10337552742616032,0.08164556962025317,0.8860759493670886,0.34177215189873417,0.22784810126582278
-390.173506,158,15950.144696,70.0,0.580872011251758,0.10443037974683544,0.07346795258187663,0.8924050632911392,0.34177215189873417,0.23417721518987342
-483.481599,158,15953.242133,45.0,0.7183544303797469,0.07067510548523206,0.03605677023398542,0.8734177215189873,0.37341772151898733,0.2468354430379747
-456.929326,158,15956.338886,53.0,0.6645569620253164,0.06329113924050633,0.006329113924050633,0.8544303797468354,0.3924050632911392,0.2468354430379747
-421.513583,158,15959.444759,54.0,0.6708860759493671,0.07911392405063292,0.04484629294755877,0.8734177215189873,0.3924050632911392,0.26582278481012656
-440.194525,158,15962.560856,35.0,0.7920433996383364,0.08544303797468354,0.06047819971870605,0.8481012658227848,0.43037974683544306,0.27848101265822783
-463.429629,158,15965.70599,47.0,0.7107019562715765,0.08016877637130801,0.0546656929568322,0.8291139240506329,0.41139240506329117,0.24050632911392406
-458.776446,158,15968.775877,41.0,0.75042194092827,0.08544303797468354,0.057082579867389995,0.8417721518987342,0.41139240506329117,0.25316455696202533
-496.179597,158,15971.809692,36.0,0.7758438818565401,0.06962025316455696,0.048945147679324896,0.879746835443038,0.37341772151898733,0.25316455696202533
-411.392724,158,15974.86866,70.0,0.5763863773357444,0.09757383966244726,0.028566405465139635,0.8670886075949367,0.34810126582278483,0.21518987341772153
-486.939573,158,15977.962669,48.0,0.7085443037974684,0.08544303797468354,0.02132308619650392,0.8734177215189873,0.3291139240506329,0.20253164556962025
-356.295463,158,15981.103809,110.0,0.31851265822784813,0.0949367088607595,0.0251557162949568,0.8670886075949367,0.3291139240506329,0.1962025316455696
-441.191093,158,15984.170438,69.0,0.5911392405063292,0.1181434599156118,0.05131103074141049,0.8417721518987342,0.35443037974683544,0.1962025316455696
-498.807167,158,15987.271436,35.0,0.7809674502712477,0.07172995780590717,0.041365280289330925,0.8227848101265823,0.35443037974683544,0.17721518987341772
-528.85823,158,15990.383892,30.0,0.8179324894514767,0.08227848101265822,0.04156118143459916,0.8164556962025317,0.36075949367088606,0.17721518987341772
-520.145325,158,15993.489989,49.0,0.7106389391199518,0.10337552742616032,0.058624673498091216,0.8291139240506329,0.34810126582278483,0.17721518987341772
-543.738137,158,15996.578759,34.0,0.7902953586497891,0.07489451476793248,0.05138637733574442,0.8481012658227848,0.31645569620253167,0.16455696202531644
-547.025036,158,15999.624938,24.0,0.8530590717299578,0.07489451476793248,0.06657625075346595,0.8607594936708861,0.2721518987341772,0.13291139240506328
-468.709198,158,16002.697599,38.0,0.7616033755274262,0.06962025316455696,0.028481012658227847,0.8544303797468354,0.3037974683544304,0.15822784810126583
-515.807277,158,16005.764609,22.0,0.8621659634317863,0.06962025316455696,0.046605293440736474,0.8481012658227848,0.35443037974683544,0.20253164556962025
-506.348158,158,16008.824188,28.0,0.8272302591922845,0.0759493670886076,0.05713783403656822,0.8227848101265823,0.36075949367088606,0.18354430379746836
-469.914571,158,16011.926936,51.0,0.6850361663652803,0.08016877637130801,0.05722322684348001,0.8227848101265823,0.3670886075949367,0.189873417721519
-476.515555,158,16014.999555,67.0,0.5866033755274261,0.09177215189873418,0.037793851717902345,0.8227848101265823,0.3860759493670886,0.2088607594936709
-526.492434,158,16018.04979,53.0,0.6726793248945148,0.0780590717299578,0.03884870403857746,0.8544303797468354,0.310126582278481,0.16455696202531644
-535.495322,158,16021.15006,41.0,0.7457805907172996,0.07172995780590717,0.04725738396624472,0.9177215189873418,0.2468354430379747,0.16455696202531644
-479.262932,158,16024.165912,66.0,0.5875175808720113,0.0780590717299578,0.02639185708805962,0.930379746835443,0.2468354430379747,0.17721518987341772
-516.67002,158,16027.184454,54.0,0.6674050632911391,0.08227848101265822,0.02807414104882459,0.8544303797468354,0.2721518987341772,0.12658227848101267
-535.678639,158,16030.214243,48.0,0.6972573839662447,0.06962025316455696,0.014466546112115732,0.8037974683544303,0.4430379746835443,0.2468354430379747
-448.351628,158,16033.203866,25.0,0.8417721518987342,0.06329113924050633,0.02531645569620253,0.7911392405063291,0.5822784810126582,0.37341772151898733
-467.607575,158,16036.312309,57.0,0.6465669351745301,0.08649789029535865,0.016721148050261973,0.8164556962025317,0.4050632911392405,0.22151898734177214
-397.538916,158,16039.36017,41.0,0.7436708860759493,0.07278481012658228,0.02742616033755274,0.8734177215189873,0.2911392405063291,0.16455696202531644
-420.229094,158,16042.396548,54.0,0.6682489451476794,0.08755274261603375,0.026190476190476188,0.8607594936708861,0.2974683544303797,0.15822784810126583
-499.115034,158,16045.444996,65.0,0.5998945147679324,0.08438818565400844,0.019228450874020492,0.8291139240506329,0.34810126582278483,0.17721518987341772
-502.374322,158,16048.519972,44.0,0.7267932489451477,0.07278481012658228,0.013080168776371307,0.810126582278481,0.4240506329113924,0.23417721518987342
-512.309551,158,16051.628523,36.0,0.7730560578661845,0.06540084388185653,0.007594936708860759,0.8164556962025317,0.45569620253164556,0.2721518987341772
-519.783898,158,16054.743733,36.0,0.7770569620253165,0.0759493670886076,0.057625075346594334,0.8354430379746836,0.4177215189873418,0.25316455696202533
-469.925965,158,16057.848351,44.0,0.7432489451476794,0.10021097046413502,0.06766124171187463,0.8291139240506329,0.4177215189873418,0.2468354430379747
-489.971876,158,16060.924152,31.0,0.8059071729957805,0.06540084388185653,0.04641350210970464,0.8227848101265823,0.43037974683544306,0.25316455696202533
-501.996215,158,16064.011128,17.0,0.8924050632911392,0.06329113924050633,0.056962025316455694,0.7848101265822784,0.4430379746835443,0.22784810126582278
-504.702765,158,16067.089991,25.0,0.8438818565400844,0.08649789029535865,0.06223628691983121,0.7848101265822784,0.5253164556962026,0.310126582278481
-470.325373,158,16070.13676,41.0,0.7457805907172996,0.06962025316455696,0.056329113924050635,0.7911392405063291,0.5569620253164557,0.34810126582278483
-479.698885,158,16073.241048,54.0,0.6829113924050634,0.09229957805907173,0.06256781193490055,0.8291139240506329,0.4873417721518987,0.31645569620253167
-460.263959,158,16076.317616,65.0,0.6041742013261001,0.10443037974683544,0.04671488848704039,0.8037974683544303,0.47468354430379744,0.27848101265822783
-507.745612,158,16079.411878,63.0,0.6083333333333334,0.0780590717299578,0.041033755274261605,0.7974683544303798,0.44936708860759494,0.2468354430379747
-485.008374,158,16082.544024,76.0,0.5424804098854732,0.10759493670886076,0.04709664456499899,0.8164556962025317,0.33544303797468356,0.1518987341772152
-541.013143,158,16085.66569,57.0,0.6463331324090819,0.08860759493670886,0.029556414050084936,0.8227848101265823,0.3291139240506329,0.1518987341772152
-507.816293,158,16088.720723,47.0,0.7172995780590717,0.07700421940928269,0.039451476793248945,0.8164556962025317,0.35443037974683544,0.17088607594936708
-505.539419,158,16091.803085,62.0,0.6174653405666065,0.08438818565400844,0.01933895921237693,0.8227848101265823,0.43670886075949367,0.25949367088607594
-483.07828,158,16094.875601,53.0,0.6654611211573237,0.06645569620253164,0.014064697609001408,0.7974683544303798,0.4873417721518987,0.2848101265822785
-450.871583,158,16098.044799,60.0,0.6271097046413503,0.07489451476793248,0.04264617239300784,0.810126582278481,0.3987341772151899,0.2088607594936709
-469.955146,158,16101.11743,56.0,0.6704189270644967,0.11708860759493671,0.0630098452883263,0.8291139240506329,0.4240506329113924,0.25316455696202533
-480.574347,158,16104.250971,68.0,0.5837176009644364,0.0970464135021097,0.018696001607394014,0.8354430379746836,0.379746835443038,0.21518987341772153
-486.737882,158,16107.373959,74.0,0.5387130801687763,0.08016877637130801,0.01235684147076552,0.8924050632911392,0.34810126582278483,0.24050632911392406
-469.678978,158,16110.429394,73.0,0.55,0.08227848101265822,0.014165159734779989,0.8987341772151899,0.31645569620253167,0.21518987341772153
-480.818226,158,16113.537324,74.0,0.5445147679324894,0.07700421940928269,0.03158529234478601,0.8670886075949367,0.3037974683544304,0.17088607594936708
-405.430791,158,16116.616292,70.0,0.5774789029535865,0.10654008438818564,0.05850411894715692,0.8607594936708861,0.34177215189873417,0.20253164556962025
-423.310184,158,16119.962116,66.0,0.6082278481012657,0.11761603375527425,0.06310619759986849,0.8227848101265823,0.36075949367088606,0.18354430379746836
-468.543909,158,16123.054711,56.0,0.6538677918424753,0.08649789029535865,0.04306354686101522,0.8354430379746836,0.3860759493670886,0.22151898734177214
-420.356731,158,16126.144155,70.0,0.5692510548523206,0.0859704641350211,0.04598653807514567,0.8291139240506329,0.4240506329113924,0.25316455696202533
-442.718509,158,16129.255322,92.0,0.438878842676311,0.10548523206751054,0.06059373116335141,0.8354430379746836,0.43037974683544306,0.26582278481012656
-438.102313,158,16132.400251,89.0,0.4528631705846896,0.09599156118143458,0.05154209363070123,0.8164556962025317,0.46835443037974683,0.2848101265822785
-443.232521,158,16135.556151,96.0,0.40527426160337554,0.09071729957805906,0.05457496090407483,0.8037974683544303,0.46835443037974683,0.2721518987341772
-472.110281,158,16138.642056,83.0,0.4967299578059072,0.0981012658227848,0.03717600964436408,0.7974683544303798,0.4240506329113924,0.22151898734177214
-389.697076,158,16141.801666,101.0,0.4108649789029536,0.1471518987341772,0.07352822985734378,0.8227848101265823,0.34177215189873417,0.16455696202531644
-507.896576,158,16144.919266,62.0,0.6227848101265823,0.08860759493670886,0.028586497890295364,0.8164556962025317,0.33544303797468356,0.1518987341772152
-505.648662,158,16148.046838,74.0,0.5589461523005826,0.10337552742616032,0.06389893510146676,0.8227848101265823,0.3291139240506329,0.1518987341772152
-497.579448,158,16151.163685,84.0,0.48702531645569624,0.10337552742616032,0.05994575045207957,0.8037974683544303,0.34810126582278483,0.1518987341772152
-427.692823,158,16154.351798,111.0,0.3267631103074141,0.13238396624472573,0.03797514019033007,0.8037974683544303,0.3227848101265823,0.12658227848101267
-512.260616,158,16157.442215,71.0,0.5743670886075949,0.10337552742616032,0.05675105485232067,0.7974683544303798,0.31645569620253167,0.11392405063291139
-482.619413,158,16160.49729,43.0,0.7331826401446655,0.08122362869198312,0.04526823387582881,0.7784810126582279,0.47468354430379744,0.25316455696202533
-546.744666,158,16163.560376,22.0,0.8670886075949367,0.06856540084388185,0.04367088607594937,0.7784810126582279,0.4620253164556962,0.24050632911392406
-539.500436,158,16166.625718,40.0,0.7486437613019891,0.07278481012658228,0.021976090014064698,0.7911392405063291,0.43037974683544306,0.22151898734177214
-528.627809,158,16169.729373,37.0,0.7722021297970665,0.0780590717299578,0.05194987853215702,0.8354430379746836,0.35443037974683544,0.189873417721519
-509.048166,158,16172.835524,38.0,0.7783805505324491,0.10654008438818567,0.06310876184293907,0.8227848101265823,0.3227848101265823,0.14556962025316456
-501.594106,158,16175.955257,52.0,0.6911995177817963,0.0970464135021097,0.049628290134619245,0.8544303797468354,0.36075949367088606,0.21518987341772153
-490.20139,158,16179.069103,63.0,0.607866184448463,0.0759493670886076,0.03389089813140446,0.8417721518987342,0.3987341772151899,0.24050632911392406
-424.824216,158,16182.218819,85.0,0.4963833634719711,0.12763713080168776,0.09023508137432189,0.8544303797468354,0.3037974683544304,0.15822784810126583
-498.019689,158,16185.313321,77.0,0.5304852320675105,0.0991561181434599,0.05476190476190476,0.8481012658227848,0.2848101265822785,0.13291139240506328
-525.531951,158,16188.418249,76.0,0.5356088004822183,0.09071729957805906,0.05680128591520996,0.8354430379746836,0.3291139240506329,0.16455696202531644
-539.19825,158,16191.52409,70.0,0.5837552742616033,0.10917721518987342,0.0520896122161945,0.8481012658227848,0.31645569620253167,0.16455696202531644
-497.498527,158,16194.623434,84.0,0.4882656373162702,0.10759493670886076,0.050954390194896525,0.8607594936708861,0.33544303797468356,0.1962025316455696
-535.161706,158,16197.685601,83.0,0.49346745027124767,0.10495780590717299,0.04919127988748242,0.8544303797468354,0.33544303797468356,0.189873417721519
-564.999868,158,16200.744589,45.0,0.7280590717299578,0.08966244725738397,0.046955997588908976,0.8417721518987342,0.34177215189873417,0.18354430379746836
-525.080233,158,16203.801013,35.0,0.7805907172995781,0.06645569620253164,0.027848101265822787,0.8164556962025317,0.37341772151898733,0.189873417721519
-537.475383,158,16206.793001,29.0,0.8291139240506329,0.08438818565400844,0.05253164556962025,0.7784810126582279,0.5,0.27848101265822783
-536.64632,158,16209.821948,17.0,0.8955696202531646,0.06645569620253164,0.05379746835443038,0.7721518987341772,0.4873417721518987,0.25949367088607594
-574.063214,158,16212.893149,22.0,0.8649789029535865,0.06962025316455696,0.043037974683544304,0.7721518987341772,0.379746835443038,0.1518987341772152
-498.653646,158,16215.931445,21.0,0.8713080168776373,0.06856540084388185,0.04841772151898734,0.7974683544303798,0.33544303797468356,0.13291139240506328
-478.015206,158,16219.026167,23.0,0.8581474784006429,0.0759493670886076,0.05583684950773559,0.7911392405063291,0.34810126582278483,0.13924050632911392
-487.992288,158,16222.067147,44.0,0.7275316455696202,0.08227848101265822,0.052983725135623876,0.8227848101265823,0.3037974683544304,0.12658227848101267
-398.889233,158,16225.193389,78.0,0.540998593530239,0.11708860759493671,0.07355380203481468,0.810126582278481,0.2974683544303797,0.10759493670886076
-512.969696,158,16228.268969,46.0,0.7154008438818565,0.07489451476793248,0.03322784810126582,0.7658227848101266,0.4177215189873418,0.18354430379746836
-530.525161,158,16231.322767,27.0,0.8291139240506329,0.06329113924050633,0.04430379746835443,0.7658227848101266,0.4873417721518987,0.25316455696202533
-558.069915,158,16234.392354,19.0,0.879746835443038,0.06329113924050633,0.05063291139240506,0.7784810126582279,0.43037974683544306,0.2088607594936709
-582.195013,158,16237.461486,30.0,0.8164556962025317,0.0759493670886076,0.017932489451476793,0.7911392405063291,0.3860759493670886,0.17721518987341772
-613.881089,158,16240.506382,14.0,0.9113924050632911,0.06962025316455696,0.03164556962025317,0.7911392405063291,0.3291139240506329,0.12025316455696203
-563.287926,158,16243.612132,19.0,0.8808016877637131,0.06645569620253164,0.02689873417721519,0.8354430379746836,0.36075949367088606,0.1962025316455696
-553.026689,158,16246.813714,31.0,0.817781796262809,0.0880801687763713,0.05173297166968053,0.8354430379746836,0.34177215189873417,0.17721518987341772
-512.420677,158,16249.936793,47.0,0.7157172995780591,0.08438818565400844,0.06019188266023708,0.8164556962025317,0.31645569620253167,0.13291139240506328
-462.996967,158,16253.060996,63.0,0.6189421338155515,0.09599156118143459,0.059694595137633116,0.8291139240506329,0.35443037974683544,0.18354430379746836
-501.048944,158,16256.198399,66.0,0.5968354430379746,0.08755274261603375,0.04964838255977496,0.8354430379746836,0.43670886075949367,0.2721518987341772
-505.594364,158,16259.302192,48.0,0.7005877034358047,0.08122362869198312,0.045466839770637237,0.8481012658227848,0.47468354430379744,0.3227848101265823
-532.381057,158,16262.360615,26.0,0.8451476793248945,0.07436708860759493,0.06039783001808318,0.8291139240506329,0.45569620253164556,0.2848101265822785
-519.936492,158,16265.395631,9.0,0.9430379746835443,0.06329113924050633,0.056962025316455694,0.8227848101265823,0.41139240506329117,0.23417721518987342
-503.505475,158,16268.478781,4.0,0.9746835443037974,0.06329113924050633,0.056962025316455694,0.8291139240506329,0.3860759493670886,0.21518987341772153
-492.342617,158,16271.550768,3.0,0.9810126582278481,0.06329113924050633,0.06329113924050633,0.8734177215189873,0.34810126582278483,0.22151898734177214
-438.695897,158,16274.587268,6.0,0.9620253164556962,0.06540084388185653,0.06645569620253164,0.8987341772151899,0.34177215189873417,0.24050632911392406
-437.438207,158,16277.646871,20.0,0.8834388185654007,0.07700421940928269,0.07471368294153104,0.879746835443038,0.35443037974683544,0.23417721518987342
-388.886729,158,16280.748362,44.0,0.7294303797468354,0.07383966244725738,0.06160337552742617,0.8670886075949367,0.36075949367088606,0.22784810126582278
-480.854284,158,16283.866069,35.0,0.7908830620855937,0.09599156118143458,0.08269539883463935,0.8417721518987342,0.310126582278481,0.1518987341772152
-497.62324,158,16287.17269,21.0,0.8670886075949367,0.06329113924050633,0.06329113924050633,0.8607594936708861,0.26582278481012656,0.12658227848101267
-509.282993,158,16290.255311,30.0,0.8185106033207299,0.07700421940928269,0.056238698010849915,0.8924050632911392,0.27848101265822783,0.17088607594936708
-531.859335,158,16293.380566,36.0,0.7732067510548524,0.06540084388185653,0.03305203938115331,0.9050632911392406,0.26582278481012656,0.17088607594936708
-574.839451,158,16296.514082,39.0,0.7573839662447257,0.06962025316455696,0.03656821378340366,0.8860759493670886,0.2468354430379747,0.13291139240506328
-498.520691,158,16299.627861,47.0,0.7232218203737192,0.11075949367088607,0.06008639742816958,0.8860759493670886,0.27848101265822783,0.16455696202531644
-511.067165,158,16302.712005,46.0,0.720788125376733,0.10864978902953586,0.06578259995981516,0.8734177215189873,0.2721518987341772,0.14556962025316456
-536.713658,158,16305.753024,32.0,0.8055907172995781,0.08860759493670886,0.05632911392405062,0.8544303797468354,0.34810126582278483,0.20253164556962025
-537.345359,158,16308.831333,31.0,0.8042194092827004,0.07172995780590717,0.048259493670886076,0.8354430379746836,0.3987341772151899,0.23417721518987342
-557.372754,158,16311.859648,22.0,0.8662447257383967,0.07383966244725738,0.05748945147679324,0.8354430379746836,0.33544303797468356,0.17088607594936708
-548.598523,158,16314.990545,23.0,0.8623417721518988,0.07172995780590717,0.052109704641350216,0.8354430379746836,0.3291139240506329,0.16455696202531644
-529.183767,158,16318.083287,39.0,0.7639240506329114,0.08755274261603375,0.06446654611211573,0.8354430379746836,0.379746835443038,0.21518987341772153
-526.803666,158,16321.167408,32.0,0.8006329113924051,0.06962025316455696,0.04219409282700422,0.8227848101265823,0.3987341772151899,0.22151898734177214
-515.492051,158,16324.257161,26.0,0.8401898734177216,0.06962025316455696,0.03691983122362869,0.8291139240506329,0.3924050632911392,0.22151898734177214
-550.30943,158,16327.385438,37.0,0.7765822784810127,0.07383966244725738,0.03535262206148282,0.8291139240506329,0.3227848101265823,0.1518987341772152
-537.207963,158,16330.484446,26.0,0.850632911392405,0.08333333333333333,0.054746835443037975,0.8227848101265823,0.36075949367088606,0.18354430379746836
-448.909219,158,16333.5816,29.0,0.8221066907775768,0.07489451476793248,0.045408880851918826,0.8354430379746836,0.5253164556962026,0.36075949367088606
-425.531236,158,16336.712725,25.0,0.8491561181434598,0.07489451476793248,0.0590717299578059,0.8544303797468354,0.5063291139240507,0.36075949367088606
-458.789299,158,16339.900247,28.0,0.8375527426160336,0.0949367088607595,0.08556359252561783,0.8734177215189873,0.3227848101265823,0.1962025316455696
-472.181169,158,16343.035335,32.0,0.8122362869198313,0.09599156118143459,0.08575949367088608,0.9240506329113924,0.25949367088607594,0.18354430379746836
-466.324069,158,16346.105431,47.0,0.7111814345991561,0.08016877637130801,0.05580168776371308,0.9050632911392406,0.25949367088607594,0.16455696202531644
-483.561892,158,16349.195234,35.0,0.7913502109704641,0.0949367088607595,0.04306811332127788,0.8607594936708861,0.2974683544303797,0.15822784810126583
-475.937388,158,16352.30251,42.0,0.7407172995780591,0.08438818565400844,0.013411693791440624,0.7911392405063291,0.43670886075949367,0.22784810126582278
-457.207871,158,16355.405531,45.0,0.7273809523809524,0.0949367088607595,0.021217600964436405,0.7974683544303798,0.5822784810126582,0.379746835443038
-548.520559,158,16358.494572,39.0,0.7618143459915613,0.08860759493670886,0.04801084990958408,0.810126582278481,0.5189873417721519,0.3291139240506329
-555.945351,158,16361.614518,12.0,0.9240506329113924,0.06329113924050633,0.05063291139240506,0.8417721518987342,0.4177215189873418,0.25949367088607594
-567.52522,158,16364.72482,10.0,0.9367088607594937,0.06329113924050633,0.056962025316455694,0.8607594936708861,0.3227848101265823,0.18354430379746836
-503.72489,158,16367.76019,9.0,0.9430379746835443,0.06329113924050633,0.06329113924050633,0.8544303797468354,0.35443037974683544,0.2088607594936709
-504.608617,158,16370.802274,13.0,0.9224683544303798,0.07489451476793248,0.07426160337552744,0.810126582278481,0.4240506329113924,0.23417721518987342
-488.896824,158,16373.879007,23.0,0.8602320675105486,0.07067510548523206,0.0630098452883263,0.7974683544303798,0.5063291139240507,0.3037974683544304
-482.919342,158,16376.937726,29.0,0.819831223628692,0.07278481012658228,0.04294755877034358,0.8037974683544303,0.5316455696202531,0.33544303797468356
-487.258202,158,16380.056261,34.0,0.7892405063291139,0.06962025316455696,0.036618444846292945,0.8544303797468354,0.4620253164556962,0.31645569620253167
-496.924866,158,16383.152544,40.0,0.75,0.07278481012658228,0.04272151898734177,0.8670886075949367,0.47468354430379744,0.34177215189873417
-459.108176,158,16386.242508,55.0,0.659493670886076,0.08227848101265822,0.04852320675105485,0.9430379746835443,0.4177215189873418,0.36075949367088606
-432.697557,158,16389.380635,40.0,0.7542194092827005,0.08227848101265822,0.04694092827004219,0.9430379746835443,0.34177215189873417,0.2848101265822785
-432.705525,158,16392.434649,40.0,0.750070323488045,0.07172995780590717,0.036317058468957206,0.9430379746835443,0.34177215189873417,0.2848101265822785
-443.414627,158,16395.536935,46.0,0.729817158931083,0.09177215189873418,0.06085538933640199,0.9177215189873418,0.3670886075949367,0.2848101265822785
-423.808595,158,16398.609725,37.0,0.7781645569620254,0.09177215189873418,0.047408077154912596,0.930379746835443,0.379746835443038,0.310126582278481
-452.723165,158,16401.711431,41.0,0.7468354430379747,0.07383966244725738,0.058468957203134414,0.9113924050632911,0.3227848101265823,0.23417721518987342
-496.802998,158,16404.800877,37.0,0.7681962025316456,0.07278481012658228,0.05443037974683544,0.8417721518987342,0.3924050632911392,0.23417721518987342
-522.29808,158,16407.910655,24.0,0.8570675105485234,0.08544303797468354,0.0759493670886076,0.8481012658227848,0.34810126582278483,0.1962025316455696
-562.144778,158,16411.036218,29.0,0.8275316455696202,0.08227848101265822,0.07700421940928269,0.8670886075949367,0.2911392405063291,0.15822784810126583
-527.977308,158,16414.100612,28.0,0.8287974683544304,0.07911392405063292,0.07195599758890898,0.8987341772151899,0.25949367088607594,0.15822784810126583
-527.39458,158,16417.166372,27.0,0.8291139240506329,0.06329113924050633,0.06329113924050633,0.8924050632911392,0.2911392405063291,0.18354430379746836
-553.57923,158,16420.256195,29.0,0.8164556962025317,0.06329113924050633,0.06329113924050633,0.8227848101265823,0.36075949367088606,0.18354430379746836
-563.499612,158,16423.335051,20.0,0.8772227245328511,0.07172995780590717,0.06807313642756681,0.7911392405063291,0.43037974683544306,0.22151898734177214
-559.311584,158,16426.408381,24.0,0.8525316455696201,0.06856540084388185,0.06130198915009042,0.810126582278481,0.3924050632911392,0.20253164556962025
-557.922026,158,16429.450074,22.0,0.865506329113924,0.06962025316455696,0.06856540084388185,0.8291139240506329,0.36075949367088606,0.189873417721519
-529.288067,158,16432.518454,47.0,0.7067510548523206,0.06962025316455696,0.06835443037974684,0.8354430379746836,0.3227848101265823,0.15822784810126583
-526.496188,158,16435.610981,38.0,0.7726793248945149,0.0780590717299578,0.07700421940928269,0.8037974683544303,0.33544303797468356,0.13924050632911392
-513.477332,158,16438.70851,30.0,0.8154008438818564,0.07489451476793248,0.07396021699819168,0.8164556962025317,0.31645569620253167,0.13291139240506328
-546.628229,158,16441.764742,11.0,0.9324894514767931,0.06645569620253164,0.059493670886075954,0.8037974683544303,0.3227848101265823,0.12658227848101267
-561.806214,158,16444.85973,3.0,0.9810126582278481,0.06329113924050633,0.056962025316455694,0.810126582278481,0.3037974683544304,0.11392405063291139
-574.828696,158,16447.914274,9.0,0.9430379746835443,0.06329113924050633,0.05063291139240506,0.8164556962025317,0.2974683544303797,0.11392405063291139
-570.103552,158,16450.951649,17.0,0.8939873417721519,0.06962025316455696,0.053164556962025315,0.8354430379746836,0.2848101265822785,0.12025316455696203
-548.081423,158,16453.979368,37.0,0.7666139240506329,0.06645569620253164,0.026582278481012658,0.8670886075949367,0.33544303797468356,0.20253164556962025
-521.99252,158,16457.022949,41.0,0.7493821579264617,0.08649789029535865,0.04389692585895118,0.8417721518987342,0.3987341772151899,0.24050632911392406
-498.012252,158,16460.020108,39.0,0.7607846092023306,0.08122362869198312,0.028832630098452883,0.8164556962025317,0.44936708860759494,0.26582278481012656
-489.134408,158,16463.093432,37.0,0.7747890295358649,0.08860759493670886,0.030781595338557368,0.8164556962025317,0.46835443037974683,0.2848101265822785
-479.017819,158,16466.144897,60.0,0.6341772151898735,0.08544303797468354,0.031238698010849907,0.810126582278481,0.4620253164556962,0.2721518987341772
-514.244952,158,16469.232229,38.0,0.7710970464135021,0.08227848101265822,0.02362869198312236,0.7974683544303798,0.46835443037974683,0.26582278481012656
-495.010584,158,16472.287486,35.0,0.7823613622664256,0.07489451476793248,0.024689749317448502,0.8291139240506329,0.4177215189873418,0.2468354430379747
-545.667263,158,16475.579903,28.0,0.8261603375527427,0.06962025316455696,0.029373580006491394,0.8227848101265823,0.36075949367088606,0.18354430379746836
-503.323742,158,16478.709184,32.0,0.8006329113924051,0.06540084388185653,0.03417721518987342,0.8544303797468354,0.3037974683544304,0.15822784810126583
-476.059814,158,16481.804721,73.0,0.5436708860759494,0.07489451476793248,0.01393911995177818,0.8607594936708861,0.27848101265822783,0.13924050632911392
-484.551386,158,16484.921116,68.0,0.5825497287522604,0.09282700421940927,0.03545810729355033,0.8417721518987342,0.2911392405063291,0.13291139240506328
-519.471336,158,16487.971522,41.0,0.7516877637130802,0.08438818565400844,0.033152501506931886,0.879746835443038,0.310126582278481,0.189873417721519
-450.795486,158,16490.985856,52.0,0.6708860759493671,0.06329113924050633,0.0189873417721519,0.9113924050632911,0.27848101265822783,0.189873417721519
-342.663732,158,16494.045986,46.0,0.7132911392405064,0.07278481012658228,0.04389692585895117,0.8860759493670886,0.2911392405063291,0.17721518987341772
-374.213003,158,16497.157066,94.0,0.43634719710669084,0.1181434599156118,0.06717902350813744,0.8670886075949367,0.3227848101265823,0.189873417721519
-509.963104,158,16500.201496,30.0,0.814873417721519,0.07489451476793248,0.057082579867389995,0.8544303797468354,0.3670886075949367,0.22151898734177214
-398.487731,158,16503.286544,23.0,0.8618143459915613,0.07172995780590717,0.07056962025316456,0.8037974683544303,0.3987341772151899,0.20253164556962025
-427.065377,158,16506.347348,28.0,0.8227848101265823,0.06329113924050633,0.06329113924050633,0.8037974683544303,0.4620253164556962,0.26582278481012656
-415.919847,158,16509.417656,28.0,0.8248945147679325,0.06645569620253164,0.059493670886075954,0.8291139240506329,0.3924050632911392,0.22151898734177214
-437.718706,158,16512.464366,48.0,0.709915611814346,0.08227848101265822,0.07185051235684146,0.810126582278481,0.3670886075949367,0.17721518987341772
-437.468581,158,16515.522029,39.0,0.7572332730560578,0.06856540084388185,0.036075949367088606,0.7911392405063291,0.3860759493670886,0.17721518987341772
-419.559096,158,16518.588787,54.0,0.6738924050632912,0.0970464135021097,0.08297669278681938,0.7721518987341772,0.46835443037974683,0.24050632911392406
-500.50943,158,16521.693918,39.0,0.7636075949367089,0.0949367088607595,0.0793550331525015,0.7658227848101266,0.5063291139240507,0.2721518987341772
-475.645792,158,16524.703477,41.0,0.7475738396624473,0.08649789029535865,0.0722724532851115,0.7784810126582279,0.4177215189873418,0.1962025316455696
-457.492812,158,16527.736011,50.0,0.6938014868394615,0.08755274261603375,0.07061985131605385,0.7974683544303798,0.37341772151898733,0.17088607594936708
-466.067701,158,16530.754485,25.0,0.8486286919831223,0.07489451476793248,0.07172995780590717,0.810126582278481,0.36075949367088606,0.17088607594936708
-436.631571,158,16533.792471,57.0,0.6544906570223027,0.10021097046413502,0.05115531444645369,0.8354430379746836,0.33544303797468356,0.17088607594936708
-493.626354,158,16536.84037,43.0,0.7477094635322484,0.11023206751054851,0.07132308619650392,0.879746835443038,0.310126582278481,0.189873417721519
-510.260625,158,16539.890455,32.0,0.8106540084388186,0.08386075949367089,0.0660488245931284,0.879746835443038,0.2911392405063291,0.17088607594936708
-533.889469,158,16542.944824,26.0,0.8354430379746836,0.06329113924050633,0.05063291139240506,0.879746835443038,0.2974683544303797,0.17721518987341772
-531.25168,158,16546.013712,26.0,0.8451476793248945,0.08227848101265822,0.056329113924050635,0.8860759493670886,0.26582278481012656,0.1518987341772152
-531.493128,158,16549.030185,30.0,0.8217299578059071,0.08122362869198312,0.07081575246132209,0.879746835443038,0.2468354430379747,0.12658227848101267
-565.600868,158,16552.035714,33.0,0.7983825597749649,0.07436708860759493,0.05856485286865033,0.8607594936708861,0.26582278481012656,0.12658227848101267
-527.614879,158,16555.161853,28.0,0.8328586497890296,0.08227848101265822,0.07604982921438617,0.879746835443038,0.26582278481012656,0.14556962025316456
-511.815873,158,16558.306188,54.0,0.6698312236286921,0.09071729957805906,0.06814345991561181,0.879746835443038,0.25949367088607594,0.13924050632911392
-529.591117,158,16561.409139,25.0,0.8470464135021096,0.07278481012658228,0.070042194092827,0.879746835443038,0.2974683544303797,0.17721518987341772
-549.380899,158,16564.490464,30.0,0.8154008438818564,0.07172995780590717,0.06962025316455696,0.8544303797468354,0.33544303797468356,0.189873417721519
-521.792659,158,16567.551481,39.0,0.7670534458509141,0.08649789029535865,0.07362869198312236,0.8417721518987342,0.41139240506329117,0.25316455696202533
-494.955165,158,16570.62418,49.0,0.6940928270042195,0.06962025316455696,0.030063291139240507,0.8417721518987342,0.45569620253164556,0.2974683544303797
-495.824925,158,16573.702158,55.0,0.6620253164556962,0.09018987341772151,0.045177817962628083,0.8417721518987342,0.47468354430379744,0.31645569620253167
-470.869256,158,16576.772028,35.0,0.7848101265822784,0.0780590717299578,0.0201627486437613,0.8544303797468354,0.5949367088607594,0.44936708860759494
-464.761046,158,16579.78835,18.0,0.8908479003415712,0.07489451476793248,0.05,0.8607594936708861,0.5443037974683544,0.4050632911392405
-478.557246,158,16582.847759,13.0,0.9275919228450873,0.08227848101265822,0.07489451476793248,0.8481012658227848,0.45569620253164556,0.3037974683544304
-484.994014,158,16585.97111,13.0,0.9224683544303798,0.07172995780590717,0.06921338155515372,0.8481012658227848,0.45569620253164556,0.3037974683544304
-490.878436,158,16589.017844,15.0,0.9057665260196905,0.06962025316455696,0.04556962025316456,0.8987341772151899,0.37341772151898733,0.2721518987341772
-517.239616,158,16592.107846,14.0,0.9142405063291138,0.07278481012658228,0.05497287522603978,0.9430379746835443,0.2911392405063291,0.23417721518987342
-500.901774,158,16595.144967,19.0,0.8864978902953586,0.07489451476793248,0.058770343580470154,0.9240506329113924,0.31645569620253167,0.24050632911392406
-507.669863,158,16598.183264,24.0,0.8520042194092827,0.07489451476793248,0.05296865581675708,0.8481012658227848,0.310126582278481,0.15822784810126583
-527.586928,158,16601.268878,15.0,0.9071729957805906,0.06645569620253164,0.059493670886075954,0.8164556962025317,0.41139240506329117,0.22784810126582278
-518.382214,158,16604.388959,15.0,0.9050632911392406,0.06329113924050633,0.06329113924050633,0.8227848101265823,0.3924050632911392,0.21518987341772153
-535.997158,158,16607.459116,19.0,0.879746835443038,0.06329113924050633,0.05063291139240506,0.879746835443038,0.34177215189873417,0.22151898734177214
-518.286135,158,16610.521775,36.0,0.7896624472573841,0.08175105485232066,0.0673297166968053,0.8734177215189873,0.34810126582278483,0.22151898734177214
-558.71696,158,16613.652468,54.0,0.6714135021097047,0.08702531645569621,0.04123467952581877,0.8481012658227848,0.310126582278481,0.15822784810126583
-543.462678,158,16616.792227,59.0,0.6303872814948764,0.07700421940928269,0.03839662447257384,0.8354430379746836,0.3037974683544304,0.13924050632911392
-493.183264,158,16619.950015,54.0,0.6635623869801084,0.08227848101265822,0.033579465541490855,0.8417721518987342,0.33544303797468356,0.17721518987341772
-547.798018,158,16623.019883,39.0,0.7531645569620253,0.06329113924050633,0.03164556962025317,0.8734177215189873,0.2911392405063291,0.16455696202531644
-554.091962,158,16626.052145,35.0,0.7859704641350211,0.07542194092827004,0.05781138692531097,0.9050632911392406,0.2721518987341772,0.17721518987341772
-555.529654,158,16629.114463,20.0,0.8778481012658227,0.07172995780590717,0.0679324894514768,0.8860759493670886,0.27848101265822783,0.16455696202531644
-525.392477,158,16632.187142,29.0,0.8272679324894515,0.08227848101265822,0.07647679324894516,0.8924050632911392,0.2721518987341772,0.16455696202531644
-482.752031,158,16635.281275,62.0,0.6343881856540085,0.10970464135021096,0.06878641752059474,0.879746835443038,0.2721518987341772,0.1518987341772152
-524.35612,158,16638.41217,53.0,0.6825949367088607,0.10970464135021096,0.06838456901748041,0.8734177215189873,0.31645569620253167,0.189873417721519
-531.357293,158,16641.54395,58.0,0.6438366485834841,0.07911392405063292,0.053496081977094635,0.8607594936708861,0.2911392405063291,0.1518987341772152
-545.956558,158,16644.643007,45.0,0.7273206751054853,0.08438818565400844,0.08071127185051236,0.8164556962025317,0.310126582278481,0.12658227848101267
-529.237241,158,16647.706294,33.0,0.7981012658227847,0.0780590717299578,0.07195599758890898,0.8227848101265823,0.36075949367088606,0.18354430379746836
-522.518596,158,16650.753432,16.0,0.9040084388185654,0.06962025316455696,0.06265822784810127,0.8164556962025317,0.43670886075949367,0.25316455696202533
-542.349282,158,16654.084993,30.0,0.8182489451476793,0.08438818565400844,0.0663652802893309,0.8291139240506329,0.44936708860759494,0.27848101265822783
-515.132832,158,16657.174152,42.0,0.7386075949367089,0.07278481012658228,0.056660638939119955,0.8417721518987342,0.43670886075949367,0.27848101265822783
-518.22203,158,16660.26058,26.0,0.8422995780590716,0.07911392405063292,0.059915611814345994,0.8291139240506329,0.4430379746835443,0.2721518987341772
-532.839695,158,16663.247605,16.0,0.9040687160940326,0.0780590717299578,0.06756077958609603,0.8291139240506329,0.4430379746835443,0.2721518987341772
-544.681123,158,16666.306269,27.0,0.8391350210970463,0.08438818565400844,0.07647679324894514,0.7911392405063291,0.46835443037974683,0.25949367088607594
-489.800204,158,16669.394541,32.0,0.8003164556962026,0.06962025316455696,0.067209162145871,0.8037974683544303,0.4873417721518987,0.2911392405063291
-559.083894,158,16672.421439,13.0,0.9177215189873418,0.06329113924050633,0.06329113924050633,0.7848101265822784,0.4620253164556962,0.2468354430379747
-566.592624,158,16675.449259,12.0,0.9321729957805907,0.0780590717299578,0.07353827606992164,0.8164556962025317,0.4050632911392405,0.22151898734177214
-527.680166,158,16678.525916,19.0,0.884493670886076,0.07120253164556962,0.07172995780590717,0.8607594936708861,0.37341772151898733,0.23417721518987342
-467.310928,158,16681.61525,26.0,0.8456751054852322,0.08649789029535866,0.08099256580269239,0.8291139240506329,0.4430379746835443,0.2721518987341772
-473.274514,158,16684.681377,37.0,0.7862869198312237,0.08755274261603375,0.059312839059674494,0.8037974683544303,0.4873417721518987,0.2911392405063291
-456.334576,158,16687.792511,63.0,0.6190928270042194,0.0949367088607595,0.044544906570223024,0.7974683544303798,0.45569620253164556,0.25316455696202533
-476.389327,158,16690.901522,27.0,0.8328059071729956,0.07278481012658228,0.059493670886075954,0.7911392405063291,0.5063291139240507,0.2974683544303797
-494.67034,158,16694.011893,17.0,0.8939873417721519,0.07278481012658228,0.07172995780590717,0.7911392405063291,0.6329113924050633,0.4240506329113924
-476.303518,158,16697.133376,28.0,0.8248945147679324,0.06645569620253164,0.053164556962025315,0.810126582278481,0.5253164556962026,0.33544303797468356
-466.613048,158,16700.259278,42.0,0.7511754068716094,0.0981012658227848,0.08112818967249348,0.8354430379746836,0.43037974683544306,0.26582278481012656
-471.232641,158,16703.370044,63.0,0.616847498493068,0.09177215189873418,0.04734277677315652,0.810126582278481,0.43670886075949367,0.2468354430379747
-434.613558,158,16706.540866,95.0,0.43396624472573847,0.13818565400843882,0.07363371508941129,0.7848101265822784,0.4620253164556962,0.2468354430379747
-527.137384,158,16709.627837,45.0,0.7164556962025317,0.0759493670886076,0.052742616033755275,0.7974683544303798,0.44936708860759494,0.2468354430379747
-506.501516,158,16712.717592,32.0,0.7974683544303798,0.06329113924050633,0.03164556962025317,0.8417721518987342,0.37341772151898733,0.21518987341772153
-546.808099,158,16715.803288,39.0,0.7573839662447257,0.06856540084388185,0.048945147679324896,0.8544303797468354,0.34810126582278483,0.20253164556962025
-539.703414,158,16718.843045,33.0,0.7943037974683544,0.06540084388185653,0.059493670886075954,0.879746835443038,0.31645569620253167,0.1962025316455696
-539.995684,158,16721.920408,40.0,0.7574442435201928,0.08333333333333333,0.06976090014064698,0.8481012658227848,0.2974683544303797,0.14556962025316456
-528.276859,158,16724.98849,53.0,0.6782700421940928,0.08122362869198312,0.06599357042395017,0.8417721518987342,0.26582278481012656,0.10759493670886076
-482.064502,158,16728.150369,75.0,0.538878842676311,0.09388185654008438,0.036322081575246135,0.8291139240506329,0.2468354430379747,0.0759493670886076
-544.846177,158,16731.193149,45.0,0.7264767932489451,0.08016877637130801,0.05727848101265822,0.810126582278481,0.2848101265822785,0.0949367088607595
-481.28487,158,16734.43279,69.0,0.5742616033755273,0.08860759493670886,0.06877637130801688,0.810126582278481,0.34177215189873417,0.1518987341772152
-526.797172,158,16737.551976,56.0,0.6584388185654009,0.09493670886075949,0.062206148282097654,0.8164556962025317,0.34177215189873417,0.15822784810126583
-530.5817,158,16740.616878,43.0,0.7443037974683545,0.09282700421940927,0.07940069775512813,0.810126582278481,0.379746835443038,0.189873417721519
-541.565809,158,16743.680611,43.0,0.7336977368622938,0.08016877637130801,0.053505355404089586,0.7974683544303798,0.34177215189873417,0.13924050632911392
-509.445128,158,16746.799043,53.0,0.6682489451476793,0.07278481012658228,0.008860759493670885,0.8037974683544303,0.36075949367088606,0.16455696202531644
-535.861766,158,16749.867573,47.0,0.7090717299578059,0.07489451476793248,0.027019288728149488,0.8227848101265823,0.4177215189873418,0.24050632911392406
-516.90042,158,16752.959882,39.0,0.7560126582278481,0.06962025316455696,0.029234478601567207,0.8291139240506329,0.5,0.3291139240506329
-498.817954,158,16756.05509,37.0,0.775,0.07383966244725738,0.028707052441229657,0.8354430379746836,0.46835443037974683,0.3037974683544304
-495.77867,158,16759.127733,34.0,0.7953586497890295,0.07383966244725738,0.035443037974683546,0.8354430379746836,0.4810126582278481,0.31645569620253167
-504.575439,158,16762.263799,28.0,0.8235759493670886,0.06540084388185653,0.032796317606444185,0.8227848101265823,0.43670886075949367,0.25949367088607594
-498.671372,158,16765.323033,31.0,0.8156118143459916,0.08860759493670886,0.04707655213984328,0.8227848101265823,0.4240506329113924,0.2468354430379747
-495.851473,158,16768.433772,25.0,0.8433544303797469,0.06856540084388185,0.05033152501506932,0.8291139240506329,0.44936708860759494,0.27848101265822783
-522.632316,158,16771.52826,18.0,0.8871308016877638,0.06540084388185653,0.06469760900140646,0.8544303797468354,0.37341772151898733,0.22784810126582278
-544.716494,158,16774.580653,28.0,0.8319620253164556,0.07700421940928269,0.059915611814346,0.8924050632911392,0.2848101265822785,0.17721518987341772
-539.601926,158,16777.667836,23.0,0.8581223628691982,0.06856540084388185,0.04852320675105485,0.8987341772151899,0.2974683544303797,0.1962025316455696
-548.12614,158,16780.708441,26.0,0.840717299578059,0.06856540084388185,0.043248945147679324,0.9113924050632911,0.2848101265822785,0.1962025316455696
-529.843147,158,16783.70276,16.0,0.9021097046413502,0.06856540084388185,0.06740506329113924,0.8607594936708861,0.31645569620253167,0.17721518987341772
-513.308562,158,16786.767311,13.0,0.9208860759493671,0.06645569620253164,0.06645569620253164,0.8670886075949367,0.43037974683544306,0.2974683544303797
-529.201164,158,16789.778364,15.0,0.9109252561784207,0.08333333333333334,0.07886276873618646,0.879746835443038,0.37341772151898733,0.25316455696202533
-521.836083,158,16792.822911,11.0,0.9324894514767931,0.06540084388185653,0.06540084388185653,0.8227848101265823,0.3924050632911392,0.21518987341772153
-503.860212,158,16795.844853,7.0,0.9556962025316456,0.06329113924050633,0.06329113924050633,0.7911392405063291,0.4936708860759494,0.2848101265822785
-498.220283,158,16798.926003,4.0,0.9746835443037974,0.06329113924050633,0.06329113924050633,0.7911392405063291,0.5,0.2911392405063291
-523.192796,158,16802.012403,5.0,0.9683544303797469,0.06329113924050633,0.06329113924050633,0.7974683544303798,0.4177215189873418,0.21518987341772153
-545.175977,158,16805.060056,6.0,0.9620253164556962,0.06329113924050633,0.06329113924050633,0.8227848101265823,0.31645569620253167,0.13924050632911392
-513.792684,158,16808.105539,32.0,0.8059071729957805,0.07489451476793248,0.0689873417721519,0.8291139240506329,0.2721518987341772,0.10126582278481013
-546.965623,158,16811.146545,22.0,0.8723628691983121,0.08016877637130801,0.07606992163954189,0.8037974683544303,0.35443037974683544,0.15822784810126583
-548.158955,158,16814.219093,17.0,0.8945147679324893,0.06645569620253164,0.06582278481012659,0.8037974683544303,0.4050632911392405,0.2088607594936709
-524.991296,158,16817.256217,9.0,0.945886075949367,0.06856540084388185,0.06690777576853527,0.7911392405063291,0.33544303797468356,0.12658227848101267
-522.883821,158,16820.328898,27.0,0.8354430379746836,0.07067510548523206,0.06341169379144063,0.7784810126582279,0.37341772151898733,0.1518987341772152
-588.0931,158,16823.435879,26.0,0.8367088607594936,0.06645569620253164,0.039783001808318265,0.7721518987341772,0.3670886075949367,0.13924050632911392
-532.548795,158,16826.424685,31.0,0.8143459915611816,0.08544303797468354,0.06416515973477999,0.7784810126582279,0.3860759493670886,0.16455696202531644
-534.105933,158,16829.41659,15.0,0.9135021097046412,0.07067510548523206,0.05843881856540084,0.7848101265822784,0.5253164556962026,0.310126582278481
-527.163702,158,16832.43458,24.0,0.8549578059071729,0.06962025316455696,0.03809523809523809,0.8037974683544303,0.4810126582278481,0.2848101265822785
-525.404615,158,16835.76917,35.0,0.7927365883062085,0.0970464135021097,0.046876084534312384,0.7974683544303798,0.4177215189873418,0.21518987341772153
-478.019347,158,16838.903837,30.0,0.8175808720112517,0.07489451476793248,0.04676511954992968,0.7848101265822784,0.4620253164556962,0.2468354430379747
-492.208268,158,16841.995372,33.0,0.7996260069044879,0.08333333333333333,0.05147679324894514,0.7974683544303798,0.4936708860759494,0.2911392405063291
-503.019522,158,16845.082648,54.0,0.6708860759493671,0.08122362869198312,0.057082579867389995,0.8164556962025317,0.44936708860759494,0.26582278481012656
-539.515791,158,16848.162791,49.0,0.7089210367691381,0.08755274261603375,0.056891701828410676,0.810126582278481,0.43670886075949367,0.2468354430379747
-564.906779,158,16851.208551,24.0,0.8481012658227848,0.06329113924050633,0.06329113924050633,0.8037974683544303,0.3860759493670886,0.189873417721519
-542.072555,158,16854.263214,35.0,0.7827606992163954,0.07172995780590717,0.06889692585895117,0.8164556962025317,0.2911392405063291,0.10759493670886076
-538.930126,158,16857.377442,39.0,0.7658227848101266,0.08122362869198312,0.07965641952983725,0.8164556962025317,0.26582278481012656,0.08227848101265822
-455.522485,158,16860.561157,85.0,0.4776850786344457,0.10337552742616032,0.06378263087123846,0.7911392405063291,0.31645569620253167,0.10759493670886076
-522.38344,158,16863.658664,40.0,0.7576476793248945,0.0780590717299578,0.0691133760754014,0.7784810126582279,0.4050632911392405,0.18354430379746836
-535.84199,158,16866.729557,21.0,0.8734177215189873,0.07700421940928269,0.07124773960216997,0.7784810126582279,0.36075949367088606,0.13924050632911392
-555.729361,158,16869.87437,32.0,0.8110759493670885,0.08755274261603375,0.07946051838456901,0.810126582278481,0.2974683544303797,0.10759493670886076
-487.596927,158,16873.013035,80.0,0.5054852320675105,0.09388185654008438,0.05919228450874021,0.7784810126582279,0.27848101265822783,0.056962025316455694
-574.59312,158,16876.087715,33.0,0.7966244725738397,0.06962025316455696,0.04982419127988748,0.7784810126582279,0.3670886075949367,0.14556962025316456
-553.456822,158,16879.150581,22.0,0.8607594936708861,0.06329113924050633,0.05063291139240506,0.7974683544303798,0.310126582278481,0.10759493670886076
-546.763609,158,16882.237468,38.0,0.7716596343178621,0.08333333333333333,0.07068606498986245,0.8037974683544303,0.2911392405063291,0.0949367088607595
-551.193546,158,16885.372275,44.0,0.7262658227848101,0.07067510548523206,0.04020494273658831,0.7974683544303798,0.2974683544303797,0.0949367088607595
-536.090118,158,16888.434395,43.0,0.740084388185654,0.08544303797468354,0.05994575045207957,0.7911392405063291,0.3291139240506329,0.12025316455696203
-523.280797,158,16891.56082,42.0,0.7380801687763714,0.07489451476793248,0.05625879043600563,0.7911392405063291,0.35443037974683544,0.14556962025316456
-536.124537,158,16894.661407,30.0,0.8153481012658227,0.07383966244725738,0.05739903556359253,0.810126582278481,0.34810126582278483,0.15822784810126583
-517.003971,158,16897.796842,33.0,0.7968354430379747,0.07278481012658228,0.057735583684950784,0.810126582278481,0.3860759493670886,0.1962025316455696
-481.010661,158,16900.887206,42.0,0.7440476190476191,0.08122362869198312,0.04384669479606188,0.8164556962025317,0.379746835443038,0.1962025316455696
-513.756489,158,16903.924498,24.0,0.8607594936708861,0.08016877637130801,0.0549929676511955,0.810126582278481,0.36075949367088606,0.17088607594936708
-529.11635,158,16907.010062,24.0,0.8481012658227848,0.06329113924050633,0.06329113924050633,0.7911392405063291,0.379746835443038,0.17088607594936708
-525.228716,158,16910.153884,16.0,0.9061181434599157,0.0780590717299578,0.07777777777777777,0.810126582278481,0.35443037974683544,0.16455696202531644
-533.232223,158,16913.24738,44.0,0.734699618243922,0.0912447257383966,0.06997735035709719,0.8037974683544303,0.31645569620253167,0.12025316455696203
-462.736002,158,16916.410903,63.0,0.6230560578661845,0.11550632911392406,0.08299176210568615,0.8354430379746836,0.310126582278481,0.14556962025316456
-369.053179,158,16919.625494,88.0,0.489451476793249,0.13291139240506328,0.10609805103475989,0.8607594936708861,0.2848101265822785,0.14556962025316456
-474.229637,158,16922.807932,97.0,0.4227697408077154,0.12974683544303797,0.05154209363070123,0.8354430379746836,0.2848101265822785,0.12025316455696203
-550.347481,158,16925.960832,51.0,0.6772151898734177,0.06329113924050633,0.0379746835443038,0.8354430379746836,0.3291139240506329,0.16455696202531644
-499.387552,158,16929.073884,51.0,0.6973176612417118,0.09388185654008438,0.06050833835643962,0.8227848101265823,0.310126582278481,0.13291139240506328
-518.028706,158,16932.190082,47.0,0.7124020494273658,0.08333333333333333,0.05068314245529435,0.8607594936708861,0.2721518987341772,0.13291139240506328
-495.767783,158,16935.341938,60.0,0.6321780188868796,0.08966244725738397,0.0410798765229145,0.8417721518987342,0.27848101265822783,0.12025316455696203
-509.881113,158,16938.45011,60.0,0.6346518987341773,0.09282700421940927,0.053501561729409834,0.8354430379746836,0.3037974683544304,0.13924050632911392
-341.757367,158,16941.633156,106.0,0.3668776371308017,0.15031645569620253,0.10449568012859152,0.8291139240506329,0.3227848101265823,0.1518987341772152
-516.401506,158,16944.759598,43.0,0.7325949367088608,0.07278481012658228,0.03797468354430379,0.8481012658227848,0.3227848101265823,0.17088607594936708
-568.979306,158,16947.823602,35.0,0.7784810126582279,0.06329113924050633,0.05063291139240506,0.8354430379746836,0.27848101265822783,0.11392405063291139
-565.657077,158,16950.909439,28.0,0.8227848101265823,0.06962025316455696,0.06962025316455696,0.8291139240506329,0.26582278481012656,0.0949367088607595
-537.164538,158,16953.958341,18.0,0.8873417721518987,0.06540084388185653,0.06487341772151899,0.8164556962025317,0.3227848101265823,0.13924050632911392
-535.803212,158,16957.023575,35.0,0.7827004219409283,0.07278481012658228,0.056329113924050635,0.8164556962025317,0.36075949367088606,0.17721518987341772
-509.576822,158,16960.125682,28.0,0.836392405063291,0.0949367088607595,0.08028933092224232,0.810126582278481,0.3860759493670886,0.1962025316455696
-554.50979,158,16963.194457,49.0,0.6971066907775768,0.08649789029535865,0.08064094836246734,0.7848101265822784,0.37341772151898733,0.15822784810126583
-540.775418,158,16966.271725,18.0,0.8871308016877638,0.06962025316455696,0.0710267229254571,0.7784810126582279,0.43670886075949367,0.21518987341772153
-529.41455,158,16969.309127,23.0,0.8607594936708861,0.07172995780590717,0.06413502109704641,0.7784810126582279,0.4936708860759494,0.2721518987341772
-503.573125,158,16972.340487,32.0,0.806434599156118,0.0780590717299578,0.05497287522603979,0.8164556962025317,0.37341772151898733,0.189873417721519
-534.578283,158,16975.422228,29.0,0.819831223628692,0.07278481012658228,0.04294755877034358,0.8291139240506329,0.3291139240506329,0.15822784810126583
-525.597585,158,16978.54849,25.0,0.8501582278481012,0.0780590717299578,0.0470464135021097,0.810126582278481,0.4810126582278481,0.2911392405063291
-449.83524,158,16981.641314,16.0,0.90084388185654,0.06856540084388185,0.05,0.8481012658227848,0.4873417721518987,0.33544303797468356
-475.430219,158,16984.716727,18.0,0.8947860156720915,0.08755274261603375,0.0681585292344786,0.810126582278481,0.45569620253164556,0.26582278481012656
-497.203563,158,16987.848811,32.0,0.8053496081977094,0.08755274261603375,0.049578059071729956,0.8481012658227848,0.41139240506329117,0.25949367088607594
-522.226599,158,16990.964455,28.0,0.8293248945147679,0.07489451476793248,0.05256178420735382,0.8544303797468354,0.379746835443038,0.23417721518987342
-508.35633,158,16994.070927,39.0,0.7568565400843883,0.07489451476793248,0.04982419127988748,0.8544303797468354,0.4240506329113924,0.27848101265822783
-484.272027,158,16997.194483,37.0,0.7819168173598553,0.09388185654008438,0.0764667470363673,0.8481012658227848,0.4050632911392405,0.25316455696202533
-475.944893,158,17000.395242,58.0,0.6446353224834238,0.09071729957805906,0.054535864978902955,0.8164556962025317,0.36075949367088606,0.17721518987341772
-461.358615,158,17003.567236,72.0,0.564943741209564,0.0949367088607595,0.03032997241858001,0.810126582278481,0.41139240506329117,0.22151898734177214
-374.945068,158,17006.742877,84.0,0.5075246132208158,0.1350210970464135,0.04758890898131404,0.8164556962025317,0.41139240506329117,0.22784810126582278
-477.721445,158,17009.905911,70.0,0.577162447257384,0.10759493670886076,0.02867189069720715,0.8164556962025317,0.43670886075949367,0.25316455696202533
-518.287005,158,17013.233964,31.0,0.8107142857142858,0.07489451476793248,0.045830821780188866,0.8291139240506329,0.45569620253164556,0.2848101265822785
-520.982191,158,17016.340987,34.0,0.7881856540084388,0.07383966244725738,0.03681434599156118,0.8291139240506329,0.35443037974683544,0.18354430379746836
-509.78502,158,17019.44081,25.0,0.8449367088607594,0.06645569620253164,0.03481012658227848,0.8164556962025317,0.31645569620253167,0.13291139240506328
-500.246678,158,17022.597063,37.0,0.7699367088607595,0.07911392405063292,0.04189270644966848,0.8291139240506329,0.3227848101265823,0.1518987341772152
-523.834715,158,17025.752342,45.0,0.7295886075949366,0.09282700421940927,0.07552742616033756,0.8670886075949367,0.2911392405063291,0.15822784810126583
-514.083935,158,17028.874606,33.0,0.7935377737592927,0.07489451476793248,0.06717491369390104,0.8607594936708861,0.2848101265822785,0.14556962025316456
-555.197423,158,17032.007647,19.0,0.8831223628691983,0.07278481012658228,0.0679324894514768,0.8924050632911392,0.26582278481012656,0.15822784810126583
-556.85143,158,17035.067099,24.0,0.8556962025316455,0.07383966244725738,0.0720464135021097,0.8924050632911392,0.25949367088607594,0.1518987341772152
-544.536408,158,17038.179043,26.0,0.8415084388185654,0.08122362869198312,0.07741657077100116,0.8670886075949367,0.25316455696202533,0.12025316455696203
-511.103226,158,17041.213553,37.0,0.7725010046212577,0.0780590717299578,0.05959915611814347,0.8607594936708861,0.2911392405063291,0.1518987341772152
-421.566474,158,17044.368388,65.0,0.6072784810126581,0.08755274261603375,0.07079566003616636,0.810126582278481,0.33544303797468356,0.14556962025316456
-523.649381,158,17047.49036,48.0,0.7035864978902953,0.08649789029535863,0.06418525215993572,0.8037974683544303,0.3227848101265823,0.12658227848101267
-539.418839,158,17050.588328,45.0,0.7278028933092224,0.09599156118143459,0.06514968856741007,0.7974683544303798,0.3227848101265823,0.12025316455696203
-555.344651,158,17053.652169,35.0,0.7864978902953587,0.08860759493670886,0.0662045408880852,0.7974683544303798,0.36075949367088606,0.15822784810126583
-562.036268,158,17056.715997,28.0,0.837138336347197,0.08544303797468354,0.060402853124372116,0.7974683544303798,0.36075949367088606,0.15822784810126583
-527.666476,158,17059.798928,34.0,0.7960970464135022,0.07911392405063292,0.04452983725135624,0.8037974683544303,0.3670886075949367,0.17088607594936708
-523.565267,158,17062.872877,36.0,0.7766350210970464,0.07172995780590717,0.024593128390596745,0.8164556962025317,0.35443037974683544,0.17088607594936708
-496.845439,158,17066.002969,58.0,0.6365006301715163,0.07911392405063292,0.03103700097370983,0.8227848101265823,0.3291139240506329,0.1518987341772152
-538.481864,158,17069.114681,48.0,0.7086497890295359,0.09599156118143458,0.042214641898186196,0.8291139240506329,0.3037974683544304,0.13291139240506328
-543.796061,158,17072.19767,33.0,0.8015370705244123,0.08438818565400844,0.07946554149085794,0.810126582278481,0.2848101265822785,0.0949367088607595
-559.353438,158,17075.266232,25.0,0.8430379746835442,0.06645569620253164,0.06509945750452079,0.8227848101265823,0.27848101265822783,0.10126582278481013
-534.499015,158,17078.38853,31.0,0.8085443037974683,0.06751054852320675,0.06130198915009042,0.8227848101265823,0.2721518987341772,0.0949367088607595
-522.740005,158,17081.468401,33.0,0.7955696202531646,0.0780590717299578,0.06100060277275467,0.8860759493670886,0.2848101265822785,0.17088607594936708
-501.606665,158,17084.534567,38.0,0.759493670886076,0.06540084388185653,0.022151898734177215,0.8607594936708861,0.3037974683544304,0.16455696202531644
-498.496866,158,17087.605605,43.0,0.7377637130801687,0.08122362869198312,0.024206349206349204,0.8417721518987342,0.36075949367088606,0.20253164556962025
-495.027725,158,17090.623945,41.0,0.7457278481012658,0.08122362869198312,0.017314647377938516,0.7974683544303798,0.36075949367088606,0.15822784810126583
-535.626345,158,17093.709843,45.0,0.7248945147679324,0.08333333333333333,0.024638336347197105,0.7784810126582279,0.34177215189873417,0.12025316455696203
-529.717718,158,17096.78041,32.0,0.8110759493670886,0.09071729957805906,0.0491711874623267,0.7848101265822784,0.310126582278481,0.0949367088607595
-554.401275,158,17099.851312,31.0,0.814029535864979,0.08755274261603375,0.04959404168264927,0.7784810126582279,0.34810126582278483,0.12658227848101267
-530.525858,158,17102.909724,21.0,0.8729957805907174,0.07278481012658228,0.05138637733574442,0.8291139240506329,0.34177215189873417,0.17088607594936708
-521.595663,158,17105.923662,28.0,0.8298523206751055,0.0780590717299578,0.040958408679927664,0.8607594936708861,0.2974683544303797,0.15822784810126583
-525.506369,158,17108.972409,18.0,0.8885623869801085,0.06856540084388185,0.060337552742616034,0.8544303797468354,0.2911392405063291,0.14556962025316456
-483.576355,158,17112.052126,35.0,0.7837552742616033,0.07489451476793248,0.0511754068716094,0.8354430379746836,0.2721518987341772,0.10759493670886076
-468.809007,158,17115.146473,18.0,0.8860759493670886,0.06540084388185653,0.03481012658227848,0.8291139240506329,0.2721518987341772,0.10126582278481013
-518.660433,158,17118.212909,11.0,0.930379746835443,0.06329113924050633,0.04430379746835443,0.8227848101265823,0.26582278481012656,0.08860759493670886
-542.513185,158,17121.277063,12.0,0.9261603375527425,0.06540084388185653,0.04641350210970464,0.8037974683544303,0.310126582278481,0.11392405063291139
-543.607007,158,17124.342789,14.0,0.9113924050632911,0.06329113924050633,0.02531645569620253,0.7974683544303798,0.2974683544303797,0.0949367088607595
-504.601798,158,17127.41579,35.0,0.7784810126582279,0.06329113924050633,0.006329113924050633,0.7784810126582279,0.31645569620253167,0.0949367088607595
-494.866601,158,17130.493521,32.0,0.8006329113924051,0.06856540084388185,0.03164556962025317,0.7721518987341772,0.310126582278481,0.08227848101265822
-533.471261,158,17133.58269,28.0,0.8251582278481012,0.0759493670886076,0.022925457102672294,0.8164556962025317,0.26582278481012656,0.08227848101265822
-509.918541,158,17136.646057,29.0,0.819620253164557,0.06645569620253164,0.015822784810126583,0.930379746835443,0.2468354430379747,0.17721518987341772
-533.582824,158,17139.696547,32.0,0.8006329113924051,0.06962025316455696,0.035864978902953586,0.8987341772151899,0.2468354430379747,0.14556962025316456
-538.897907,158,17142.71315,32.0,0.8003164556962026,0.06962025316455696,0.029234478601567207,0.8544303797468354,0.2911392405063291,0.14556962025316456
-532.849202,158,17145.825351,35.0,0.7837552742616034,0.08227848101265822,0.026265822784810128,0.8481012658227848,0.379746835443038,0.22784810126582278
-535.975486,158,17148.87864,24.0,0.8525316455696201,0.06856540084388185,0.04231464737793852,0.810126582278481,0.37341772151898733,0.18354430379746836
-517.511092,158,17152.004662,16.0,0.8987341772151899,0.06329113924050633,0.05063291139240506,0.8164556962025317,0.33544303797468356,0.1518987341772152
-478.538532,158,17155.075195,21.0,0.870253164556962,0.06645569620253164,0.060126582278481014,0.8354430379746836,0.3037974683544304,0.13924050632911392
-481.653515,158,17158.15178,33.0,0.7927215189873418,0.06962025316455696,0.03797468354430379,0.8734177215189873,0.2848101265822785,0.15822784810126583
-500.983731,158,17161.242077,40.0,0.7579189270644967,0.08860759493670886,0.04616234679525819,0.8291139240506329,0.2911392405063291,0.12025316455696203
-547.827112,158,17164.327423,37.0,0.7726793248945147,0.0759493670886076,0.02088607594936709,0.7974683544303798,0.310126582278481,0.10759493670886076
-568.931152,158,17167.346558,24.0,0.8514767932489451,0.07383966244725738,0.03322784810126582,0.7974683544303798,0.2848101265822785,0.08227848101265822
-543.012437,158,17170.39999,24.0,0.8528481012658228,0.06856540084388185,0.04294755877034358,0.8354430379746836,0.3037974683544304,0.13924050632911392
-507.633677,158,17173.482803,36.0,0.7781645569620254,0.08438818565400844,0.039873417721518985,0.8291139240506329,0.310126582278481,0.13924050632911392
-545.688229,158,17176.585762,38.0,0.759493670886076,0.06329113924050633,0.02531645569620253,0.8417721518987342,0.2848101265822785,0.12658227848101267
-557.532459,158,17179.698843,34.0,0.7916139240506329,0.08544303797468354,0.038607594936708865,0.8417721518987342,0.26582278481012656,0.10759493670886076
-577.26929,158,17182.767413,34.0,0.7987341772151899,0.09071729957805906,0.04231464737793851,0.8354430379746836,0.2721518987341772,0.10759493670886076
-551.336034,158,17185.850945,37.0,0.7845464135021096,0.09757383966244726,0.054038577456298975,0.8291139240506329,0.25316455696202533,0.08227848101265822
-531.899434,158,17188.928794,33.0,0.8119198312236287,0.10706751054852319,0.044966847498493064,0.8734177215189873,0.2468354430379747,0.12025316455696203
-530.917636,158,17192.050367,38.0,0.7741109101868595,0.09599156118143459,0.019022503516174398,0.8417721518987342,0.24050632911392406,0.08227848101265822
-536.341349,158,17195.121435,20.0,0.8794303797468354,0.07489451476793248,0.019409282700421943,0.8227848101265823,0.24050632911392406,0.06329113924050633
-528.21626,158,17198.340537,16.0,0.9013713080168777,0.07383966244725738,0.057414104882459314,0.810126582278481,0.25316455696202533,0.06329113924050633
-485.799092,158,17201.396497,29.0,0.8193517453011123,0.08860759493670886,0.049276672694394216,0.8164556962025317,0.27848101265822783,0.0949367088607595
-537.460481,158,17204.46695,45.0,0.7291139240506328,0.09071729957805906,0.0491711874623267,0.8291139240506329,0.2721518987341772,0.10126582278481013
-537.83699,158,17207.617258,47.0,0.7062236286919831,0.07172995780590717,0.014135021097046414,0.8481012658227848,0.27848101265822783,0.12658227848101267
-501.767635,158,17210.779289,66.0,0.5920433996383364,0.08227848101265822,0.024593128390596745,0.8417721518987342,0.27848101265822783,0.12025316455696203
-523.988916,158,17213.899017,55.0,0.6563291139240507,0.07489451476793248,0.03447449175297277,0.8860759493670886,0.310126582278481,0.1962025316455696
-467.89866,158,17216.967983,57.0,0.648583484026522,0.08438818565400844,0.04989451476793249,0.8734177215189873,0.3227848101265823,0.1962025316455696
-549.849228,158,17220.098042,50.0,0.7030590717299579,0.08755274261603375,0.06531042796865581,0.810126582278481,0.3037974683544304,0.11392405063291139
-527.714632,158,17223.23579,58.0,0.6607594936708862,0.11392405063291139,0.08297669278681938,0.7784810126582279,0.310126582278481,0.08860759493670886
-537.4252,158,17226.310158,39.0,0.7591772151898735,0.07225738396624472,0.04161141249748845,0.7658227848101266,0.33544303797468356,0.10126582278481013
-557.607548,158,17229.368222,39.0,0.760548523206751,0.07858649789029536,0.07946554149085795,0.7911392405063291,0.310126582278481,0.10126582278481013
-478.994913,158,17232.456576,61.0,0.6239451476793249,0.0780590717299578,0.07459312839059674,0.7974683544303798,0.26582278481012656,0.06329113924050633
-525.811752,158,17235.564745,52.0,0.6756329113924051,0.07911392405063292,0.06782700421940928,0.8734177215189873,0.26582278481012656,0.13924050632911392
-531.995498,158,17238.647166,48.0,0.7033227848101266,0.08016877637130801,0.04135569072277933,0.8481012658227848,0.2721518987341772,0.12025316455696203
-549.82095,158,17241.73302,37.0,0.7786919831223629,0.09282700421940927,0.05720313441832429,0.810126582278481,0.26582278481012656,0.0759493670886076
-460.915934,158,17244.90208,65.0,0.6093505123568415,0.12130801687763712,0.0633715089411292,0.810126582278481,0.3227848101265823,0.13291139240506328
-462.14551,158,17248.027969,48.0,0.7022151898734177,0.0759493670886076,0.04294755877034358,0.810126582278481,0.31645569620253167,0.12658227848101267
-428.693793,158,17251.132208,61.0,0.6187939521800281,0.07911392405063292,0.06160885527974135,0.8227848101265823,0.2911392405063291,0.11392405063291139
-349.24346,158,17254.316129,92.0,0.42389993972272455,0.08438818565400844,0.07200622865179827,0.8164556962025317,0.25949367088607594,0.0759493670886076
-497.007381,158,17257.460574,64.0,0.6108649789029535,0.09915611814345991,0.07174502712477396,0.8164556962025317,0.2848101265822785,0.10126582278481013
-519.003435,158,17260.604132,58.0,0.6610759493670886,0.1181434599156118,0.0755023106288929,0.8354430379746836,0.3037974683544304,0.13924050632911392
-511.62923,158,17263.711599,56.0,0.6625075346594334,0.10021097046413502,0.05296865581675708,0.810126582278481,0.379746835443038,0.189873417721519
-510.230354,158,17266.798486,46.0,0.7223603576451677,0.11075949367088607,0.05125668986428479,0.8037974683544303,0.34810126582278483,0.1518987341772152
-503.925265,158,17269.882574,49.0,0.702584388185654,0.09388185654008438,0.040656706163035274,0.8164556962025317,0.31645569620253167,0.13291139240506328
-513.384011,158,17272.967991,54.0,0.6737492465340567,0.0949367088607595,0.05679169634865837,0.8607594936708861,0.26582278481012656,0.12658227848101267
-451.940394,158,17276.121609,84.0,0.4984880450070324,0.12289029535864977,0.0709915611814346,0.8734177215189873,0.25316455696202533,0.12658227848101267
-494.082632,158,17279.256533,69.0,0.5743670886075949,0.08122362869198312,0.057504520795660034,0.9050632911392406,0.26582278481012656,0.17088607594936708
-465.581269,158,17282.397308,71.0,0.5798523206751055,0.14240506329113925,0.09773380627811007,0.9050632911392406,0.25316455696202533,0.15822784810126583
-499.081545,158,17285.505344,68.0,0.5908227848101265,0.09282700421940927,0.05544002411091019,0.9113924050632911,0.26582278481012656,0.17721518987341772
-479.150955,158,17288.537083,63.0,0.6168927064496684,0.09282700421940927,0.05148227300126034,0.9177215189873418,0.25949367088607594,0.17721518987341772
-454.353813,158,17291.599134,68.0,0.5995328511151297,0.11919831223628691,0.06576250753465943,0.9050632911392406,0.2468354430379747,0.1518987341772152
-466.509043,158,17294.725521,64.0,0.6244273658830621,0.12130801687763712,0.059905565601768136,0.8987341772151899,0.2468354430379747,0.14556962025316456
-451.469249,158,17297.766445,72.0,0.5577004219409283,0.0949367088607595,0.0311332127787824,0.8607594936708861,0.33544303797468356,0.1962025316455696
-500.275401,158,17300.847975,59.0,0.642992766726944,0.0981012658227848,0.027124773960217004,0.8291139240506329,0.35443037974683544,0.18354430379746836
-520.637704,158,17303.901033,51.0,0.6895569620253165,0.09071729957805906,0.07860156720916216,0.8354430379746836,0.34177215189873417,0.17721518987341772
-505.045917,158,17307.013464,73.0,0.5429324894514768,0.07911392405063292,0.04514767932489451,0.8291139240506329,0.3227848101265823,0.1518987341772152
-530.680057,158,17310.157434,65.0,0.6060126582278481,0.08649789029535865,0.050647980711271856,0.8291139240506329,0.2848101265822785,0.11392405063291139
-532.396871,158,17313.225276,67.0,0.5938818565400844,0.0981012658227848,0.06383363471971067,0.8354430379746836,0.26582278481012656,0.10126582278481013
-548.973519,158,17316.302841,45.0,0.7187412095639943,0.07489451476793248,0.049698613622664256,0.8354430379746836,0.25949367088607594,0.0949367088607595
-537.566864,158,17319.418099,65.0,0.600745931283906,0.09599156118143459,0.05170831278426215,0.8354430379746836,0.2468354430379747,0.08227848101265822
-481.772003,158,17322.537567,75.0,0.542209162145871,0.10654008438818564,0.07345790636929879,0.7911392405063291,0.2911392405063291,0.08227848101265822
-519.988291,158,17325.631201,75.0,0.5470012055455094,0.10337552742616035,0.07033353425758487,0.7721518987341772,0.3291139240506329,0.10126582278481013
-552.103719,158,17328.729821,51.0,0.6921589310829818,0.0949367088607595,0.07988793906515425,0.7911392405063291,0.3037974683544304,0.0949367088607595
-525.200573,158,17331.859724,38.0,0.7663502109704642,0.07383966244725738,0.07079566003616637,0.8481012658227848,0.2721518987341772,0.12025316455696203
-529.609923,158,17334.956964,38.0,0.7616636528028934,0.0770042194092827,0.06680731364275669,0.8924050632911392,0.2468354430379747,0.13924050632911392
-507.293157,158,17338.026652,20.0,0.8755274261603374,0.06962025316455696,0.06645569620253164,0.8734177215189873,0.26582278481012656,0.13924050632911392
-533.964656,158,17341.171413,9.0,0.9430379746835443,0.06329113924050633,0.06329113924050633,0.879746835443038,0.27848101265822783,0.15822784810126583
-541.103841,158,17344.24852,16.0,0.9029535864978904,0.07489451476793248,0.06921338155515372,0.8544303797468354,0.2468354430379747,0.10126582278481013
-537.772983,158,17347.338102,13.0,0.9177215189873418,0.06329113924050633,0.04430379746835443,0.8227848101265823,0.2911392405063291,0.11392405063291139
-544.621825,158,17350.457373,7.0,0.9556962025316456,0.06329113924050633,0.05063291139240506,0.8037974683544303,0.36075949367088606,0.16455696202531644
-537.247619,158,17353.561319,8.0,0.9504219409282701,0.06645569620253164,0.06487341772151899,0.8164556962025317,0.37341772151898733,0.189873417721519
-526.854843,158,17356.665072,8.0,0.9514767932489452,0.06645569620253164,0.06582278481012659,0.8164556962025317,0.37341772151898733,0.189873417721519
-531.787392,158,17359.761284,8.0,0.9525316455696202,0.07278481012658228,0.0680379746835443,0.8227848101265823,0.34177215189873417,0.16455696202531644
-515.878172,158,17362.87612,24.0,0.8558092224231466,0.0949367088607595,0.07494474583082178,0.8417721518987342,0.3037974683544304,0.14556962025316456
-554.685317,158,17365.963993,32.0,0.8085443037974683,0.08860759493670886,0.06751054852320675,0.8354430379746836,0.26582278481012656,0.10126582278481013
-557.595224,158,17369.054459,21.0,0.870253164556962,0.06645569620253164,0.05379746835443038,0.8164556962025317,0.3291139240506329,0.14556962025316456
-543.238131,158,17372.152283,28.0,0.8309071729957805,0.0780590717299578,0.04125979505726341,0.8164556962025317,0.33544303797468356,0.1518987341772152
-514.187011,158,17375.446651,33.0,0.7987341772151898,0.08544303797468354,0.03628691983122363,0.8227848101265823,0.31645569620253167,0.13924050632911392
-527.315338,158,17378.613525,32.0,0.8066455696202531,0.08122362869198312,0.043173598553345384,0.8607594936708861,0.25949367088607594,0.12025316455696203
-542.672092,158,17381.72143,30.0,0.8177215189873417,0.0759493670886076,0.04061181434599156,0.8670886075949367,0.2848101265822785,0.1518987341772152
-546.463243,158,17384.770428,17.0,0.8957805907172995,0.06856540084388185,0.04841772151898734,0.8544303797468354,0.34177215189873417,0.1962025316455696
-535.766648,158,17387.887163,23.0,0.8597046413502109,0.06962025316455696,0.04367088607594937,0.7848101265822784,0.37341772151898733,0.15822784810126583
-552.98506,158,17390.997444,13.0,0.9205696202531645,0.06962025316455696,0.04189270644966847,0.7974683544303798,0.3227848101265823,0.12025316455696203
-596.374721,158,17394.090761,14.0,0.9135021097046412,0.06645569620253164,0.059493670886075954,0.7911392405063291,0.2974683544303797,0.08860759493670886
-554.165589,158,17397.231666,31.0,0.8227848101265823,0.0981012658227848,0.055696202531645575,0.7848101265822784,0.3227848101265823,0.10759493670886076
-592.454909,158,17400.303295,17.0,0.8945147679324893,0.06962025316455696,0.04472573839662448,0.7784810126582279,0.31645569620253167,0.0949367088607595
-577.836297,158,17403.370282,21.0,0.8748493068113322,0.08122362869198312,0.047609001406469766,0.810126582278481,0.2974683544303797,0.10759493670886076
-574.318056,158,17406.452147,17.0,0.8945147679324893,0.06540084388185653,0.03375527426160337,0.8227848101265823,0.31645569620253167,0.13924050632911392
-565.563584,158,17409.546394,19.0,0.8819168173598554,0.06856540084388185,0.05362165963431786,0.8291139240506329,0.34810126582278483,0.17721518987341772
-564.662156,158,17412.620579,6.0,0.9641350210970463,0.06645569620253164,0.06582278481012659,0.8417721518987342,0.35443037974683544,0.1962025316455696
-564.60264,158,17415.686211,12.0,0.9298523206751056,0.0759493670886076,0.07056962025316456,0.8417721518987342,0.36075949367088606,0.20253164556962025
-562.924358,158,17418.757124,27.0,0.8422995780590716,0.08544303797468354,0.05323488045007033,0.8354430379746836,0.33544303797468356,0.17088607594936708
-558.010742,158,17421.801663,22.0,0.8672995780590718,0.07172995780590717,0.06424050632911392,0.8291139240506329,0.35443037974683544,0.18354430379746836
-557.658655,158,17424.814451,13.0,0.9177215189873418,0.06329113924050633,0.056962025316455694,0.8037974683544303,0.34177215189873417,0.14556962025316456
-572.076359,158,17427.83019,8.0,0.9502712477396021,0.06645569620253164,0.06469760900140646,0.7974683544303798,0.3860759493670886,0.18354430379746836
-521.579459,158,17430.905482,5.0,0.9715189873417721,0.06962025316455696,0.06740506329113924,0.7848101265822784,0.45569620253164556,0.24050632911392406
-539.5512,158,17433.945907,4.0,0.9746835443037974,0.06329113924050633,0.06329113924050633,0.7784810126582279,0.46835443037974683,0.2468354430379747
-539.986978,158,17436.923886,5.0,0.9723101265822784,0.07278481012658228,0.06877637130801688,0.7974683544303798,0.4810126582278481,0.27848101265822783
-540.684976,158,17440.009764,13.0,0.9202079566003616,0.07172995780590717,0.06439622262407071,0.8417721518987342,0.36075949367088606,0.20253164556962025
-488.162706,158,17443.030468,19.0,0.8820675105485233,0.06856540084388185,0.060126582278481014,0.8544303797468354,0.27848101265822783,0.13291139240506328
-455.301639,158,17446.149235,70.0,0.580872011251758,0.10864978902953586,0.061055856941932884,0.9050632911392406,0.2721518987341772,0.17721518987341772
-521.607446,158,17449.3508,56.0,0.6581223628691983,0.09388185654008438,0.040837854128993364,0.879746835443038,0.2721518987341772,0.1518987341772152
-480.57255,158,17452.508487,32.0,0.7981012658227847,0.06645569620253164,0.051687763713080176,0.8481012658227848,0.2974683544303797,0.14556962025316456
-538.909103,158,17455.601553,21.0,0.8781645569620253,0.08122362869198312,0.06976090014064698,0.879746835443038,0.25949367088607594,0.13924050632911392
-482.545701,158,17458.665117,35.0,0.7866033755274261,0.07700421940928269,0.035161744022503515,0.9050632911392406,0.24050632911392406,0.14556962025316456
-500.258923,158,17461.774061,17.0,0.8939873417721519,0.06540084388185653,0.03345388788426763,0.8924050632911392,0.2468354430379747,0.13924050632911392
-474.958343,158,17464.848713,26.0,0.8430379746835442,0.07700421940928269,0.021413502109704642,0.8607594936708861,0.2974683544303797,0.15822784810126583
-495.87694,158,17467.941777,12.0,0.9261603375527425,0.06540084388185653,0.04641350210970464,0.8481012658227848,0.34810126582278483,0.1962025316455696
-549.144938,158,17471.022209,18.0,0.8901446654611211,0.06856540084388185,0.04191279887482419,0.8354430379746836,0.3670886075949367,0.20253164556962025
-544.783682,158,17474.156069,28.0,0.8275316455696202,0.07172995780590717,0.018685955394816153,0.8481012658227848,0.310126582278481,0.15822784810126583
-517.192128,158,17477.303566,39.0,0.760196905766526,0.07383966244725738,0.014230916762562329,0.9050632911392406,0.27848101265822783,0.18354430379746836
-525.054103,158,17480.434091,29.0,0.8224683544303797,0.07383966244725738,0.028933092224231464,0.8227848101265823,0.33544303797468356,0.15822784810126583
-510.695916,158,17483.50076,20.0,0.8734177215189873,0.06329113924050633,0.05063291139240506,0.810126582278481,0.3860759493670886,0.1962025316455696
-467.976865,158,17486.520571,25.0,0.8417721518987342,0.06329113924050633,0.05063291139240506,0.8291139240506329,0.34177215189873417,0.17088607594936708
-424.37165,158,17489.605618,28.0,0.8227848101265823,0.06540084388185653,0.04746835443037975,0.9113924050632911,0.31645569620253167,0.22784810126582278
-386.10435,158,17492.732672,27.0,0.8322784810126582,0.06962025316455696,0.05189873417721518,0.9367088607594937,0.3227848101265823,0.25949367088607594
-386.90717,158,17495.799556,28.0,0.8264767932489452,0.07278481012658228,0.049578059071729956,0.9177215189873418,0.3037974683544304,0.22151898734177214
-362.163435,158,17498.863574,28.0,0.8340717299578061,0.07911392405063292,0.07521097046413502,0.9113924050632911,0.2974683544303797,0.2088607594936709
-445.809778,158,17501.937824,31.0,0.8098101265822785,0.07172995780590717,0.06974080771549127,0.8924050632911392,0.31645569620253167,0.2088607594936709
-455.318151,158,17505.010404,32.0,0.8071729957805907,0.07753164556962025,0.07649186256781193,0.8291139240506329,0.4240506329113924,0.25316455696202533
-451.625747,158,17508.120729,26.0,0.8433544303797469,0.07172995780590717,0.07142857142857142,0.8164556962025317,0.4240506329113924,0.24050632911392406
-405.811303,158,17511.227716,13.0,0.9208860759493671,0.06540084388185653,0.06582278481012659,0.8481012658227848,0.44936708860759494,0.2974683544303797
-433.74274,158,17514.35838,12.0,0.9240506329113924,0.06329113924050633,0.05063291139240506,0.8924050632911392,0.34177215189873417,0.23417721518987342
-378.825815,158,17517.389362,16.0,0.8987341772151899,0.06329113924050633,0.04430379746835443,0.8987341772151899,0.3227848101265823,0.22151898734177214
-388.401866,158,17520.448451,6.0,0.9620253164556962,0.06645569620253164,0.06751054852320675,0.9050632911392406,0.379746835443038,0.2848101265822785
-446.180043,158,17523.478037,17.0,0.8939873417721519,0.06962025316455696,0.03417721518987342,0.9050632911392406,0.35443037974683544,0.25949367088607594
-404.572802,158,17526.550996,31.0,0.8045007032348804,0.06645569620253164,0.045454545454545456,0.8924050632911392,0.379746835443038,0.2721518987341772
-409.264224,158,17529.623532,50.0,0.6997011251758087,0.09282700421940927,0.04747383418269494,0.8544303797468354,0.3924050632911392,0.2468354430379747
-358.549862,158,17532.712423,57.0,0.6521097046413502,0.08438818565400844,0.07564798071127185,0.8417721518987342,0.41139240506329117,0.25316455696202533
-489.974124,158,17535.734555,52.0,0.6787974683544303,0.08227848101265822,0.06149789029535864,0.7911392405063291,0.4620253164556962,0.25316455696202533
-432.050696,158,17538.851191,57.0,0.6477496483825598,0.08016877637130801,0.06775713737739054,0.7974683544303798,0.4936708860759494,0.2911392405063291
-468.08745,158,17541.957815,50.0,0.6991033755274262,0.09388185654008438,0.07047920433996384,0.8227848101265823,0.4620253164556962,0.2848101265822785
-416.878749,158,17544.99895,61.0,0.6336497890295358,0.1060126582278481,0.09097850110508338,0.7974683544303798,0.5189873417721519,0.31645569620253167
-425.422996,158,17548.082139,71.0,0.563554852320675,0.0991561181434599,0.07471870604781997,0.8037974683544303,0.46835443037974683,0.2721518987341772
-511.493907,158,17551.145679,54.0,0.6799125979505726,0.10021097046413502,0.08950170785613822,0.8291139240506329,0.45569620253164556,0.2848101265822785
-492.80252,158,17554.210469,34.0,0.7992616033755274,0.08860759493670886,0.08116837452280488,0.8291139240506329,0.4873417721518987,0.31645569620253167
-433.021433,158,17557.323423,23.0,0.8633966244725739,0.08438818565400844,0.07784810126582278,0.8164556962025317,0.5,0.31645569620253167
-412.534542,158,17560.619392,16.0,0.9068565400843882,0.0759493670886076,0.07290536467751657,0.810126582278481,0.4873417721518987,0.2974683544303797
-400.740076,158,17563.688206,26.0,0.8460970464135021,0.08544303797468354,0.07662748643761302,0.8607594936708861,0.379746835443038,0.24050632911392406
-448.349714,158,17566.730642,35.0,0.7914029535864978,0.08649789029535865,0.07893811533052039,0.8417721518987342,0.3924050632911392,0.23417721518987342
-491.634258,158,17569.769913,32.0,0.8094936708860759,0.10126582278481013,0.08934599156118143,0.8417721518987342,0.43037974683544306,0.2721518987341772
-507.188531,158,17572.850093,25.0,0.8501054852320675,0.07911392405063292,0.04876431585292346,0.8164556962025317,0.4873417721518987,0.3037974683544304
-498.272652,158,17575.949371,34.0,0.7881856540084388,0.07172995780590717,0.05180831826401446,0.8164556962025317,0.3670886075949367,0.18354430379746836
-519.360215,158,17579.053407,33.0,0.8048523206751054,0.08438818565400844,0.04451476793248945,0.8291139240506329,0.3037974683544304,0.13291139240506328
-509.435273,158,17582.171079,42.0,0.7509493670886076,0.09177215189873418,0.042028330319469565,0.8607594936708861,0.2911392405063291,0.1518987341772152
-316.120802,158,17585.370761,95.0,0.41139240506329117,0.1371308016877637,0.0831223628691983,0.8987341772151899,0.2974683544303797,0.1962025316455696
-436.657607,158,17588.520693,69.0,0.6014767932489451,0.10970464135021096,0.06531042796865581,0.9240506329113924,0.2974683544303797,0.22151898734177214
-424.076223,158,17591.698803,78.0,0.5248493068113321,0.09651898734177215,0.040395820775567616,0.9113924050632911,0.3291139240506329,0.24050632911392406
-431.491941,158,17594.823098,72.0,0.5797619047619048,0.13396624472573837,0.06254771950974483,0.8417721518987342,0.3987341772151899,0.24050632911392406
-432.439227,158,17598.011346,69.0,0.5800180831826401,0.08966244725738397,0.025452079566003614,0.8164556962025317,0.4873417721518987,0.3037974683544304
-526.278742,158,17601.117937,41.0,0.7463559647103951,0.07067510548523206,0.02460240181759169,0.8164556962025317,0.46835443037974683,0.2848101265822785
-448.437889,158,17604.199291,43.0,0.7391350210970464,0.0780590717299578,0.03779385171790235,0.8291139240506329,0.37341772151898733,0.20253164556962025
-475.411211,158,17607.304119,46.0,0.7260096443640747,0.0949367088607595,0.05099959815149688,0.8227848101265823,0.43037974683544306,0.25316455696202533
-532.803779,158,17610.401612,38.0,0.7760548523206751,0.10126582278481013,0.054128993369499695,0.7911392405063291,0.5063291139240507,0.2974683544303797
-544.529555,158,17613.494488,44.0,0.7341772151898734,0.09177215189873418,0.032911392405063286,0.7911392405063291,0.4177215189873418,0.2088607594936709
-482.226762,158,17616.595526,63.0,0.6185654008438819,0.09599156118143459,0.02093630701225638,0.8417721518987342,0.3670886075949367,0.2088607594936709
-469.642681,158,17619.693845,60.0,0.6319620253164556,0.09177215189873418,0.02019288728149488,0.8544303797468354,0.36075949367088606,0.21518987341772153
-488.54693,158,17622.814065,67.0,0.5842374924653406,0.08016877637130801,0.012025316455696202,0.810126582278481,0.3924050632911392,0.20253164556962025
-523.447773,158,17625.949598,22.0,0.8664556962025317,0.07911392405063292,0.0682640144665461,0.7974683544303798,0.4810126582278481,0.27848101265822783
-520.987248,158,17629.009649,8.0,0.9525316455696202,0.07278481012658228,0.06793248945147679,0.810126582278481,0.4936708860759494,0.3037974683544304
-472.794392,158,17632.123266,7.0,0.9556962025316456,0.06329113924050633,0.06329113924050633,0.8670886075949367,0.4430379746835443,0.310126582278481
-502.634845,158,17635.220127,7.0,0.9556962025316456,0.06329113924050633,0.06329113924050633,0.8544303797468354,0.3987341772151899,0.25316455696202533
-582.129193,158,17638.259384,17.0,0.8931962025316456,0.06645569620253164,0.06455696202531645,0.8354430379746836,0.3860759493670886,0.22151898734177214
-558.235757,158,17641.337997,23.0,0.8552215189873418,0.06645569620253164,0.05189873417721518,0.7911392405063291,0.43670886075949367,0.22784810126582278
-562.778424,158,17644.412016,17.0,0.8924050632911392,0.06645569620253164,0.06118143459915611,0.7848101265822784,0.4810126582278481,0.26582278481012656
-565.507045,158,17647.528506,21.0,0.8670886075949367,0.06329113924050633,0.056962025316455694,0.7784810126582279,0.4177215189873418,0.1962025316455696
-565.957439,158,17650.632026,20.0,0.8734177215189873,0.06329113924050633,0.03164556962025317,0.8164556962025317,0.34810126582278483,0.16455696202531644
-539.540662,158,17653.725666,40.0,0.7561884669479606,0.08122362869198312,0.030385226587758236,0.8481012658227848,0.2974683544303797,0.14556962025316456
-521.267735,158,17656.870202,38.0,0.7689873417721518,0.07911392405063292,0.043037974683544304,0.8734177215189873,0.2974683544303797,0.17088607594936708
-546.991059,158,17659.982545,33.0,0.7948312236286921,0.06962025316455696,0.029957805907172997,0.8544303797468354,0.26582278481012656,0.12025316455696203
-459.747662,158,17663.128682,50.0,0.6975210970464135,0.11075949367088607,0.048734177215189876,0.8544303797468354,0.310126582278481,0.16455696202531644
-543.401055,158,17666.274208,35.0,0.7957956600361663,0.0970464135021097,0.03382057464335945,0.8164556962025317,0.379746835443038,0.1962025316455696
-532.983237,158,17669.358799,47.0,0.7227848101265822,0.0981012658227848,0.049608197709463536,0.8481012658227848,0.31645569620253167,0.16455696202531644
-542.257981,158,17672.481964,47.0,0.7239121110956553,0.104957805907173,0.05789129997990758,0.8670886075949367,0.2848101265822785,0.1518987341772152
-526.121081,158,17675.590667,57.0,0.6672043673625953,0.12658227848101267,0.06814771023631783,0.8354430379746836,0.2974683544303797,0.13291139240506328
-529.391732,158,17678.695759,58.0,0.6478902953586498,0.08702531645569621,0.05298372513562386,0.8037974683544303,0.36075949367088606,0.16455696202531644
-520.231101,158,17681.754021,70.0,0.5777426160337552,0.09440928270042194,0.0642555756479807,0.7974683544303798,0.43670886075949367,0.23417721518987342
-525.06362,158,17684.850633,59.0,0.6368670886075949,0.08122362869198312,0.056540084388185655,0.8164556962025317,0.3860759493670886,0.20253164556962025
-556.488337,158,17687.957097,51.0,0.6892405063291139,0.08227848101265822,0.04505726341169378,0.810126582278481,0.31645569620253167,0.12658227848101267
-541.614362,158,17691.047388,47.0,0.7149261603375527,0.08016877637130801,0.03881856540084388,0.8354430379746836,0.2721518987341772,0.10759493670886076
-549.88571,158,17694.138231,38.0,0.7639240506329114,0.07172995780590717,0.018459915611814346,0.8354430379746836,0.2974683544303797,0.13291139240506328
-588.986153,158,17697.228261,38.0,0.759493670886076,0.06645569620253164,0.02953586497890295,0.8164556962025317,0.310126582278481,0.12658227848101267
-575.444047,158,17700.283326,39.0,0.7563291139240507,0.06645569620253164,0.028481012658227847,0.8291139240506329,0.33544303797468356,0.16455696202531644
-560.271269,158,17703.390087,38.0,0.7610759493670886,0.06645569620253164,0.04641350210970464,0.8227848101265823,0.37341772151898733,0.1962025316455696
-545.04039,158,17706.465145,16.0,0.9042194092827005,0.07489451476793248,0.06668173598553345,0.8544303797468354,0.2974683544303797,0.1518987341772152
-557.914748,158,17709.568009,45.0,0.7221113274910743,0.0759493670886076,0.04624194371029815,0.8607594936708861,0.2721518987341772,0.13291139240506328
-500.239573,158,17712.698519,52.0,0.692631103074141,0.10759493670886076,0.06542595941330118,0.8607594936708861,0.310126582278481,0.17088607594936708
-508.253407,158,17715.787574,48.0,0.7097724532851115,0.0949367088607595,0.06219153560925712,0.8481012658227848,0.379746835443038,0.22784810126582278
-500.829066,158,17718.880857,45.0,0.7217550733373519,0.07700421940928269,0.046258242460774104,0.8164556962025317,0.41139240506329117,0.22784810126582278
-562.340262,158,17722.026588,31.0,0.8203059071729959,0.0949367088607595,0.07763302098745137,0.8037974683544303,0.41139240506329117,0.21518987341772153
-544.017598,158,17725.147353,33.0,0.8010096443640747,0.08227848101265822,0.05026120152702431,0.8164556962025317,0.35443037974683544,0.17088607594936708
-546.969364,158,17728.247797,39.0,0.7640295358649789,0.08122362869198312,0.05128089210367691,0.8291139240506329,0.34177215189873417,0.17088607594936708
-548.947506,158,17731.303077,37.0,0.77443741209564,0.08649789029535865,0.07530275631541454,0.8607594936708861,0.34177215189873417,0.20253164556962025
-548.43566,158,17734.371443,28.0,0.8351868595539483,0.08966244725738397,0.07983222824994977,0.8924050632911392,0.3860759493670886,0.27848101265822783
-535.998711,158,17737.424351,27.0,0.829817158931083,0.06645569620253164,0.032796317606444185,0.8924050632911392,0.35443037974683544,0.2468354430379747
-563.06859,158,17740.723796,20.0,0.8734177215189873,0.06329113924050633,0.056962025316455694,0.8860759493670886,0.37341772151898733,0.25949367088607594
-585.262094,158,17743.795079,22.0,0.8678872814948764,0.08649789029535865,0.067209162145871,0.8670886075949367,0.31645569620253167,0.18354430379746836
-570.305849,158,17746.870475,28.0,0.8283755274261603,0.0780590717299578,0.058007288070579206,0.8481012658227848,0.27848101265822783,0.12658227848101267
-561.753552,158,17749.942753,38.0,0.7770042194092828,0.08966244725738397,0.0699271192942079,0.8291139240506329,0.2911392405063291,0.12025316455696203
-564.918148,158,17753.102629,32.0,0.8068113321277878,0.08755274261603375,0.057082579867389995,0.8227848101265823,0.31645569620253167,0.13924050632911392
-570.678492,158,17756.199136,33.0,0.8028028933092224,0.08544303797468354,0.06861563190677115,0.8291139240506329,0.3037974683544304,0.13291139240506328
-553.33453,158,17759.316612,33.0,0.7957353827606992,0.07383966244725738,0.0660337552742616,0.8227848101265823,0.2911392405063291,0.11392405063291139
-563.522349,158,17762.419119,35.0,0.7865682137834036,0.08227848101265822,0.06075949367088609,0.810126582278481,0.25949367088607594,0.06962025316455696
-569.949285,158,17765.529244,28.0,0.8324542897327707,0.08438818565400844,0.07248342374924653,0.8417721518987342,0.2848101265822785,0.12658227848101267
-572.549849,158,17768.638423,31.0,0.8153631705846897,0.08860759493670886,0.06161844484629296,0.8291139240506329,0.2974683544303797,0.12658227848101267
-535.576561,158,17771.741742,43.0,0.735618846694796,0.08227848101265822,0.042079018028385116,0.8227848101265823,0.2721518987341772,0.0949367088607595
-498.731626,158,17774.894151,54.0,0.691284910588708,0.140295358649789,0.08547865636473231,0.8354430379746836,0.2721518987341772,0.10759493670886076
-528.659564,158,17778.024319,58.0,0.6488396624472573,0.0981012658227848,0.058257986738999394,0.8417721518987342,0.25949367088607594,0.10126582278481013
-519.545071,158,17781.142395,62.0,0.6311884669479606,0.11286919831223628,0.0843183188119897,0.810126582278481,0.2911392405063291,0.10126582278481013
-570.211979,158,17784.212269,34.0,0.7955696202531645,0.08122362869198312,0.07965641952983725,0.8417721518987342,0.2721518987341772,0.11392405063291139
-565.12321,158,17787.351778,46.0,0.7205771549125979,0.08544303797468354,0.06533052039381154,0.8417721518987342,0.25316455696202533,0.0949367088607595
-570.105558,158,17790.441197,48.0,0.7127637130801688,0.09282700421940927,0.06015672091621459,0.810126582278481,0.2721518987341772,0.08227848101265822
-582.328168,158,17793.472692,36.0,0.7814948764315852,0.0780590717299578,0.03241912798874824,0.8417721518987342,0.2911392405063291,0.13291139240506328
-570.889072,158,17796.472857,22.0,0.8628691983122362,0.06645569620253164,0.053164556962025315,0.8291139240506329,0.310126582278481,0.13924050632911392
-559.152405,158,17799.577511,25.0,0.8425632911392406,0.06962025316455696,0.05836849507735583,0.810126582278481,0.34177215189873417,0.1518987341772152
-564.947751,158,17802.641895,31.0,0.8135021097046415,0.07489451476793248,0.054339963833634715,0.8227848101265823,0.3924050632911392,0.21518987341772153
-551.800559,158,17805.740832,39.0,0.761889692585895,0.08544303797468354,0.055907172995780595,0.810126582278481,0.4430379746835443,0.25316455696202533
-551.086269,158,17808.81697,29.0,0.8231615430982518,0.08227848101265822,0.06562688366485835,0.7911392405063291,0.4240506329113924,0.21518987341772153
-563.517122,158,17811.878394,39.0,0.7626582278481012,0.08544303797468354,0.06160337552742617,0.8037974683544303,0.3670886075949367,0.17088607594936708
-572.407506,158,17814.937829,43.0,0.7373417721518988,0.08438818565400844,0.04855334538878844,0.8481012658227848,0.31645569620253167,0.16455696202531644
-564.601893,158,17817.960165,37.0,0.7747890295358649,0.08227848101265822,0.04831223628691983,0.8734177215189873,0.3291139240506329,0.20253164556962025
-563.063195,158,17821.056462,34.0,0.7866561181434599,0.07278481012658228,0.0409634317862166,0.8354430379746836,0.33544303797468356,0.17088607594936708
-574.032462,158,17824.16542,32.0,0.8016877637130801,0.07278481012658228,0.06909282700421941,0.8164556962025317,0.310126582278481,0.12658227848101267
-587.507323,158,17827.212431,23.0,0.8612869198312235,0.07278481012658228,0.04578059071729958,0.8291139240506329,0.27848101265822783,0.10759493670886076
-566.818801,158,17830.221477,18.0,0.8860759493670886,0.06329113924050633,0.0379746835443038,0.8670886075949367,0.2911392405063291,0.15822784810126583
-579.96632,158,17833.208635,20.0,0.8734177215189873,0.06329113924050633,0.05063291139240506,0.8544303797468354,0.2848101265822785,0.13924050632911392
-573.767091,158,17836.288139,17.0,0.8924050632911392,0.06329113924050633,0.04430379746835443,0.8417721518987342,0.35443037974683544,0.1962025316455696
-566.395949,158,17839.333699,9.0,0.944620253164557,0.06645569620253164,0.06540084388185653,0.8227848101265823,0.3227848101265823,0.14556962025316456
-584.409152,158,17842.438129,8.0,0.9493670886075949,0.06329113924050633,0.06329113924050633,0.8354430379746836,0.3037974683544304,0.13924050632911392
-572.277345,158,17845.444937,10.0,0.9367088607594937,0.06329113924050633,0.06329113924050633,0.8037974683544303,0.31645569620253167,0.12025316455696203
-588.341164,158,17848.475319,10.0,0.939873417721519,0.06645569620253164,0.06645569620253164,0.7974683544303798,0.34810126582278483,0.14556962025316456
-565.638634,158,17851.50464,7.0,0.9556962025316456,0.06329113924050633,0.06329113924050633,0.8037974683544303,0.3291139240506329,0.13291139240506328
-563.993757,158,17854.551629,10.0,0.9367088607594937,0.06329113924050633,0.06329113924050633,0.7974683544303798,0.2911392405063291,0.08860759493670886
-570.318861,158,17857.636556,12.0,0.9256329113924051,0.06962025316455696,0.06582278481012659,0.8227848101265823,0.2721518987341772,0.0949367088607595
-568.848975,158,17860.717432,7.0,0.9556962025316456,0.06329113924050633,0.06329113924050633,0.8037974683544303,0.310126582278481,0.11392405063291139
-567.771957,158,17863.797395,7.0,0.9556962025316456,0.06329113924050633,0.06329113924050633,0.7911392405063291,0.34177215189873417,0.13291139240506328
-574.450707,158,17866.841595,4.0,0.9746835443037974,0.06329113924050633,0.056962025316455694,0.7721518987341772,0.310126582278481,0.08227848101265822
-580.704219,158,17869.928262,6.0,0.9620253164556962,0.06329113924050633,0.05063291139240506,0.8227848101265823,0.25949367088607594,0.08227848101265822
-579.298075,158,17872.90345,10.0,0.9379746835443037,0.06645569620253164,0.05244122965641952,0.7974683544303798,0.27848101265822783,0.0759493670886076
-561.909295,158,17875.958559,10.0,0.9367088607594937,0.06329113924050633,0.06329113924050633,0.7911392405063291,0.3037974683544304,0.0949367088607595
-579.820514,158,17879.030736,16.0,0.8997890295358649,0.06962025316455696,0.06509945750452079,0.7848101265822784,0.3037974683544304,0.08860759493670886
-571.288855,158,17882.026677,10.0,0.9367088607594937,0.06329113924050633,0.06329113924050633,0.8037974683544303,0.2911392405063291,0.0949367088607595
-555.731293,158,17884.982522,9.0,0.9462025316455697,0.07278481012658228,0.07278481012658228,0.7784810126582279,0.27848101265822783,0.056962025316455694
-532.837938,158,17887.950962,9.0,0.9430379746835443,0.06329113924050633,0.06329113924050633,0.7911392405063291,0.2848101265822785,0.0759493670886076
-504.316064,158,17890.962595,9.0,0.9430379746835443,0.06329113924050633,0.06329113924050633,0.8417721518987342,0.25316455696202533,0.0949367088607595
-501.44298,158,17893.958474,17.0,0.8955696202531646,0.07172995780590717,0.067209162145871,0.8291139240506329,0.25949367088607594,0.08860759493670886
-516.011471,158,17897.063381,20.0,0.8820675105485233,0.0759493670886076,0.07332730560578661,0.8417721518987342,0.25316455696202533,0.0949367088607595
-536.128056,158,17900.105038,20.0,0.8755877034358048,0.0759493670886076,0.0669831223628692,0.8607594936708861,0.25316455696202533,0.11392405063291139
-533.224708,158,17903.141042,35.0,0.7913050030138638,0.0981012658227848,0.06831424552943541,0.8987341772151899,0.2468354430379747,0.14556962025316456
-539.027645,158,17906.182844,29.0,0.8262356841470765,0.0981012658227848,0.06235684147076553,0.8987341772151899,0.2468354430379747,0.14556962025316456
-569.382039,158,17909.196078,29.0,0.8180379746835443,0.0759493670886076,0.059493670886075954,0.8354430379746836,0.25316455696202533,0.08860759493670886
-521.742802,158,17912.314785,35.0,0.7901898734177215,0.08438818565400844,0.08107293550331525,0.8481012658227848,0.2721518987341772,0.12025316455696203
-549.652464,158,17915.39,34.0,0.7940024110910187,0.08860759493670886,0.08368495077355836,0.8354430379746836,0.25316455696202533,0.08860759493670886
-560.517692,158,17918.464073,35.0,0.7869801084990958,0.08122362869198312,0.06175909182238296,0.810126582278481,0.33544303797468356,0.14556962025316456
-574.291793,158,17921.575909,22.0,0.8681434599156117,0.07172995780590717,0.07056962025316456,0.7974683544303798,0.37341772151898733,0.17088607594936708
-581.734817,158,17924.696059,32.0,0.7990506329113924,0.06645569620253164,0.06540084388185653,0.810126582278481,0.3037974683544304,0.11392405063291139
-474.734709,158,17928.087665,71.0,0.5587025316455696,0.08438818565400844,0.0779385171790235,0.8734177215189873,0.2721518987341772,0.14556962025316456
-511.165201,158,17931.211635,76.0,0.5321154583812812,0.0981012658227848,0.05612239378062163,0.8544303797468354,0.310126582278481,0.16455696202531644
-572.43228,158,17934.387102,57.0,0.6494725738396625,0.08438818565400844,0.07652702431183445,0.8037974683544303,0.310126582278481,0.11392405063291139
-552.227705,158,17937.501751,57.0,0.6459388185654009,0.08122362869198312,0.07541235136171845,0.8291139240506329,0.31645569620253167,0.14556962025316456
-534.696742,158,17940.64145,58.0,0.6470363672895318,0.10337552742616035,0.0884322428626226,0.8481012658227848,0.2911392405063291,0.13924050632911392
-506.769887,158,17943.810685,75.0,0.5514567008237894,0.11497890295358648,0.08984373572981168,0.8670886075949367,0.25949367088607594,0.12658227848101267
-543.135704,158,17946.961557,67.0,0.5917068515169781,0.0949367088607595,0.07062030796208012,0.8860759493670886,0.2468354430379747,0.13291139240506328
-398.486964,158,17950.063885,71.0,0.5740506329113924,0.09599156118143458,0.07585895117540686,0.8734177215189873,0.26582278481012656,0.13924050632911392
-565.306468,158,17953.199027,45.0,0.7183544303797469,0.07067510548523206,0.055028129395218006,0.8417721518987342,0.3670886075949367,0.2088607594936709
-518.027476,158,17956.336379,50.0,0.6947408077154913,0.08280590717299577,0.07067008237894314,0.8481012658227848,0.43670886075949367,0.2848101265822785
-517.527471,158,17959.447744,50.0,0.69040837854129,0.08649789029535863,0.07333278535810181,0.8291139240506329,0.45569620253164556,0.2848101265822785
-516.367621,158,17962.583296,55.0,0.6613471971066908,0.09388185654008438,0.08003817560779586,0.8734177215189873,0.36075949367088606,0.23417721518987342
-527.729155,158,17965.716482,50.0,0.6909885473176612,0.08227848101265822,0.07332730560578661,0.9177215189873418,0.25316455696202533,0.17088607594936708
-501.890577,158,17968.796509,44.0,0.7268535262206148,0.0759493670886076,0.05163250954390195,0.930379746835443,0.25949367088607594,0.189873417721519
-496.894998,158,17971.894304,42.0,0.7520042194092826,0.09599156118143459,0.05307962080113978,0.879746835443038,0.2468354430379747,0.12658227848101267
-517.933402,158,17975.064553,46.0,0.7156017681334137,0.08649789029535865,0.05848904962829013,0.879746835443038,0.27848101265822783,0.15822784810126583
-525.983379,158,17978.201397,44.0,0.7334990958408679,0.08438818565400844,0.08039481615430982,0.8354430379746836,0.34177215189873417,0.17721518987341772
-517.790415,158,17981.308992,51.0,0.6893007836045811,0.09915611814345991,0.05497287522603979,0.8164556962025317,0.37341772151898733,0.189873417721519
-527.491173,158,17984.421106,53.0,0.6780239099859353,0.10021097046413502,0.0433900487697956,0.8227848101265823,0.34810126582278483,0.17088607594936708
-538.357939,158,17987.590179,48.0,0.716937914406269,0.11392405063291139,0.06457203134418324,0.8734177215189873,0.3227848101265823,0.1962025316455696
-558.369873,158,17990.706463,19.0,0.881012658227848,0.06540084388185653,0.04588607594936709,0.8670886075949367,0.35443037974683544,0.22151898734177214
-551.852708,158,17993.811869,21.0,0.8691983122362869,0.06540084388185653,0.06540084388185653,0.8037974683544303,0.379746835443038,0.18354430379746836
-536.786337,158,17996.90075,37.0,0.7718002812939522,0.0780590717299578,0.06751054852320676,0.7974683544303798,0.4240506329113924,0.22151898734177214
-556.538316,158,18000.003492,49.0,0.7044379144062688,0.0949367088607595,0.056710870002009243,0.810126582278481,0.4050632911392405,0.21518987341772153
-504.789735,158,18003.051722,54.0,0.687635623869801,0.1360759493670886,0.08222322684348,0.8417721518987342,0.36075949367088606,0.20253164556962025
-542.892513,158,18006.134899,45.0,0.722950572634117,0.08544303797468354,0.03041490857946554,0.810126582278481,0.3291139240506329,0.13924050632911392
-581.18077,158,18009.211975,37.0,0.7686708860759494,0.06962025316455696,0.0482218203737191,0.8354430379746836,0.31645569620253167,0.1518987341772152
-559.89458,158,18012.261237,30.0,0.8223176612417118,0.08438818565400844,0.055746433594534864,0.8354430379746836,0.2974683544303797,0.13291139240506328
-535.170341,158,18015.321028,50.0,0.6991109101868596,0.09388185654008438,0.05142153907976693,0.8164556962025317,0.3924050632911392,0.2088607594936709
-536.814935,158,18018.46804,53.0,0.6705696202531646,0.0759493670886076,0.039783001808318265,0.810126582278481,0.3924050632911392,0.20253164556962025
-547.486718,158,18021.553075,42.0,0.7370253164556962,0.06962025316455696,0.03556359252561784,0.8354430379746836,0.34810126582278483,0.18354430379746836
-513.822806,158,18024.602006,53.0,0.6885021097046413,0.11392405063291139,0.06962025316455696,0.8670886075949367,0.310126582278481,0.17721518987341772
-509.423607,158,18027.736031,49.0,0.6971518987341773,0.0759493670886076,0.027878239903556357,0.8544303797468354,0.3291139240506329,0.18354430379746836
-514.520469,158,18030.81358,43.0,0.7372362869198312,0.08333333333333333,0.04694092827004219,0.8354430379746836,0.3670886075949367,0.20253164556962025
-483.198065,158,18033.974575,61.0,0.6300632911392405,0.10759493670886076,0.07292043399638337,0.8544303797468354,0.36075949367088606,0.21518987341772153
-546.911361,158,18037.097812,43.0,0.7310126582278481,0.06645569620253164,0.05379746835443038,0.8417721518987342,0.3037974683544304,0.14556962025316456
-533.836869,158,18040.221038,54.0,0.6727320675105486,0.0981012658227848,0.0678525763968802,0.8607594936708861,0.2911392405063291,0.1518987341772152
-516.10118,158,18043.339764,50.0,0.6869198312236287,0.06962025316455696,0.05497287522603979,0.8734177215189873,0.27848101265822783,0.1518987341772152
-501.378206,158,18046.473016,32.0,0.810126582278481,0.07700421940928269,0.057383966244725734,0.8607594936708861,0.2911392405063291,0.1518987341772152
-519.058827,158,18049.585141,23.0,0.8556962025316455,0.06645569620253164,0.05244122965641952,0.8481012658227848,0.3037974683544304,0.1518987341772152
-540.70137,158,18052.655868,11.0,0.930379746835443,0.06329113924050633,0.06329113924050633,0.8670886075949367,0.2911392405063291,0.15822784810126583
-563.833974,158,18055.75233,9.0,0.9440928270042195,0.06962025316455696,0.06509945750452079,0.8481012658227848,0.2721518987341772,0.12025316455696203
-541.433672,158,18058.824505,4.0,0.9746835443037974,0.06329113924050633,0.06329113924050633,0.8354430379746836,0.2848101265822785,0.12025316455696203
-551.911036,158,18061.874495,7.0,0.9572784810126582,0.06645569620253164,0.06540084388185653,0.8607594936708861,0.26582278481012656,0.12658227848101267
-543.73865,158,18064.961067,2.0,0.9873417721518988,0.06329113924050633,0.05063291139240506,0.8481012658227848,0.27848101265822783,0.12658227848101267
-544.052821,158,18068.029128,8.0,0.9493670886075949,0.06329113924050633,0.05063291139240506,0.8227848101265823,0.2721518987341772,0.0949367088607595
-545.39129,158,18071.042417,27.0,0.8351793248945146,0.0759493670886076,0.05548523206751054,0.8291139240506329,0.2721518987341772,0.10126582278481013
-527.530167,158,18074.104572,29.0,0.8320147679324893,0.08649789029535865,0.057594936708860754,0.8164556962025317,0.3227848101265823,0.13924050632911392
-539.557391,158,18077.15468,30.0,0.8152250351617439,0.07700421940928269,0.03830620855937312,0.8291139240506329,0.31645569620253167,0.14556962025316456
-544.246013,158,18080.1641,36.0,0.7803270042194093,0.08016877637130801,0.04718706047819972,0.810126582278481,0.2974683544303797,0.10759493670886076
-508.808042,158,18083.268963,62.0,0.6210443037974683,0.0759493670886076,0.049999999999999996,0.810126582278481,0.25949367088607594,0.06962025316455696
-547.556164,158,18086.34406,42.0,0.7341772151898734,0.06540084388185653,0.060126582278481014,0.8544303797468354,0.25316455696202533,0.10759493670886076
-506.236333,158,18089.38187,38.0,0.7656720916214588,0.0780590717299578,0.07056962025316456,0.8544303797468354,0.2721518987341772,0.12658227848101267
-542.45212,158,18092.392984,30.0,0.8175105485232067,0.08227848101265822,0.07290536467751657,0.8417721518987342,0.2848101265822785,0.12658227848101267
-559.971885,158,18095.426639,31.0,0.8043248945147679,0.06645569620253164,0.045207956600361664,0.7974683544303798,0.2974683544303797,0.0949367088607595
-549.186174,158,18098.540132,24.0,0.8519690576652602,0.07067510548523206,0.05540029590662502,0.8164556962025317,0.2974683544303797,0.11392405063291139
-568.7413,158,18101.57589,30.0,0.810126582278481,0.06329113924050633,0.056962025316455694,0.810126582278481,0.3227848101265823,0.13291139240506328
-561.957718,158,18104.587014,44.0,0.7236286919831223,0.06540084388185653,0.040084388185654005,0.8481012658227848,0.3227848101265823,0.17088607594936708
-563.307174,158,18107.883703,29.0,0.8180379746835443,0.06645569620253164,0.04641350210970464,0.8670886075949367,0.2974683544303797,0.16455696202531644
-562.697025,158,18110.932913,23.0,0.8544303797468354,0.06329113924050633,0.04430379746835443,0.8734177215189873,0.2848101265822785,0.15822784810126583
-558.265469,158,18114.054558,40.0,0.7530138637733574,0.0780590717299578,0.043459915611814344,0.8607594936708861,0.2911392405063291,0.1518987341772152
-534.28345,158,18117.131629,25.0,0.8447860156720917,0.06751054852320675,0.0350210970464135,0.8860759493670886,0.2721518987341772,0.15822784810126583
-545.060935,158,18120.211482,25.0,0.8449367088607594,0.06645569620253164,0.060126582278481014,0.8544303797468354,0.33544303797468356,0.189873417721519
-578.42179,158,18123.282043,19.0,0.8818565400843881,0.06645569620253164,0.06582278481012659,0.8291139240506329,0.2911392405063291,0.12025316455696203
-556.255526,158,18126.351464,33.0,0.7964135021097046,0.07172995780590717,0.06962025316455696,0.8354430379746836,0.3037974683544304,0.13924050632911392
-551.309768,158,18129.444734,42.0,0.7462025316455697,0.0949367088607595,0.060970464135021094,0.7848101265822784,0.31645569620253167,0.10126582278481013
-531.548647,158,18132.535542,42.0,0.7427215189873417,0.08438818565400844,0.0626130198915009,0.7974683544303798,0.34810126582278483,0.14556962025316456
-544.056299,158,18135.666496,36.0,0.7789029535864979,0.07911392405063292,0.06358750251155315,0.8037974683544303,0.3227848101265823,0.12658227848101267
-513.440615,158,18138.81319,40.0,0.759142053445851,0.09177215189873418,0.07562332182585348,0.8987341772151899,0.26582278481012656,0.16455696202531644
-510.355612,158,18141.990334,54.0,0.6667269439421338,0.07278481012658228,0.0460267229254571,0.9113924050632911,0.2721518987341772,0.18354430379746836
-511.447791,158,18145.081818,47.0,0.7140295358649789,0.08333333333333333,0.06014165159734781,0.9240506329113924,0.2721518987341772,0.1962025316455696
-488.796049,158,18148.139426,40.0,0.7567058468957203,0.09388185654008438,0.08117262484351091,0.9050632911392406,0.2848101265822785,0.189873417721519
-487.175194,158,18151.247653,38.0,0.7736286919831223,0.10443037974683544,0.0721318063090215,0.8607594936708861,0.4240506329113924,0.2848101265822785
-479.627874,158,18154.343211,41.0,0.7486437613019891,0.0759493670886076,0.053445850914205346,0.8291139240506329,0.47468354430379744,0.3037974683544304
-486.170339,158,18157.50176,57.0,0.6433092224231465,0.07278481012658228,0.05309423347398031,0.8417721518987342,0.379746835443038,0.22151898734177214
-504.250874,158,18160.654443,57.0,0.6555907172995781,0.0991561181434599,0.07724532851115129,0.8544303797468354,0.3037974683544304,0.15822784810126583
-446.21382,158,18163.802694,61.0,0.6323488045007033,0.09388185654008438,0.05338100717847553,0.8607594936708861,0.2848101265822785,0.14556962025316456
-443.144225,158,18166.884729,57.0,0.6619198312236287,0.10654008438818564,0.09189270644966846,0.879746835443038,0.3037974683544304,0.18354430379746836
-449.867962,158,18169.876953,46.0,0.7221066907775767,0.08966244725738397,0.07218706047819971,0.8924050632911392,0.3227848101265823,0.21518987341772153
-380.013009,158,18172.927079,50.0,0.694821177416114,0.08649789029535865,0.07046002520686065,0.8670886075949367,0.379746835443038,0.2468354430379747
-404.416231,158,18175.979464,40.0,0.7561784207353828,0.08333333333333333,0.07144866385372714,0.8670886075949367,0.37341772151898733,0.24050632911392406
-417.064966,158,18179.035887,39.0,0.7602320675105486,0.07700421940928269,0.03967751657625075,0.9367088607594937,0.3291139240506329,0.26582278481012656
-380.929395,158,18182.116211,38.0,0.7684599156118143,0.08122362869198312,0.04020494273658831,0.9556962025316456,0.2911392405063291,0.2468354430379747
-363.400365,158,18185.209076,37.0,0.7710970464135021,0.07278481012658228,0.04430379746835443,0.9620253164556962,0.27848101265822783,0.24050632911392406
-363.681479,158,18188.302079,29.0,0.8217299578059071,0.07172995780590717,0.04746835443037975,0.9430379746835443,0.25949367088607594,0.20253164556962025
-414.786023,158,18191.382312,44.0,0.7278481012658228,0.07278481012658228,0.06100060277275467,0.8670886075949367,0.25949367088607594,0.12658227848101267
-442.286108,158,18194.440174,46.0,0.7194092827004219,0.0780590717299578,0.04347498493068113,0.8354430379746836,0.33544303797468356,0.17088607594936708
-378.224677,158,18197.476714,28.0,0.8257986738999398,0.06962025316455696,0.035583684950773554,0.8481012658227848,0.3924050632911392,0.24050632911392406
-248.009573,158,18200.539526,23.0,0.8544303797468354,0.06645569620253164,0.016877637130801686,0.8544303797468354,0.36075949367088606,0.21518987341772153
-334.970605,158,18203.627213,47.0,0.7182489451476793,0.10126582278481013,0.04609704641350211,0.8734177215189873,0.3037974683544304,0.17721518987341772
-368.085762,158,18206.709347,36.0,0.7784810126582279,0.0759493670886076,0.0501205545509343,0.8860759493670886,0.2721518987341772,0.15822784810126583
-426.329773,158,18209.837434,48.0,0.7134669479606189,0.09282700421940927,0.07648227300126036,0.8924050632911392,0.2721518987341772,0.16455696202531644
-507.26775,158,18212.886533,35.0,0.7816455696202531,0.07278481012658228,0.04272151898734177,0.8417721518987342,0.2974683544303797,0.13924050632911392
-514.73937,158,18216.001697,28.0,0.8227848101265823,0.06329113924050633,0.03164556962025317,0.8417721518987342,0.2911392405063291,0.13291139240506328
-455.504849,158,18219.07985,32.0,0.8071729957805907,0.08122362869198313,0.03146473779385172,0.8481012658227848,0.31645569620253167,0.16455696202531644
-468.810656,158,18222.12772,38.0,0.7628691983122363,0.06962025316455696,0.02332730560578662,0.8227848101265823,0.37341772151898733,0.1962025316455696
-269.908373,158,18225.249507,119.0,0.30168776371308015,0.16983122362869196,0.10120554550934298,0.8227848101265823,0.3924050632911392,0.21518987341772153
-419.955467,158,18228.310719,50.0,0.689873417721519,0.07700421940928269,0.0462326702833032,0.8164556962025317,0.37341772151898733,0.189873417721519
-501.782905,158,18231.344134,16.0,0.9040084388185654,0.07278481012658228,0.057383966244725734,0.8291139240506329,0.33544303797468356,0.16455696202531644
-508.87794,158,18234.42502,26.0,0.8422995780590716,0.07489451476793248,0.055274261603375535,0.8417721518987342,0.2974683544303797,0.13924050632911392
-494.989728,158,18237.500966,39.0,0.7588607594936709,0.08122362869198312,0.045283303194695604,0.8481012658227848,0.2974683544303797,0.14556962025316456
-411.701082,158,18240.560158,60.0,0.6663502109704641,0.13080168776371306,0.07606992163954189,0.8354430379746836,0.3227848101265823,0.15822784810126583
-530.870837,158,18243.617904,23.0,0.8588607594936708,0.0759493670886076,0.05063291139240506,0.7974683544303798,0.33544303797468356,0.13291139240506328
-523.054618,158,18246.723439,17.0,0.8943640747438215,0.06962025316455696,0.02830520393811533,0.7848101265822784,0.44936708860759494,0.23417721518987342
-489.083065,158,18249.800555,20.0,0.8783755274261603,0.07172995780590717,0.025015069318866788,0.7911392405063291,0.4810126582278481,0.2721518987341772
-503.329623,158,18252.826756,13.0,0.9208860759493671,0.06645569620253164,0.04746835443037975,0.7974683544303798,0.4430379746835443,0.24050632911392406
-535.51376,158,18255.885404,13.0,0.9177215189873418,0.06329113924050633,0.0379746835443038,0.8291139240506329,0.37341772151898733,0.20253164556962025
-520.25142,158,18258.919326,12.0,0.9272151898734177,0.06751054852320675,0.05414908579465541,0.8227848101265823,0.34810126582278483,0.17088607594936708
-512.063207,158,18261.97206,9.0,0.9443037974683544,0.06540084388185653,0.05221518987341772,0.8164556962025317,0.35443037974683544,0.17088607594936708
-521.602991,158,18264.979861,5.0,0.9683544303797469,0.06329113924050633,0.06329113924050633,0.7974683544303798,0.35443037974683544,0.1518987341772152
-510.454139,158,18268.016208,4.0,0.9746835443037974,0.06329113924050633,0.06329113924050633,0.759493670886076,0.37341772151898733,0.13291139240506328
-506.772692,158,18270.980753,1.0,0.9936708860759493,0.06329113924050633,0.06329113924050633,0.7721518987341772,0.3291139240506329,0.10126582278481013
-516.603745,158,18273.970593,5.0,0.9683544303797469,0.06329113924050633,0.06329113924050633,0.810126582278481,0.2974683544303797,0.10759493670886076
-490.753826,158,18276.948929,13.0,0.9224683544303798,0.07278481012658228,0.07278481012658228,0.8164556962025317,0.3037974683544304,0.12025316455696203
-500.110614,158,18279.973148,16.0,0.9063291139240506,0.07172995780590717,0.05813743218806511,0.8481012658227848,0.2721518987341772,0.12025316455696203
-470.674696,158,18283.017935,15.0,0.9066455696202531,0.06540084388185653,0.05244122965641952,0.8544303797468354,0.3037974683544304,0.15822784810126583
-500.916856,158,18286.017665,9.0,0.9430379746835443,0.06540084388185653,0.05379746835443038,0.8544303797468354,0.2848101265822785,0.13924050632911392
-506.056361,158,18289.257149,4.0,0.9746835443037974,0.06329113924050633,0.05063291139240506,0.8164556962025317,0.310126582278481,0.12658227848101267
-516.998957,158,18292.309508,6.0,0.9641350210970465,0.06540084388185653,0.06540084388185653,0.7974683544303798,0.3291139240506329,0.12658227848101267
-496.859731,158,18295.37735,11.0,0.930379746835443,0.06329113924050633,0.056962025316455694,0.7974683544303798,0.379746835443038,0.17721518987341772
-482.180823,158,18298.449299,28.0,0.8296413502109705,0.07172995780590717,0.05180831826401446,0.8227848101265823,0.26582278481012656,0.08860759493670886
-476.42848,158,18301.471136,12.0,0.930379746835443,0.0759493670886076,0.052531645569620256,0.8417721518987342,0.27848101265822783,0.12025316455696203
-546.828477,158,18304.482645,18.0,0.8860759493670886,0.06329113924050633,0.0379746835443038,0.7974683544303798,0.31645569620253167,0.11392405063291139
-525.414881,158,18307.529685,22.0,0.8639240506329114,0.06962025316455696,0.04219409282700422,0.810126582278481,0.37341772151898733,0.18354430379746836
-514.113593,158,18310.584484,11.0,0.930379746835443,0.06329113924050633,0.06329113924050633,0.8354430379746836,0.2974683544303797,0.13291139240506328
-504.648165,158,18313.668273,22.0,0.8628691983122362,0.06645569620253164,0.06582278481012659,0.8987341772151899,0.25949367088607594,0.15822784810126583
-482.317337,158,18316.801951,30.0,0.810126582278481,0.06329113924050633,0.0379746835443038,0.9113924050632911,0.24050632911392406,0.1518987341772152
-460.262374,158,18319.886597,35.0,0.7873417721518988,0.0759493670886076,0.0352622061482821,0.8987341772151899,0.2721518987341772,0.17088607594936708
-397.115908,158,18323.053125,54.0,0.6734327908378541,0.0981012658227848,0.05525416917821982,0.9050632911392406,0.31645569620253167,0.22151898734177214
-455.593485,158,18326.151062,59.0,0.6401898734177216,0.09282700421940927,0.0400994575045208,0.8734177215189873,0.36075949367088606,0.23417721518987342
-421.152507,158,18329.215216,47.0,0.7093881856540085,0.07700421940928269,0.06552139843279083,0.8227848101265823,0.3670886075949367,0.189873417721519
-386.43994,158,18332.42919,61.0,0.6191983122362869,0.07278481012658228,0.07320675105485232,0.810126582278481,0.35443037974683544,0.16455696202531644
-462.784545,158,18335.590844,29.0,0.819831223628692,0.07278481012658228,0.0679324894514768,0.8164556962025317,0.3860759493670886,0.20253164556962025
-466.21371,158,18338.72499,29.0,0.819831223628692,0.06856540084388185,0.067209162145871,0.7848101265822784,0.4240506329113924,0.2088607594936709
-511.000217,158,18341.787319,20.0,0.8765822784810127,0.07278481012658228,0.061708860759493674,0.8037974683544303,0.44936708860759494,0.25316455696202533
-433.300793,158,18344.887334,43.0,0.7310126582278481,0.06645569620253164,0.03481012658227848,0.8164556962025317,0.43037974683544306,0.2468354430379747
-459.069249,158,18348.052216,40.0,0.7544303797468355,0.07383966244725738,0.020916214587100662,0.7974683544303798,0.3860759493670886,0.18354430379746836
-512.606063,158,18351.244699,23.0,0.8544303797468354,0.06329113924050633,0.03164556962025317,0.7974683544303798,0.379746835443038,0.17721518987341772
-512.35681,158,18354.397335,23.0,0.8565400843881855,0.06540084388185653,0.021097046413502112,0.7974683544303798,0.35443037974683544,0.1518987341772152
-542.140232,158,18357.421544,26.0,0.8363471971066907,0.06856540084388185,0.03621659634317862,0.7974683544303798,0.34810126582278483,0.14556962025316456
-531.35357,158,18360.513484,39.0,0.7613396624472574,0.08649789029535865,0.04173196704842274,0.7911392405063291,0.34177215189873417,0.13291139240506328
-530.505276,158,18363.524559,25.0,0.8490506329113925,0.0759493670886076,0.03967751657625075,0.810126582278481,0.34177215189873417,0.1518987341772152
-514.760533,158,18366.564041,19.0,0.8841772151898734,0.06751054852320675,0.06107594936708861,0.8670886075949367,0.3227848101265823,0.189873417721519
-508.693153,158,18369.570539,23.0,0.8641350210970464,0.07278481012658228,0.07267932489451477,0.8544303797468354,0.31645569620253167,0.17088607594936708
-533.319575,158,18372.668313,20.0,0.8801763110307412,0.07858649789029536,0.07231688845612896,0.8291139240506329,0.310126582278481,0.13924050632911392
-490.403021,158,18375.749547,22.0,0.8627185051235683,0.06751054852320675,0.05963431786216596,0.8037974683544303,0.41139240506329117,0.21518987341772153
-478.850273,158,18378.817471,44.0,0.7267028330319469,0.08016877637130801,0.043369499698613624,0.8037974683544303,0.3860759493670886,0.189873417721519
-459.721764,158,18381.860971,64.0,0.6100286317058469,0.0970464135021097,0.05807258845233529,0.8291139240506329,0.37341772151898733,0.20253164556962025
-435.46674,158,18384.952791,57.0,0.6694770946353225,0.10970464135021096,0.06577757685352621,0.8291139240506329,0.2911392405063291,0.12025316455696203
-429.491832,158,18388.040356,60.0,0.640646976090014,0.10970464135021096,0.06974172100754379,0.8417721518987342,0.2848101265822785,0.12658227848101267
-465.880201,158,18391.166598,45.0,0.7325195901145267,0.0959915611814346,0.053038979304802086,0.8607594936708861,0.310126582278481,0.17088607594936708
-480.303597,158,18394.255858,35.0,0.7894062688366487,0.09071729957805906,0.05580168776371308,0.8670886075949367,0.3227848101265823,0.189873417721519
-431.039069,158,18397.411793,50.0,0.70042194092827,0.10337552742616035,0.057414104882459314,0.8607594936708861,0.34177215189873417,0.20253164556962025
-489.339415,158,18400.509769,32.0,0.8031193490054249,0.07911392405063292,0.05502310628892907,0.8734177215189873,0.3987341772151899,0.2721518987341772
-467.367833,158,18403.637426,30.0,0.8215792646172392,0.08649789029535865,0.0768635724331927,0.8417721518987342,0.37341772151898733,0.21518987341772153
-449.182707,158,18406.784688,37.0,0.7774864376130198,0.07911392405063292,0.07564798071127185,0.8291139240506329,0.43037974683544306,0.25949367088607594
-394.872607,158,18409.945742,56.0,0.6647679324894514,0.09599156118143459,0.08682941531042797,0.8291139240506329,0.3860759493670886,0.21518987341772153
-431.134899,158,18413.107491,66.0,0.5954113924050634,0.08755274261603375,0.06644610663598005,0.8291139240506329,0.33544303797468356,0.16455696202531644
-464.476141,158,18416.184961,47.0,0.7255274261603376,0.11023206751054851,0.0989451476793249,0.8291139240506329,0.3291139240506329,0.15822784810126583
-519.352408,158,18419.265308,32.0,0.8066455696202531,0.07964135021097046,0.07468354430379748,0.8291139240506329,0.2721518987341772,0.10126582278481013
-528.172956,158,18422.294626,32.0,0.8061708860759493,0.08122362869198312,0.07700421940928269,0.8291139240506329,0.2911392405063291,0.12025316455696203
-535.237158,158,18425.305268,27.0,0.8370253164556962,0.07172995780590717,0.06476793248945147,0.8164556962025317,0.2974683544303797,0.11392405063291139
-522.349492,158,18428.318574,30.0,0.8185654008438817,0.07172995780590717,0.07172995780590717,0.8354430379746836,0.3291139240506329,0.16455696202531644
-555.859218,158,18431.40655,26.0,0.8417721518987342,0.07489451476793248,0.06740506329113924,0.8291139240506329,0.3227848101265823,0.1518987341772152
-571.03517,158,18434.531926,13.0,0.9177215189873418,0.06329113924050633,0.056962025316455694,0.8037974683544303,0.3291139240506329,0.13291139240506328
-569.160882,158,18437.711667,0.0,1.0,0.06329113924050633,0.06329113924050633,0.7911392405063291,0.34177215189873417,0.13291139240506328
-570.525877,158,18440.72864,2.0,0.9873417721518988,0.06329113924050633,0.06329113924050633,0.7911392405063291,0.3291139240506329,0.12025316455696203
-516.658812,158,18443.768491,0.0,1.0,0.06329113924050633,0.06329113924050633,0.8354430379746836,0.31645569620253167,0.1518987341772152
-491.537197,158,18446.823791,13.0,0.9177215189873418,0.06329113924050633,0.056962025316455694,0.8481012658227848,0.310126582278481,0.15822784810126583
-504.279507,158,18449.879931,28.0,0.8274261603375528,0.07278481012658228,0.050452079566003616,0.8607594936708861,0.27848101265822783,0.13924050632911392
-542.32481,158,18452.982177,28.0,0.8276170383765321,0.07911392405063292,0.05798719564542349,0.8164556962025317,0.2974683544303797,0.11392405063291139
-528.336063,158,18456.082838,30.0,0.8261954992967652,0.09282700421940927,0.08228944051728862,0.7784810126582279,0.4050632911392405,0.18354430379746836
-582.26757,158,18459.134031,22.0,0.8627185051235683,0.06962025316455696,0.05995077355836849,0.7974683544303798,0.37341772151898733,0.17088607594936708
-576.872802,158,18462.232517,29.0,0.824540385774563,0.08016877637130801,0.0609353023909986,0.7911392405063291,0.3291139240506329,0.12025316455696203
-561.09315,158,18465.230479,19.0,0.8829113924050633,0.06645569620253164,0.05379746835443038,0.7911392405063291,0.379746835443038,0.17088607594936708
-578.986391,158,18468.2689,20.0,0.879746835443038,0.07172995780590717,0.0701476793248945,0.8227848101265823,0.36075949367088606,0.18354430379746836
-577.274144,158,18471.661715,18.0,0.8978902953586498,0.08122362869198312,0.07705445047217199,0.8417721518987342,0.310126582278481,0.1518987341772152
-554.69625,158,18474.746612,25.0,0.8485232067510549,0.07700421940928269,0.06562688366485835,0.8227848101265823,0.35443037974683544,0.17721518987341772
-534.256807,158,18477.852007,30.0,0.8227848101265823,0.08966244725738397,0.07649186256781193,0.810126582278481,0.4177215189873418,0.22784810126582278
-524.906947,158,18480.95426,28.0,0.8280590717299577,0.06962025316455696,0.06476793248945147,0.7974683544303798,0.4240506329113924,0.22151898734177214
-544.966612,158,18483.998363,27.0,0.8406268836648585,0.08122362869198312,0.07619549929676513,0.8291139240506329,0.36075949367088606,0.189873417721519
-533.17609,158,18487.042362,28.0,0.8314496684749849,0.08122362869198312,0.07454289732770744,0.8037974683544303,0.37341772151898733,0.17721518987341772
-554.046411,158,18490.093009,29.0,0.8235935302391,0.08227848101265822,0.0661392405063291,0.7658227848101266,0.3670886075949367,0.13291139240506328
-559.177742,158,18493.21104,18.0,0.8939873417721519,0.07700421940928269,0.07564798071127185,0.759493670886076,0.4177215189873418,0.17721518987341772
-568.863426,158,18496.283429,18.0,0.8952531645569619,0.07911392405063292,0.06785714285714285,0.7658227848101266,0.3670886075949367,0.13291139240506328
-525.771118,158,18499.378315,14.0,0.9177215189873418,0.06962025316455696,0.06329113924050633,0.7658227848101266,0.37341772151898733,0.13924050632911392
-534.826184,158,18502.402716,19.0,0.8860759493670886,0.07172995780590717,0.06406469760900141,0.7721518987341772,0.35443037974683544,0.12658227848101267
-554.62618,158,18505.478093,16.0,0.8987341772151899,0.06329113924050633,0.06329113924050633,0.7721518987341772,0.34177215189873417,0.11392405063291139
-575.989941,158,18508.556183,10.0,0.9372362869198311,0.06540084388185653,0.06413502109704641,0.7721518987341772,0.34177215189873417,0.11392405063291139
-571.729998,158,18511.608531,15.0,0.909132007233273,0.07489451476793248,0.0628691983122363,0.7974683544303798,0.34177215189873417,0.13924050632911392
-539.093774,158,18514.654591,21.0,0.8682393555811277,0.06751054852320675,0.039783001808318265,0.7721518987341772,0.33544303797468356,0.10759493670886076
-563.516885,158,18517.753117,36.0,0.7780666063893911,0.08438818565400844,0.04070771001150748,0.7784810126582279,0.34177215189873417,0.12025316455696203
-569.422823,158,18520.841311,28.0,0.8267405063291139,0.07278481012658228,0.04254571026722925,0.7658227848101266,0.33544303797468356,0.10126582278481013
-586.763537,158,18523.925258,21.0,0.8755274261603374,0.07067510548523206,0.05822784810126582,0.7721518987341772,0.3227848101265823,0.0949367088607595
-567.793873,158,18526.97183,20.0,0.8734177215189873,0.06329113924050633,0.056962025316455694,0.7848101265822784,0.310126582278481,0.0949367088607595
-574.192415,158,18530.033689,18.0,0.8881856540084387,0.06962025316455696,0.0510548523206751,0.7784810126582279,0.3227848101265823,0.10126582278481013
-570.202432,158,18533.167115,14.0,0.9113924050632911,0.06329113924050633,0.056962025316455694,0.7848101265822784,0.34177215189873417,0.12658227848101267
-562.977648,158,18536.245461,22.0,0.8681434599156117,0.07067510548523206,0.04514767932489451,0.7911392405063291,0.33544303797468356,0.12658227848101267
-550.180388,158,18539.270902,23.0,0.8628691983122362,0.07172995780590717,0.04831223628691983,0.8037974683544303,0.3227848101265823,0.12658227848101267
-561.471474,158,18542.38559,16.0,0.8987341772151899,0.06329113924050633,0.05063291139240506,0.7974683544303798,0.3227848101265823,0.12025316455696203
-506.308746,158,18545.52909,51.0,0.6915159734779989,0.09282700421940927,0.048663853727144865,0.7784810126582279,0.3227848101265823,0.10126582278481013
-555.038684,158,18548.634658,48.0,0.7020042194092826,0.07383966244725738,0.03872814948764316,0.7848101265822784,0.31645569620253167,0.10126582278481013
-544.801125,158,18551.707028,25.0,0.8449367088607594,0.07067510548523206,0.05421940928270042,0.7848101265822784,0.2848101265822785,0.06962025316455696
-536.834,158,18554.73801,40.0,0.7536919831223629,0.0759493670886076,0.058770343580470154,0.8164556962025317,0.2721518987341772,0.08860759493670886
-480.41349,158,18557.820868,51.0,0.7022151898734177,0.10759493670886076,0.06585292344786016,0.7784810126582279,0.310126582278481,0.08860759493670886
-539.313749,158,18560.907085,40.0,0.7468354430379747,0.06329113924050633,0.03164556962025317,0.7911392405063291,0.33544303797468356,0.12658227848101267
-535.12664,158,18564.025042,32.0,0.8027426160337553,0.07172995780590717,0.04092827004219409,0.810126582278481,0.2911392405063291,0.10126582278481013
-565.713469,158,18567.165815,22.0,0.8691983122362869,0.07383966244725738,0.043037974683544304,0.8291139240506329,0.2911392405063291,0.12025316455696203
-570.803728,158,18570.260783,16.0,0.9018987341772152,0.06645569620253164,0.03481012658227848,0.7848101265822784,0.3037974683544304,0.08860759493670886
-576.930326,158,18573.272928,19.0,0.879746835443038,0.06329113924050633,0.03164556962025317,0.7784810126582279,0.3291139240506329,0.10759493670886076
-557.514494,158,18576.327685,15.0,0.9050632911392406,0.06329113924050633,0.03164556962025317,0.7848101265822784,0.310126582278481,0.0949367088607595
-521.48852,158,18579.572265,17.0,0.8924050632911392,0.06329113924050633,0.04430379746835443,0.8227848101265823,0.310126582278481,0.13291139240506328
-549.748963,158,18582.599499,18.0,0.8860759493670886,0.06329113924050633,0.03164556962025317,0.8417721518987342,0.2911392405063291,0.13291139240506328
-560.631515,158,18585.680365,19.0,0.8838155515370705,0.07278481012658228,0.03727144866385373,0.8354430379746836,0.27848101265822783,0.11392405063291139
-594.175234,158,18588.729491,16.0,0.9004294755877034,0.06962025316455696,0.034317862165963435,0.8227848101265823,0.25949367088607594,0.08227848101265822
-577.696586,158,18591.779249,12.0,0.926946682009973,0.07278481012658228,0.06765544582000278,0.8291139240506329,0.26582278481012656,0.0949367088607595
-572.00959,158,18594.803596,14.0,0.9133514165159734,0.06962025316455696,0.06627988748241913,0.8417721518987342,0.2721518987341772,0.11392405063291139
-569.013952,158,18597.833498,19.0,0.8857745629897529,0.08227848101265822,0.07243319268635724,0.8227848101265823,0.27848101265822783,0.10126582278481013
-532.570401,158,18600.833385,17.0,0.8982770745428973,0.07700421940928269,0.07127331177964089,0.8481012658227848,0.3037974683544304,0.1518987341772152
-429.459595,158,18603.843377,22.0,0.867890021371034,0.0780590717299578,0.07221140322406146,0.8417721518987342,0.31645569620253167,0.15822784810126583
-474.057044,158,18606.9045,31.0,0.8080168776371307,0.0759493670886076,0.04272151898734177,0.810126582278481,0.33544303797468356,0.14556962025316456
-483.303194,158,18609.936971,23.0,0.8581826401446655,0.07278481012658228,0.03697006228651799,0.7848101265822784,0.310126582278481,0.0949367088607595
-491.824864,158,18613.033673,19.0,0.8839662447257384,0.06856540084388185,0.03628691983122363,0.8037974683544303,0.33544303797468356,0.13924050632911392
-554.900464,158,18616.096088,17.0,0.8924050632911392,0.06329113924050633,0.03164556962025317,0.7974683544303798,0.379746835443038,0.17721518987341772
-561.666434,158,18619.147179,6.0,0.9620253164556962,0.06329113924050633,0.06329113924050633,0.8417721518987342,0.3924050632911392,0.23417721518987342
-537.939475,158,18622.153875,6.0,0.9620253164556962,0.06329113924050633,0.056962025316455694,0.8227848101265823,0.4240506329113924,0.2468354430379747
-544.676401,158,18625.186603,12.0,0.9253164556962025,0.06540084388185653,0.058544303797468354,0.8164556962025317,0.35443037974683544,0.17088607594936708
-521.069504,158,18628.211317,13.0,0.9177215189873418,0.06329113924050633,0.06329113924050633,0.8227848101265823,0.35443037974683544,0.17721518987341772
-539.79658,158,18631.1887,4.0,0.9746835443037974,0.06329113924050633,0.06329113924050633,0.810126582278481,0.3924050632911392,0.20253164556962025
-545.986874,158,18634.264451,11.0,0.9316455696202531,0.06645569620253164,0.039783001808318265,0.8291139240506329,0.3924050632911392,0.22151898734177214
-540.307434,158,18637.314821,11.0,0.9335443037974683,0.06540084388185653,0.03417721518987342,0.810126582278481,0.5,0.310126582278481
-481.049189,158,18640.347373,7.0,0.9556962025316456,0.06329113924050633,0.05063291139240506,0.8607594936708861,0.379746835443038,0.24050632911392406
-428.606322,158,18643.408499,28.0,0.8249547920433997,0.06962025316455696,0.04118947156921841,0.8860759493670886,0.33544303797468356,0.22151898734177214
-447.476076,158,18646.55703,50.0,0.697166968053044,0.09071729957805906,0.035689170182841075,0.8734177215189873,0.34810126582278483,0.22151898734177214
-373.856216,158,18649.554317,21.0,0.8670886075949367,0.06329113924050633,0.05063291139240506,0.8544303797468354,0.34810126582278483,0.20253164556962025
-363.044122,158,18652.575963,9.0,0.9430379746835443,0.06329113924050633,0.03164556962025317,0.8291139240506329,0.379746835443038,0.2088607594936709
-361.717653,158,18655.630938,17.0,0.8955696202531646,0.06856540084388185,0.03556359252561784,0.8164556962025317,0.44936708860759494,0.26582278481012656
-371.557742,158,18659.039637,24.0,0.8496835443037974,0.06962025316455696,0.03417721518987342,0.8227848101265823,0.5063291139240507,0.3291139240506329
-355.381164,158,18662.130474,29.0,0.819620253164557,0.06645569620253164,0.03481012658227848,0.8227848101265823,0.45569620253164556,0.27848101265822783
-428.585076,158,18665.293952,37.0,0.7806509945750452,0.08649789029535865,0.06026722925457103,0.8164556962025317,0.379746835443038,0.1962025316455696
-454.635891,158,18668.332352,35.0,0.7832278481012658,0.06856540084388185,0.04927667269439421,0.8291139240506329,0.34810126582278483,0.17721518987341772
-500.762307,158,18671.407621,29.0,0.8180379746835443,0.06962025316455696,0.06962025316455696,0.8607594936708861,0.27848101265822783,0.13924050632911392
-489.189536,158,18674.577566,24.0,0.8525316455696201,0.06962025316455696,0.0682640144665461,0.8987341772151899,0.2721518987341772,0.17088607594936708
-439.526513,158,18677.670463,60.0,0.6368143459915612,0.10021097046413502,0.08179626280892104,0.9240506329113924,0.2721518987341772,0.1962025316455696
-472.4979,158,18680.754117,49.0,0.7053948161543098,0.09071729957805907,0.06937412095639943,0.8734177215189873,0.3291139240506329,0.20253164556962025
-417.176338,158,18683.847892,68.0,0.5892103676913804,0.10126582278481011,0.05485232067510548,0.810126582278481,0.37341772151898733,0.18354430379746836
-380.534295,158,18687.017919,70.0,0.5854957805907174,0.13291139240506328,0.06504465998136885,0.7848101265822784,0.4873417721518987,0.2721518987341772
-442.492728,158,18690.190089,53.0,0.6778832630098452,0.09599156118143458,0.043591429667379035,0.7911392405063291,0.4873417721518987,0.27848101265822783
-473.814506,158,18693.34964,34.0,0.792457805907173,0.0759493670886076,0.030168776371308017,0.7721518987341772,0.4873417721518987,0.25949367088607594
-396.969046,158,18696.471088,51.0,0.7266877637130802,0.12974683544303797,0.07585895117540688,0.7658227848101266,0.4810126582278481,0.2468354430379747
-458.139355,158,18699.616552,44.0,0.7420886075949367,0.08755274261603375,0.02808921036769138,0.7658227848101266,0.46835443037974683,0.23417721518987342
-509.610223,158,18702.68434,43.0,0.7419379144062689,0.08755274261603375,0.029043600562587903,0.7721518987341772,0.45569620253164556,0.22784810126582278
-487.229898,158,18705.735278,42.0,0.7495253164556962,0.12236286919831223,0.04570615741501817,0.7974683544303798,0.36075949367088606,0.15822784810126583
-467.604221,158,18708.864193,48.0,0.7100562587904361,0.0949367088607595,0.05004109814236397,0.7974683544303798,0.3037974683544304,0.10126582278481013
-485.192034,158,18711.952531,31.0,0.8127637130801687,0.07911392405063292,0.01729957805907173,0.7974683544303798,0.37341772151898733,0.17088607594936708
-483.486176,158,18715.034235,47.0,0.7129746835443038,0.0780590717299578,0.024306811332127785,0.7658227848101266,0.4177215189873418,0.18354430379746836
-486.505675,158,18718.092615,36.0,0.7805907172995781,0.07172995780590717,0.014767932489451475,0.7658227848101266,0.43037974683544306,0.1962025316455696
-519.220826,158,18721.216861,34.0,0.7961221619449468,0.09071729957805906,0.05864978902953586,0.7848101265822784,0.3670886075949367,0.1518987341772152
-560.190877,158,18724.357455,44.0,0.7272151898734177,0.07278481012658228,0.03842676311030741,0.7911392405063291,0.310126582278481,0.10126582278481013
-528.61922,158,18727.463063,44.0,0.7344484629294756,0.08438818565400844,0.034031545107494475,0.8037974683544303,0.31645569620253167,0.12025316455696203
-535.049675,158,18730.546302,51.0,0.6940626883664859,0.09599156118143459,0.02718002812939522,0.7911392405063291,0.2974683544303797,0.08860759493670886
-474.563974,158,18733.654763,56.0,0.6613547317661241,0.0970464135021097,0.018826602370906168,0.7974683544303798,0.3227848101265823,0.12025316455696203
-504.018473,158,18736.821801,48.0,0.711040787623066,0.09071729957805906,0.024126436151752608,0.7974683544303798,0.41139240506329117,0.2088607594936709
-481.758943,158,18739.857779,40.0,0.7725738396624472,0.10864978902953586,0.03109302792847097,0.7974683544303798,0.36075949367088606,0.15822784810126583
-563.419625,158,18742.90665,24.0,0.8517932489451475,0.07172995780590717,0.014888487040385775,0.7974683544303798,0.3227848101265823,0.12025316455696203
-584.280394,158,18746.042256,28.0,0.8264767932489452,0.07278481012658228,0.030590717299578064,0.7974683544303798,0.310126582278481,0.10759493670886076
-561.845306,158,18749.16495,18.0,0.8877712477396021,0.06962025316455696,0.05330520393811533,0.7721518987341772,0.34177215189873417,0.11392405063291139
-566.690175,158,18752.24655,15.0,0.9082278481012658,0.06856540084388185,0.057383966244725734,0.7911392405063291,0.3670886075949367,0.15822784810126583
-566.245456,158,18755.318505,27.0,0.8395569620253165,0.08860759493670886,0.05899638336347197,0.810126582278481,0.34177215189873417,0.1518987341772152
-566.201779,158,18758.351825,23.0,0.8588607594936708,0.07700421940928269,0.053616636528028935,0.8354430379746836,0.31645569620253167,0.1518987341772152
-568.837451,158,18761.423735,14.0,0.9113924050632911,0.06329113924050633,0.05063291139240506,0.8291139240506329,0.3291139240506329,0.15822784810126583
-564.608539,158,18764.506876,19.0,0.8860759493670886,0.07172995780590717,0.057383966244725734,0.8164556962025317,0.3291139240506329,0.14556962025316456
-554.501885,158,18767.633073,18.0,0.8883966244725738,0.06856540084388185,0.04751858549326904,0.7784810126582279,0.36075949367088606,0.13924050632911392
-567.616845,158,18770.668222,14.0,0.9113924050632911,0.06329113924050633,0.0379746835443038,0.7848101265822784,0.33544303797468356,0.12025316455696203
-567.363033,158,18773.689323,16.0,0.8987341772151899,0.06329113924050633,0.04430379746835443,0.7911392405063291,0.3037974683544304,0.0949367088607595
-576.114565,158,18776.656334,22.0,0.8607594936708861,0.06329113924050633,0.02531645569620253,0.7784810126582279,0.27848101265822783,0.056962025316455694
-561.022591,158,18779.694819,21.0,0.8679927667269439,0.06645569620253164,0.03938115330520394,0.7848101265822784,0.2911392405063291,0.0759493670886076
-557.116938,158,18782.794708,19.0,0.8892405063291139,0.07911392405063292,0.04929676511954993,0.7848101265822784,0.310126582278481,0.0949367088607595
-594.00573,158,18785.854362,13.0,0.918776371308017,0.06645569620253164,0.03955696202531646,0.7721518987341772,0.31645569620253167,0.08860759493670886
-584.378872,158,18788.869069,13.0,0.9208860759493671,0.06751054852320675,0.05414908579465541,0.7848101265822784,0.2911392405063291,0.0759493670886076
-602.17562,158,18791.943118,13.0,0.9203586497890297,0.06751054852320675,0.0601768133413703,0.810126582278481,0.2721518987341772,0.08227848101265822
-564.791202,158,18794.997283,11.0,0.9345991561181434,0.06962025316455696,0.055696202531645575,0.7911392405063291,0.26582278481012656,0.056962025316455694
-572.78492,158,18798.057881,5.0,0.9683544303797469,0.06329113924050633,0.06329113924050633,0.7784810126582279,0.2911392405063291,0.06962025316455696
-585.306499,158,18801.141491,13.0,0.9209111914808117,0.07278481012658228,0.06162894770489707,0.7721518987341772,0.310126582278481,0.08227848101265822
-588.479783,158,18804.307819,23.0,0.8554852320675107,0.06540084388185653,0.0520393811533052,0.7721518987341772,0.2721518987341772,0.04430379746835443
-603.379398,158,18807.389166,18.0,0.8880349608197708,0.06856540084388185,0.05977496483825598,0.7721518987341772,0.3037974683544304,0.0759493670886076
-573.217061,158,18810.402781,18.0,0.8905590717299577,0.07172995780590717,0.06244725738396625,0.7911392405063291,0.3227848101265823,0.11392405063291139
-565.288947,158,18813.441772,16.0,0.899638336347197,0.06645569620253164,0.0520393811533052,0.8164556962025317,0.3037974683544304,0.12025316455696203
-557.527866,158,18816.51302,21.0,0.8691983122362869,0.06540084388185653,0.040084388185654005,0.7848101265822784,0.31645569620253167,0.10126582278481013
-564.113827,158,18819.591722,18.0,0.8908227848101266,0.07278481012658228,0.050527426160337556,0.7911392405063291,0.33544303797468356,0.12658227848101267
-555.795113,158,18822.649638,16.0,0.8999999999999999,0.06645569620253164,0.058770343580470154,0.7974683544303798,0.310126582278481,0.10759493670886076
-566.234329,158,18825.769002,14.0,0.9113924050632911,0.06329113924050633,0.06329113924050633,0.7848101265822784,0.3227848101265823,0.10759493670886076
-558.525645,158,18828.837772,7.0,0.9556962025316456,0.06329113924050633,0.056962025316455694,0.7658227848101266,0.4430379746835443,0.2088607594936709
-560.854039,158,18831.886411,0.0,1.0,0.06329113924050633,0.06329113924050633,0.7784810126582279,0.37341772151898733,0.1518987341772152
-556.119325,158,18835.033456,1.0,0.9936708860759493,0.06329113924050633,0.056962025316455694,0.7911392405063291,0.27848101265822783,0.06962025316455696
-564.969944,158,18838.091898,1.0,0.9936708860759493,0.06329113924050633,0.06329113924050633,0.7911392405063291,0.2974683544303797,0.08860759493670886
-556.762296,158,18841.155635,14.0,0.9113924050632911,0.06329113924050633,0.06329113924050633,0.810126582278481,0.31645569620253167,0.12658227848101267
-542.634589,158,18844.40974,25.0,0.8468957203134417,0.07067510548523206,0.03727144866385373,0.8164556962025317,0.2911392405063291,0.10759493670886076
-545.077803,158,18847.445177,20.0,0.8765822784810127,0.06645569620253164,0.060126582278481014,0.7848101265822784,0.35443037974683544,0.13924050632911392
-554.469828,158,18850.455798,24.0,0.8544303797468354,0.07489451476793248,0.06424050632911392,0.7784810126582279,0.33544303797468356,0.11392405063291139
-563.232022,158,18853.464088,14.0,0.9113924050632911,0.06329113924050633,0.056962025316455694,0.7658227848101266,0.3291139240506329,0.0949367088607595
-444.421446,158,18856.433732,26.0,0.8370253164556962,0.06645569620253164,0.03375527426160337,0.7911392405063291,0.3037974683544304,0.0949367088607595
-500.296727,158,18859.437846,14.0,0.9113924050632911,0.06329113924050633,0.06329113924050633,0.8037974683544303,0.2848101265822785,0.08860759493670886
-492.355847,158,18862.45476,20.0,0.879746835443038,0.07067510548523206,0.04472573839662447,0.8227848101265823,0.2911392405063291,0.11392405063291139
-509.166305,158,18865.421023,12.0,0.9240506329113924,0.06329113924050633,0.05063291139240506,0.8291139240506329,0.310126582278481,0.13924050632911392
-512.452848,158,18868.454357,19.0,0.879746835443038,0.06329113924050633,0.06329113924050633,0.8227848101265823,0.31645569620253167,0.13924050632911392
-474.574229,158,18871.479239,25.0,0.8484779987944544,0.08016877637130801,0.06562688366485835,0.810126582278481,0.310126582278481,0.12025316455696203
-463.572173,158,18874.523991,11.0,0.930379746835443,0.06329113924050633,0.06329113924050633,0.8164556962025317,0.3670886075949367,0.18354430379746836
-487.595939,158,18877.618732,10.0,0.9367088607594937,0.06962025316455696,0.06962025316455696,0.8481012658227848,0.33544303797468356,0.18354430379746836
-482.554091,158,18880.875687,13.0,0.9219409282700421,0.06751054852320675,0.06751054852320675,0.8670886075949367,0.3037974683544304,0.17088607594936708
-472.71204,158,18883.980592,38.0,0.760548523206751,0.06856540084388185,0.055379746835443035,0.8734177215189873,0.2468354430379747,0.12025316455696203
-462.485783,158,18887.04373,66.0,0.5936708860759493,0.0981012658227848,0.01692284508740205,0.8481012658227848,0.24050632911392406,0.08860759493670886
-475.709673,158,18890.096061,62.0,0.6183619650391802,0.10021097046413502,0.02017279485633916,0.8164556962025317,0.2468354430379747,0.06329113924050633
-424.153162,158,18893.273677,88.0,0.4711799276672694,0.12236286919831223,0.04026065355179279,0.7784810126582279,0.310126582278481,0.08860759493670886
-472.620622,158,18896.517206,70.0,0.570886075949367,0.10337552742616032,0.03050030138637733,0.7784810126582279,0.3924050632911392,0.17088607594936708
-443.474968,158,18899.680331,48.0,0.7078059071729959,0.08544303797468354,0.03322784810126582,0.7658227848101266,0.43670886075949367,0.20253164556962025
-246.873471,158,18902.872566,131.0,0.1962025316455696,0.0981012658227848,0.03396624472573839,0.7784810126582279,0.41139240506329117,0.189873417721519
-433.251744,158,18906.043007,68.0,0.5861814345991562,0.10126582278481013,0.04971870604781997,0.8164556962025317,0.33544303797468356,0.1518987341772152
-471.183736,158,18909.116699,60.0,0.6361814345991561,0.10337552742616032,0.06880650994575045,0.8607594936708861,0.2974683544303797,0.15822784810126583
-463.237441,158,18912.206618,60.0,0.635126582278481,0.10548523206751054,0.05143126915278814,0.8481012658227848,0.2721518987341772,0.12025316455696203
-494.500993,158,18915.288641,51.0,0.7009569017480409,0.12341772151898735,0.06329616234679526,0.8417721518987342,0.36075949367088606,0.20253164556962025
-510.705819,158,18918.353046,50.0,0.6934749849306812,0.09282700421940927,0.055093429776974075,0.8164556962025317,0.4177215189873418,0.23417721518987342
-516.18784,158,18921.397678,35.0,0.7834388185654009,0.07172995780590717,0.03779385171790235,0.8037974683544303,0.35443037974683544,0.15822784810126583
-546.281278,158,18924.420793,34.0,0.7924050632911392,0.08016877637130801,0.04442435201928873,0.7848101265822784,0.310126582278481,0.0949367088607595
-482.554367,158,18927.432673,47.0,0.7136075949367089,0.07700421940928269,0.04338959212376934,0.8227848101265823,0.2911392405063291,0.11392405063291139
-477.042569,158,18930.555199,48.0,0.7120253164556962,0.09599156118143459,0.060669077757685354,0.8354430379746836,0.2974683544303797,0.13291139240506328
-489.851508,158,18933.683523,44.0,0.7410864978902953,0.0981012658227848,0.05575647980711272,0.7974683544303798,0.3227848101265823,0.12025316455696203
-464.987112,158,18936.79377,51.0,0.6931082981715893,0.11286919831223628,0.05499342429722177,0.7721518987341772,0.37341772151898733,0.14556962025316456
-476.992608,158,18939.869858,33.0,0.7934599156118144,0.06856540084388185,0.060126582278481014,0.7658227848101266,0.43037974683544306,0.1962025316455696
-489.170357,158,18943.024988,51.0,0.6929576049829215,0.0981012658227848,0.0772709006886222,0.7721518987341772,0.37341772151898733,0.14556962025316456
-550.648072,158,18946.073778,32.0,0.8066455696202531,0.08438818565400845,0.07478902953586498,0.7848101265822784,0.3860759493670886,0.17088607594936708
-550.13123,158,18949.146988,33.0,0.808921036769138,0.09599156118143459,0.07104179224432389,0.7721518987341772,0.3924050632911392,0.16455696202531644
-571.872195,158,18952.185166,16.0,0.9034810126582279,0.06962025316455696,0.07079566003616637,0.7848101265822784,0.3670886075949367,0.1518987341772152
-572.736394,158,18955.283248,19.0,0.8813291139240507,0.06962025316455696,0.06962025316455696,0.7848101265822784,0.3670886075949367,0.1518987341772152
-556.972384,158,18958.423655,11.0,0.9316455696202531,0.06962025316455696,0.06540084388185655,0.7911392405063291,0.34177215189873417,0.13291139240506328
-573.742696,158,18961.514102,15.0,0.9050632911392406,0.06329113924050633,0.056962025316455694,0.8037974683544303,0.2911392405063291,0.0949367088607595
-557.189673,158,18964.580358,21.0,0.8670886075949367,0.06540084388185653,0.05379746835443038,0.8354430379746836,0.26582278481012656,0.10126582278481013
-553.978515,158,18967.646913,29.0,0.8262130801687763,0.08438818565400844,0.06237693389592123,0.8417721518987342,0.2974683544303797,0.13924050632911392
-530.379899,158,18970.714327,33.0,0.7974683544303798,0.06856540084388185,0.04367088607594937,0.8164556962025317,0.3227848101265823,0.13924050632911392
-530.852768,158,18973.758366,15.0,0.9061181434599157,0.06962025316455696,0.039783001808318265,0.8291139240506329,0.33544303797468356,0.16455696202531644
-505.995421,158,18976.787417,21.0,0.8686708860759493,0.06540084388185653,0.039783001808318265,0.8354430379746836,0.34810126582278483,0.18354430379746836
-509.272782,158,18979.85517,15.0,0.9094936708860759,0.06962025316455696,0.06193490054249547,0.8227848101265823,0.4240506329113924,0.2468354430379747
-512.385104,158,18982.849346,14.0,0.9156118143459915,0.07172995780590717,0.06223628691983121,0.8164556962025317,0.45569620253164556,0.2721518987341772
-494.598285,158,18985.883847,8.0,0.9493670886075949,0.06329113924050633,0.056962025316455694,0.810126582278481,0.43670886075949367,0.2468354430379747
-529.52782,158,18989.01345,10.0,0.9367088607594937,0.06329113924050633,0.056962025316455694,0.8164556962025317,0.43670886075949367,0.25316455696202533
-519.630831,158,18992.141788,20.0,0.8786919831223627,0.06751054852320675,0.06160337552742615,0.8037974683544303,0.5063291139240507,0.310126582278481
-502.466884,158,18995.244853,32.0,0.8063291139240507,0.07700421940928269,0.04841772151898734,0.8544303797468354,0.4177215189873418,0.2721518987341772
-521.289862,158,18998.450574,57.0,0.6465189873417722,0.07911392405063292,0.04751356238698011,0.8481012658227848,0.36075949367088606,0.2088607594936709
-540.21017,158,19001.598599,48.0,0.7062939521800281,0.0991561181434599,0.07153405666063893,0.8544303797468354,0.310126582278481,0.16455696202531644
-551.987487,158,19004.741543,34.0,0.7869677790563867,0.07067510548523206,0.06389391199517781,0.8417721518987342,0.36075949367088606,0.20253164556962025
-495.874375,158,19007.766797,29.0,0.8248945147679324,0.0759493670886076,0.07320675105485232,0.8481012658227848,0.33544303797468356,0.18354430379746836
-410.366574,158,19010.853909,28.0,0.8406118143459915,0.10232067510548522,0.07782800884066707,0.810126582278481,0.3987341772151899,0.2088607594936709
-302.298459,158,19013.900759,54.0,0.6784810126582279,0.0949367088607595,0.05502310628892907,0.8037974683544303,0.4620253164556962,0.26582278481012656
-404.353282,158,19016.981631,47.0,0.7163502109704641,0.08860759493670886,0.036332127787823985,0.8037974683544303,0.4430379746835443,0.2468354430379747
-421.555143,158,19020.03892,58.0,0.6509142053445852,0.09915611814345991,0.029139496228103825,0.8227848101265823,0.37341772151898733,0.1962025316455696
-492.518073,158,19023.173778,51.0,0.6842299578059072,0.08544303797468354,0.035699216395418926,0.8291139240506329,0.3670886075949367,0.1962025316455696
-384.234394,158,19026.448139,24.0,0.8481012658227848,0.06329113924050633,0.03164556962025317,0.8164556962025317,0.37341772151898733,0.189873417721519
-396.667545,158,19029.502858,29.0,0.8164556962025317,0.06329113924050633,0.0379746835443038,0.7974683544303798,0.379746835443038,0.17721518987341772
-428.804982,158,19032.58285,20.0,0.8734177215189873,0.06329113924050633,0.03164556962025317,0.7911392405063291,0.4240506329113924,0.21518987341772153
-456.847678,158,19035.611553,13.0,0.9177215189873418,0.06329113924050633,0.04430379746835443,0.8354430379746836,0.34810126582278483,0.18354430379746836
-466.154525,158,19038.789854,18.0,0.8876582278481012,0.06645569620253164,0.03375527426160337,0.879746835443038,0.3037974683544304,0.18354430379746836
-480.503334,158,19041.958361,24.0,0.8481012658227848,0.06329113924050633,0.03164556962025317,0.8924050632911392,0.310126582278481,0.20253164556962025
-500.706038,158,19045.030869,34.0,0.7928345388788427,0.08966244725738397,0.05228551336146273,0.8481012658227848,0.31645569620253167,0.16455696202531644
-494.509896,158,19048.116875,40.0,0.7544303797468354,0.09388185654008438,0.05177315651999197,0.810126582278481,0.31645569620253167,0.12658227848101267
-514.606017,158,19051.299297,36.0,0.7790687160940325,0.0759493670886076,0.042364878440827806,0.8227848101265823,0.34177215189873417,0.16455696202531644
-514.443208,158,19054.31255,32.0,0.7974683544303798,0.06329113924050633,0.0379746835443038,0.810126582278481,0.37341772151898733,0.18354430379746836
-516.170788,158,19057.372386,16.0,0.9018987341772152,0.06645569620253164,0.03481012658227848,0.8291139240506329,0.31645569620253167,0.14556962025316456
-520.287365,158,19060.445736,25.0,0.8465189873417721,0.07172995780590717,0.053496081977094635,0.8037974683544303,0.310126582278481,0.11392405063291139
-508.542526,158,19063.489554,36.0,0.7890295358649788,0.08649789029535865,0.05632911392405062,0.7974683544303798,0.34810126582278483,0.14556962025316456
-503.723747,158,19066.519539,39.0,0.7584388185654009,0.07172995780590717,0.059493670886075954,0.7974683544303798,0.379746835443038,0.17721518987341772
-489.926734,158,19069.593655,41.0,0.7436708860759493,0.06962025316455696,0.035864978902953586,0.7974683544303798,0.3924050632911392,0.189873417721519
-514.28276,158,19072.631212,27.0,0.8382911392405062,0.08016877637130801,0.0510548523206751,0.810126582278481,0.34810126582278483,0.15822784810126583
-541.299978,158,19075.638275,30.0,0.8169831223628691,0.08122362869198312,0.04505726341169379,0.7974683544303798,0.31645569620253167,0.11392405063291139
-564.449765,158,19078.718724,33.0,0.8051160337552742,0.0970464135021097,0.07521097046413502,0.7911392405063291,0.310126582278481,0.10126582278481013
-556.273423,158,19081.784476,41.0,0.7530213984327908,0.10232067510548522,0.0746383363471971,0.7974683544303798,0.25949367088607594,0.056962025316455694
-570.735088,158,19084.831692,42.0,0.7444243520192887,0.08544303797468354,0.06758087201125175,0.7848101265822784,0.25949367088607594,0.04430379746835443
-572.071296,158,19087.880903,43.0,0.735126582278481,0.07383966244725738,0.04593128390596745,0.8354430379746836,0.26582278481012656,0.10126582278481013
-562.076935,158,19090.947837,34.0,0.7985232067510548,0.08122362869198312,0.06518987341772152,0.7848101265822784,0.2468354430379747,0.03164556962025317
-591.368723,158,19094.001479,16.0,0.9047995780590716,0.0780590717299578,0.07039381153305203,0.7848101265822784,0.25949367088607594,0.04430379746835443
-561.261335,158,19097.058645,18.0,0.8892405063291139,0.06962025316455696,0.06751054852320675,0.7784810126582279,0.25949367088607594,0.0379746835443038
-551.630797,158,19100.171994,24.0,0.8636075949367088,0.09388185654008438,0.08206751054852321,0.7911392405063291,0.25316455696202533,0.04430379746835443
-525.229801,158,19103.34686,36.0,0.7832429174201325,0.09177215189873418,0.04738798472975688,0.7911392405063291,0.26582278481012656,0.056962025316455694
-503.399925,158,19106.497578,41.0,0.7420886075949367,0.06645569620253164,0.03375527426160337,0.7974683544303798,0.25949367088607594,0.056962025316455694
-491.770312,158,19109.586437,38.0,0.7610759493670886,0.06645569620253164,0.05274261603375527,0.7911392405063291,0.25949367088607594,0.05063291139240506
-532.162902,158,19112.640413,32.0,0.8006329113924051,0.06645569620253164,0.06645569620253164,0.7784810126582279,0.2721518987341772,0.05063291139240506
-527.568809,158,19115.703743,29.0,0.8222573839662447,0.0759493670886076,0.07120253164556962,0.7911392405063291,0.2721518987341772,0.06329113924050633
-392.432233,158,19118.939552,85.0,0.4620253164556962,0.06329113924050633,0.04430379746835443,0.7911392405063291,0.27848101265822783,0.06962025316455696
-505.851642,158,19122.082729,45.0,0.7194092827004219,0.06962025316455696,0.02390998593530239,0.7974683544303798,0.2721518987341772,0.06962025316455696
-524.43056,158,19125.268558,42.0,0.7445750452079566,0.08227848101265822,0.03800482218203738,0.8227848101265823,0.25949367088607594,0.08227848101265822
-547.805908,158,19128.381096,27.0,0.8303797468354429,0.06645569620253164,0.039783001808318265,0.8227848101265823,0.25316455696202533,0.0759493670886076
-527.842536,158,19131.455499,32.0,0.8052742616033756,0.08016877637130801,0.041787221217600964,0.8164556962025317,0.25949367088607594,0.0759493670886076
-477.492828,158,19134.605398,31.0,0.8037974683544303,0.06329113924050633,0.03164556962025317,0.7848101265822784,0.3037974683544304,0.08860759493670886
-489.835928,158,19137.683524,38.0,0.7633614627285513,0.07278481012658228,0.04018028385116993,0.7721518987341772,0.31645569620253167,0.08860759493670886
-543.605046,158,19140.736687,32.0,0.8035337552742616,0.0759493670886076,0.038748241912798874,0.7911392405063291,0.310126582278481,0.10126582278481013
-566.039523,158,19143.822682,33.0,0.7971518987341772,0.0759493670886076,0.03345388788426763,0.810126582278481,0.27848101265822783,0.08860759493670886
-546.410183,158,19146.927566,34.0,0.7848101265822784,0.06329113924050633,0.0379746835443038,0.8734177215189873,0.25316455696202533,0.12658227848101267
-499.262656,158,19149.952744,33.0,0.7911392405063291,0.06329113924050633,0.0379746835443038,0.8607594936708861,0.25949367088607594,0.12025316455696203
-530.579743,158,19152.963338,26.0,0.8375527426160339,0.06962025316455696,0.04113924050632911,0.8037974683544303,0.2974683544303797,0.10126582278481013
-511.555141,158,19156.029031,37.0,0.7742616033755274,0.08649789029535865,0.0732569821177416,0.7911392405063291,0.36075949367088606,0.1518987341772152
-484.707975,158,19159.10307,42.0,0.7435654008438819,0.08438818565400844,0.04948764315852923,0.7911392405063291,0.3291139240506329,0.12025316455696203
-472.824521,158,19162.222612,29.0,0.8256856540084387,0.08122362869198312,0.07447257383966244,0.7911392405063291,0.31645569620253167,0.10759493670886076
-468.206707,158,19165.288275,20.0,0.8798774362065502,0.08333333333333333,0.07257931941476245,0.7784810126582279,0.35443037974683544,0.13291139240506328
-530.245785,158,19168.342608,20.0,0.8800632911392405,0.07911392405063292,0.06931886678722123,0.7974683544303798,0.35443037974683544,0.1518987341772152
-499.781927,158,19171.356894,11.0,0.9342475386779184,0.06962025316455696,0.06760644418872266,0.8354430379746836,0.310126582278481,0.14556962025316456
-518.273661,158,19174.38436,17.0,0.8966244725738398,0.07278481012658228,0.059915611814345994,0.8291139240506329,0.310126582278481,0.13924050632911392
-481.15911,158,19177.433024,34.0,0.7869198312236286,0.06962025316455696,0.04113924050632911,0.8354430379746836,0.33544303797468356,0.17088607594936708
-515.191059,158,19180.470855,33.0,0.8011603375527426,0.08227848101265822,0.057383966244725734,0.8291139240506329,0.3037974683544304,0.13291139240506328
-523.435288,158,19183.552524,47.0,0.7122362869198312,0.08544303797468354,0.044122965641952984,0.8544303797468354,0.2848101265822785,0.13924050632911392
-523.783066,158,19186.617959,32.0,0.8026371308016877,0.07911392405063292,0.051913803496081976,0.8227848101265823,0.2911392405063291,0.11392405063291139
-515.662855,158,19189.703561,26.0,0.8540787623066105,0.10126582278481013,0.08733218258534714,0.7974683544303798,0.3037974683544304,0.10126582278481013
-485.984086,158,19192.786226,43.0,0.7375527426160338,0.07911392405063292,0.07112718505123568,0.7784810126582279,0.3670886075949367,0.14556962025316456
-499.200771,158,19195.869766,52.0,0.6919831223628692,0.10021097046413502,0.09136528028933091,0.7721518987341772,0.3860759493670886,0.15822784810126583
-492.789329,158,19198.880656,21.0,0.8746835443037974,0.07911392405063292,0.07332730560578661,0.7784810126582279,0.5,0.27848101265822783
-560.522965,158,19201.90313,19.0,0.879746835443038,0.06329113924050633,0.05063291139240506,0.7848101265822784,0.47468354430379744,0.25949367088607594
-514.172344,158,19204.93763,29.0,0.8259493670886076,0.07911392405063292,0.06213080168776371,0.8417721518987342,0.34810126582278483,0.189873417721519
-516.673163,158,19207.980482,47.0,0.7066455696202532,0.07489451476793248,0.060352622061482813,0.8481012658227848,0.26582278481012656,0.11392405063291139
-530.012552,158,19211.269174,61.0,0.6217299578059072,0.07700421940928269,0.05394816154309824,0.8670886075949367,0.2721518987341772,0.13924050632911392
-510.16099,158,19214.355629,72.0,0.5560126582278481,0.08966244725738397,0.05871006630500301,0.8607594936708861,0.2721518987341772,0.13291139240506328
-520.161385,158,19217.471615,33.0,0.7958860759493671,0.06856540084388185,0.04894514767932489,0.8227848101265823,0.2911392405063291,0.11392405063291139
-516.114357,158,19220.527024,31.0,0.809071729957806,0.0759493670886076,0.05559071729957806,0.8164556962025317,0.3670886075949367,0.18354430379746836
-509.505999,158,19223.627399,24.0,0.8544303797468354,0.0759493670886076,0.052531645569620256,0.7848101265822784,0.3860759493670886,0.17088607594936708
-500.524688,158,19226.748433,47.0,0.7067510548523206,0.06856540084388185,0.048945147679324896,0.7848101265822784,0.36075949367088606,0.14556962025316456
-513.041579,158,19229.801291,22.0,0.8644514767932489,0.06751054852320675,0.0482218203737191,0.8164556962025317,0.31645569620253167,0.13291139240506328
-505.415872,158,19232.857296,35.0,0.7894514767932489,0.08860759493670886,0.07185051235684148,0.8291139240506329,0.2468354430379747,0.0759493670886076
-526.072609,158,19235.926511,53.0,0.6852496483825598,0.0970464135021097,0.0538933640199463,0.8291139240506329,0.2721518987341772,0.10126582278481013
-466.266942,158,19238.98664,40.0,0.7589662447257385,0.07964135021097046,0.06379344986939924,0.8417721518987342,0.31645569620253167,0.15822784810126583
-530.095202,158,19242.09986,40.0,0.7575949367088608,0.07383966244725738,0.054746835443037975,0.8354430379746836,0.26582278481012656,0.10126582278481013
-526.481876,158,19245.167489,57.0,0.6527953586497891,0.08860759493670886,0.02670283303194695,0.8037974683544303,0.26582278481012656,0.06962025316455696
-526.571096,158,19248.236389,53.0,0.675,0.08227848101265822,0.03842676311030741,0.8291139240506329,0.2721518987341772,0.10126582278481013
-554.443694,158,19251.265872,55.0,0.6616033755274261,0.08016877637130801,0.030816757082579863,0.8164556962025317,0.2911392405063291,0.10759493670886076
-517.536897,158,19254.35655,42.0,0.7375527426160338,0.07172995780590717,0.0209915611814346,0.7721518987341772,0.46835443037974683,0.24050632911392406
-465.447531,158,19257.445145,41.0,0.7426160337552742,0.06962025316455696,0.015822784810126583,0.7911392405063291,0.5379746835443038,0.3291139240506329
-488.179478,158,19260.479076,46.0,0.7229053646775165,0.08966244725738395,0.028260452627541233,0.7848101265822784,0.45569620253164556,0.24050632911392406
-432.233574,158,19263.535597,72.0,0.570675105485232,0.10337552742616032,0.04900542495479204,0.8164556962025317,0.2911392405063291,0.10759493670886076
-499.784492,158,19266.578276,58.0,0.6559774964838256,0.0991561181434599,0.06382404515315908,0.8607594936708861,0.26582278481012656,0.12658227848101267
-495.301497,158,19269.789135,48.0,0.7020042194092826,0.07067510548523206,0.05075346594333936,0.8291139240506329,0.2721518987341772,0.10126582278481013
-532.374626,158,19272.924948,18.0,0.8892405063291139,0.06540084388185653,0.053164556962025315,0.7974683544303798,0.3037974683544304,0.10126582278481013
-434.954963,158,19276.0889,26.0,0.844409282700422,0.0759493670886076,0.03556359252561784,0.7848101265822784,0.37341772151898733,0.15822784810126583
-512.612912,158,19279.184044,42.0,0.7420886075949367,0.08333333333333333,0.022784810126582275,0.7848101265822784,0.3227848101265823,0.10759493670886076
-519.420157,158,19282.323046,52.0,0.6880329059126528,0.1160337552742616,0.04083328766873071,0.8544303797468354,0.25949367088607594,0.11392405063291139
-491.143875,158,19285.450276,47.0,0.7102923447860157,0.08333333333333333,0.02993771348201728,0.879746835443038,0.25316455696202533,0.13291139240506328
-523.193476,158,19288.547701,51.0,0.6869198312236287,0.08860759493670886,0.02935503315250151,0.8670886075949367,0.2721518987341772,0.13924050632911392
-558.43802,158,19291.634044,35.0,0.7841772151898735,0.0759493670886076,0.033152501506931886,0.8481012658227848,0.2911392405063291,0.13924050632911392
-514.208416,158,19294.746722,36.0,0.783499095840868,0.08122362869198312,0.04488145469158128,0.8037974683544303,0.3670886075949367,0.17088607594936708
-513.221793,158,19297.828108,34.0,0.8020795660036165,0.10548523206751054,0.05919228450874021,0.7974683544303798,0.4177215189873418,0.21518987341772153
-541.046341,158,19300.954838,39.0,0.7742163954189271,0.10284810126582279,0.06290481670228507,0.8354430379746836,0.31645569620253167,0.1518987341772152
-532.402062,158,19304.094568,57.0,0.6560377737592927,0.09651898734177214,0.04056751968144374,0.8354430379746836,0.2911392405063291,0.12658227848101267
-528.943727,158,19307.21723,60.0,0.6579264617239301,0.1281645569620253,0.06593831625477195,0.8607594936708861,0.2911392405063291,0.1518987341772152
-487.975199,158,19310.341758,65.0,0.6126582278481013,0.11708860759493671,0.03593027928470967,0.8481012658227848,0.26582278481012656,0.11392405063291139
-496.379776,158,19313.47137,52.0,0.6928948161543098,0.11075949367088607,0.0283001808318264,0.8291139240506329,0.27848101265822783,0.10759493670886076
-514.753806,158,19316.544718,46.0,0.7262206148282098,0.10232067510548522,0.03398131404460518,0.810126582278481,0.2911392405063291,0.10126582278481013
-518.043803,158,19319.7529,45.0,0.7321729957805907,0.08122362869198312,0.022814948764315855,0.7721518987341772,0.310126582278481,0.08227848101265822
-497.511334,158,19322.842121,40.0,0.7560126582278481,0.0759493670886076,0.022724532851115132,0.7721518987341772,0.3987341772151899,0.17088607594936708
-513.587933,158,19325.86518,32.0,0.8003164556962026,0.06962025316455696,0.029234478601567207,0.7721518987341772,0.45569620253164556,0.22784810126582278
-532.946517,158,19328.896782,19.0,0.8859252561784208,0.07172995780590717,0.044444444444444446,0.7721518987341772,0.4240506329113924,0.1962025316455696
-505.721716,158,19331.966244,37.0,0.7731012658227848,0.0759493670886076,0.028028933092224234,0.7784810126582279,0.3670886075949367,0.14556962025316456
-528.471841,158,19335.013348,31.0,0.8193640747438216,0.09229957805907173,0.06983670338100718,0.7911392405063291,0.3037974683544304,0.0949367088607595
-554.470065,158,19338.059591,35.0,0.7829113924050634,0.07383966244725738,0.06562688366485835,0.8037974683544303,0.3037974683544304,0.10759493670886076
-538.878985,158,19341.121117,38.0,0.7806610407876231,0.10126582278481013,0.08296710322026776,0.7721518987341772,0.4177215189873418,0.189873417721519
-500.025922,158,19344.229001,50.0,0.6996910789632308,0.0949367088607595,0.03875828812537674,0.7658227848101266,0.4873417721518987,0.25316455696202533
-439.420258,158,19347.310204,52.0,0.6896097046413503,0.09546413502109703,0.04700874020494274,0.8164556962025317,0.2848101265822785,0.10126582278481013
-392.718863,158,19350.39456,56.0,0.6744273658830621,0.11339662447257383,0.07255374723729154,0.8924050632911392,0.2468354430379747,0.13924050632911392
-432.254003,158,19353.54046,67.0,0.6026170383765321,0.12025316455696203,0.04710669077757686,0.8924050632911392,0.24050632911392406,0.13291139240506328
-490.773251,158,19356.630902,66.0,0.61041289933695,0.11023206751054851,0.04013353032340374,0.8734177215189873,0.25949367088607594,0.13291139240506328
-493.779308,158,19359.736754,59.0,0.638245931283906,0.08227848101265822,0.03305203938115331,0.810126582278481,0.34177215189873417,0.1518987341772152
-443.948104,158,19362.835166,73.0,0.5395117540687161,0.06856540084388185,0.008709293519420102,0.810126582278481,0.36075949367088606,0.17088607594936708
-438.232887,158,19365.982526,71.0,0.5870906168374523,0.1281645569620253,0.06070848982241386,0.810126582278481,0.36075949367088606,0.17088607594936708
-539.562862,158,19369.091843,43.0,0.7417721518987341,0.09282700421940927,0.042405063291139244,0.8481012658227848,0.27848101265822783,0.12658227848101267
-503.824516,158,19372.211653,40.0,0.7630424954792043,0.0981012658227848,0.03338904414853782,0.8481012658227848,0.2721518987341772,0.12025316455696203
-519.334448,158,19375.312594,60.0,0.6491109101868595,0.10232067510548522,0.05710267229254571,0.8481012658227848,0.2848101265822785,0.13291139240506328
